Degree,HSV_Hue Mean,HSV_Hue Std,Hue Std,B Mean,A Mean,Contrast,Homogeneity,Y Std,A Std
1,0.23,0.36,0.19,0.56,0.7,0.13,0.71,0.22,0.17
1,0.23,0.36,0.19,0.56,0.7,0.13,0.71,0.22,0.17
1,0.23,0.36,0.19,0.56,0.7,0.13,0.71,0.22,0.17
1,0.23,0.36,0.19,0.56,0.7,0.13,0.71,0.22,0.17
1,0.23,0.36,0.19,0.56,0.7,0.13,0.71,0.22,0.17
1,0.23,0.36,0.19,0.56,0.7,0.13,0.71,0.22,0.17
1,0.23,0.36,0.19,0.56,0.7,0.13,0.71,0.22,0.17
1,0.23,0.36,0.19,0.56,0.7,0.13,0.71,0.22,0.17
1,0.23,0.36,0.19,0.56,0.7,0.13,0.71,0.22,0.17
1,0.23,0.36,0.19,0.56,0.7,0.13,0.71,0.22,0.17
1,0.23,0.36,0.19,0.56,0.7,0.13,0.71,0.22,0.17
1,0.23,0.36,0.19,0.56,0.7,0.13,0.71,0.22,0.17
1,0.85,0.34,0.13,0.38,0.62,0.05,0.76,0.23,0.08
1,0.85,0.34,0.13,0.38,0.62,0.05,0.76,0.23,0.08
1,0.85,0.34,0.13,0.38,0.62,0.05,0.76,0.23,0.08
1,0.85,0.34,0.13,0.38,0.62,0.05,0.76,0.23,0.08
1,0.85,0.34,0.13,0.38,0.62,0.05,0.76,0.23,0.08
1,0.85,0.34,0.13,0.38,0.62,0.05,0.76,0.23,0.08
1,0.85,0.34,0.13,0.38,0.62,0.05,0.76,0.23,0.08
1,0.85,0.34,0.13,0.38,0.62,0.05,0.76,0.23,0.08
1,0.85,0.34,0.13,0.38,0.62,0.05,0.76,0.23,0.08
1,0.85,0.34,0.13,0.38,0.62,0.05,0.76,0.23,0.08
1,0.85,0.34,0.13,0.38,0.62,0.05,0.76,0.23,0.08
1,0.85,0.34,0.13,0.38,0.62,0.05,0.76,0.23,0.08
1,0.26,0.43,0.16,0.52,0.74,0.05,0.71,0.33,0.1
1,0.26,0.43,0.16,0.52,0.74,0.05,0.71,0.33,0.1
1,0.26,0.43,0.16,0.52,0.74,0.05,0.71,0.33,0.1
1,0.26,0.43,0.16,0.52,0.74,0.05,0.71,0.33,0.1
1,0.26,0.43,0.16,0.52,0.74,0.05,0.71,0.33,0.1
1,0.26,0.43,0.16,0.52,0.74,0.05,0.71,0.33,0.1
1,0.26,0.43,0.16,0.52,0.74,0.05,0.71,0.33,0.1
1,0.26,0.43,0.16,0.52,0.74,0.05,0.71,0.33,0.1
1,0.26,0.43,0.16,0.52,0.74,0.05,0.71,0.33,0.1
1,0.26,0.43,0.16,0.52,0.74,0.05,0.71,0.33,0.1
1,0.26,0.43,0.16,0.52,0.74,0.05,0.71,0.33,0.1
1,0.26,0.43,0.16,0.52,0.74,0.05,0.71,0.33,0.1
1,0.04,0.06,0.09,0.61,0.66,0.21,0.65,0.28,0.17
1,0.04,0.06,0.09,0.61,0.66,0.21,0.65,0.28,0.17
1,0.04,0.06,0.09,0.61,0.66,0.21,0.65,0.28,0.17
1,0.04,0.06,0.09,0.61,0.66,0.21,0.65,0.28,0.17
1,0.04,0.06,0.09,0.61,0.66,0.21,0.65,0.28,0.17
1,0.04,0.06,0.09,0.61,0.66,0.21,0.65,0.28,0.17
1,0.04,0.06,0.09,0.61,0.66,0.21,0.65,0.28,0.17
1,0.04,0.06,0.09,0.61,0.66,0.21,0.65,0.28,0.17
1,0.04,0.06,0.09,0.61,0.66,0.21,0.65,0.28,0.17
1,0.04,0.06,0.09,0.61,0.66,0.21,0.65,0.28,0.17
1,0.04,0.06,0.09,0.61,0.66,0.21,0.65,0.28,0.17
1,0.04,0.06,0.09,0.61,0.66,0.21,0.65,0.28,0.17
1,0.12,0.3,0.18,0.59,0.64,0.05,0.55,0.23,0.11
1,0.12,0.3,0.18,0.59,0.64,0.05,0.55,0.23,0.11
1,0.12,0.3,0.18,0.59,0.64,0.05,0.55,0.23,0.11
1,0.12,0.3,0.18,0.59,0.64,0.05,0.55,0.23,0.11
1,0.12,0.3,0.18,0.59,0.64,0.05,0.55,0.23,0.11
1,0.12,0.3,0.18,0.59,0.64,0.05,0.55,0.23,0.11
1,0.12,0.3,0.18,0.59,0.64,0.05,0.55,0.23,0.11
1,0.12,0.3,0.18,0.59,0.64,0.05,0.55,0.23,0.11
1,0.12,0.3,0.18,0.59,0.64,0.05,0.55,0.23,0.11
1,0.12,0.3,0.18,0.59,0.64,0.05,0.55,0.23,0.11
1,0.12,0.3,0.18,0.59,0.64,0.05,0.55,0.23,0.11
1,0.12,0.3,0.18,0.59,0.64,0.05,0.55,0.23,0.11
1,0.06,0.05,0.23,0.47,0.67,0.17,0.32,0.18,0.14
1,0.06,0.05,0.23,0.47,0.67,0.17,0.32,0.18,0.14
1,0.06,0.05,0.23,0.47,0.67,0.17,0.32,0.18,0.14
1,0.06,0.05,0.23,0.47,0.67,0.17,0.32,0.18,0.14
1,0.06,0.05,0.23,0.47,0.67,0.17,0.32,0.18,0.14
1,0.06,0.05,0.23,0.47,0.67,0.17,0.32,0.18,0.14
1,0.06,0.05,0.23,0.47,0.67,0.17,0.32,0.18,0.14
1,0.06,0.05,0.23,0.47,0.67,0.17,0.32,0.18,0.14
1,0.06,0.05,0.23,0.47,0.67,0.17,0.32,0.18,0.14
1,0.06,0.05,0.23,0.47,0.67,0.17,0.32,0.18,0.14
1,0.06,0.05,0.23,0.47,0.67,0.17,0.32,0.18,0.14
1,0.06,0.05,0.23,0.47,0.67,0.17,0.32,0.18,0.14
1,0.03,0.01,0.14,0.4,0.47,0.06,0.64,0.32,0.19
1,0.03,0.01,0.14,0.4,0.47,0.06,0.64,0.32,0.19
1,0.03,0.01,0.14,0.4,0.47,0.06,0.64,0.32,0.19
1,0.03,0.01,0.14,0.4,0.47,0.06,0.64,0.32,0.19
1,0.03,0.01,0.14,0.4,0.47,0.06,0.64,0.32,0.19
1,0.03,0.01,0.14,0.4,0.47,0.06,0.64,0.32,0.19
1,0.03,0.01,0.14,0.4,0.47,0.06,0.64,0.32,0.19
1,0.03,0.01,0.14,0.4,0.47,0.06,0.64,0.32,0.19
1,0.03,0.01,0.14,0.4,0.47,0.06,0.64,0.32,0.19
1,0.03,0.01,0.14,0.4,0.47,0.06,0.64,0.32,0.19
1,0.03,0.01,0.14,0.4,0.47,0.06,0.64,0.32,0.19
1,0.03,0.01,0.14,0.4,0.47,0.06,0.64,0.32,0.19
1,0.06,0.03,0.08,0.49,0.6,0.09,0.54,0.3,0.13
1,0.06,0.03,0.08,0.49,0.6,0.09,0.54,0.3,0.13
1,0.06,0.03,0.08,0.49,0.6,0.09,0.54,0.3,0.13
1,0.06,0.03,0.08,0.49,0.6,0.09,0.54,0.3,0.13
1,0.06,0.03,0.08,0.49,0.6,0.09,0.54,0.3,0.13
1,0.06,0.03,0.08,0.49,0.6,0.09,0.54,0.3,0.13
1,0.06,0.03,0.08,0.49,0.6,0.09,0.54,0.3,0.13
1,0.06,0.03,0.08,0.49,0.6,0.09,0.54,0.3,0.13
1,0.06,0.03,0.08,0.49,0.6,0.09,0.54,0.3,0.13
1,0.06,0.03,0.08,0.49,0.6,0.09,0.54,0.3,0.13
1,0.06,0.03,0.08,0.49,0.6,0.09,0.54,0.3,0.13
1,0.06,0.03,0.08,0.49,0.6,0.09,0.54,0.3,0.13
1,0.05,0.15,0.1,0.63,0.77,0.11,0.64,0.31,0.11
1,0.05,0.15,0.1,0.63,0.77,0.11,0.64,0.31,0.11
1,0.05,0.15,0.1,0.63,0.77,0.11,0.64,0.31,0.11
1,0.05,0.15,0.1,0.63,0.77,0.11,0.64,0.31,0.11
1,0.05,0.15,0.1,0.63,0.77,0.11,0.64,0.31,0.11
1,0.05,0.15,0.1,0.63,0.77,0.11,0.64,0.31,0.11
1,0.05,0.15,0.1,0.63,0.77,0.11,0.64,0.31,0.11
1,0.05,0.15,0.1,0.63,0.77,0.11,0.64,0.31,0.11
1,0.05,0.15,0.1,0.63,0.77,0.11,0.64,0.31,0.11
1,0.05,0.15,0.1,0.63,0.77,0.11,0.64,0.31,0.11
1,0.05,0.15,0.1,0.63,0.77,0.11,0.64,0.31,0.11
1,0.05,0.15,0.1,0.63,0.77,0.11,0.64,0.31,0.11
1,0.5,0.18,0.19,0.41,0.43,0.04,0.59,0.3,0.24
1,0.5,0.18,0.19,0.41,0.43,0.04,0.59,0.3,0.24
1,0.5,0.18,0.19,0.41,0.43,0.04,0.59,0.3,0.24
1,0.5,0.18,0.19,0.41,0.43,0.04,0.59,0.3,0.24
1,0.5,0.18,0.19,0.41,0.43,0.04,0.59,0.3,0.24
1,0.5,0.18,0.19,0.41,0.43,0.04,0.59,0.3,0.24
1,0.5,0.18,0.19,0.41,0.43,0.04,0.59,0.3,0.24
1,0.5,0.18,0.19,0.41,0.43,0.04,0.59,0.3,0.24
1,0.5,0.18,0.19,0.41,0.43,0.04,0.59,0.3,0.24
1,0.5,0.18,0.19,0.41,0.43,0.04,0.59,0.3,0.24
1,0.5,0.18,0.19,0.41,0.43,0.04,0.59,0.3,0.24
1,0.5,0.18,0.19,0.41,0.43,0.04,0.59,0.3,0.24
1,0.52,0.45,0.21,0.46,0.6,0.11,0.86,0.27,0.2
1,0.52,0.45,0.21,0.46,0.6,0.11,0.86,0.27,0.2
1,0.52,0.45,0.21,0.46,0.6,0.11,0.86,0.27,0.2
1,0.52,0.45,0.21,0.46,0.6,0.11,0.86,0.27,0.2
1,0.52,0.45,0.21,0.46,0.6,0.11,0.86,0.27,0.2
1,0.52,0.45,0.21,0.46,0.6,0.11,0.86,0.27,0.2
1,0.52,0.45,0.21,0.46,0.6,0.11,0.86,0.27,0.2
1,0.52,0.45,0.21,0.46,0.6,0.11,0.86,0.27,0.2
1,0.52,0.45,0.21,0.46,0.6,0.11,0.86,0.27,0.2
1,0.52,0.45,0.21,0.46,0.6,0.11,0.86,0.27,0.2
1,0.52,0.45,0.21,0.46,0.6,0.11,0.86,0.27,0.2
1,0.52,0.45,0.21,0.46,0.6,0.11,0.86,0.27,0.2
1,0.81,0.36,0.1,0.33,0.57,0.16,0.65,0.25,0.15
1,0.81,0.36,0.1,0.33,0.57,0.16,0.65,0.25,0.15
1,0.81,0.36,0.1,0.33,0.57,0.16,0.65,0.25,0.15
1,0.81,0.36,0.1,0.33,0.57,0.16,0.65,0.25,0.15
1,0.81,0.36,0.1,0.33,0.57,0.16,0.65,0.25,0.15
1,0.81,0.36,0.1,0.33,0.57,0.16,0.65,0.25,0.15
1,0.81,0.36,0.1,0.33,0.57,0.16,0.65,0.25,0.15
1,0.81,0.36,0.1,0.33,0.57,0.16,0.65,0.25,0.15
1,0.81,0.36,0.1,0.33,0.57,0.16,0.65,0.25,0.15
1,0.81,0.36,0.1,0.33,0.57,0.16,0.65,0.25,0.15
1,0.81,0.36,0.1,0.33,0.57,0.16,0.65,0.25,0.15
1,0.81,0.36,0.1,0.33,0.57,0.16,0.65,0.25,0.15
1,0.05,0.04,0.12,0.25,0.3,0.99,0.64,0.38,0.12
1,0.05,0.04,0.12,0.25,0.3,0.99,0.64,0.38,0.12
1,0.05,0.04,0.12,0.25,0.3,0.99,0.64,0.38,0.12
1,0.05,0.04,0.12,0.25,0.3,0.99,0.64,0.38,0.12
1,0.05,0.04,0.12,0.25,0.3,0.99,0.64,0.38,0.12
1,0.05,0.04,0.12,0.25,0.3,0.99,0.64,0.38,0.12
1,0.05,0.04,0.12,0.25,0.3,0.99,0.64,0.38,0.12
1,0.05,0.04,0.12,0.25,0.3,0.99,0.64,0.38,0.12
1,0.05,0.04,0.12,0.25,0.3,0.99,0.64,0.38,0.12
1,0.05,0.04,0.12,0.25,0.3,0.99,0.64,0.38,0.12
1,0.05,0.04,0.12,0.25,0.3,0.99,0.64,0.38,0.12
1,0.05,0.04,0.12,0.25,0.3,0.99,0.64,0.38,0.12
1,0.62,0.46,0.18,0.56,0.68,0.18,0.41,0.24,0.19
1,0.62,0.46,0.18,0.56,0.68,0.18,0.41,0.24,0.19
1,0.62,0.46,0.18,0.56,0.68,0.18,0.41,0.24,0.19
1,0.62,0.46,0.18,0.56,0.68,0.18,0.41,0.24,0.19
1,0.62,0.46,0.18,0.56,0.68,0.18,0.41,0.24,0.19
1,0.62,0.46,0.18,0.56,0.68,0.18,0.41,0.24,0.19
1,0.62,0.46,0.18,0.56,0.68,0.18,0.41,0.24,0.19
1,0.62,0.46,0.18,0.56,0.68,0.18,0.41,0.24,0.19
1,0.62,0.46,0.18,0.56,0.68,0.18,0.41,0.24,0.19
1,0.62,0.46,0.18,0.56,0.68,0.18,0.41,0.24,0.19
1,0.62,0.46,0.18,0.56,0.68,0.18,0.41,0.24,0.19
1,0.62,0.46,0.18,0.56,0.68,0.18,0.41,0.24,0.19
1,0.59,0.48,0.2,0.38,0.53,0.06,0.71,0.29,0.21
1,0.59,0.48,0.2,0.38,0.53,0.06,0.71,0.29,0.21
1,0.59,0.48,0.2,0.38,0.53,0.06,0.71,0.29,0.21
1,0.59,0.48,0.2,0.38,0.53,0.06,0.71,0.29,0.21
1,0.59,0.48,0.2,0.38,0.53,0.06,0.71,0.29,0.21
1,0.59,0.48,0.2,0.38,0.53,0.06,0.71,0.29,0.21
1,0.59,0.48,0.2,0.38,0.53,0.06,0.71,0.29,0.21
1,0.59,0.48,0.2,0.38,0.53,0.06,0.71,0.29,0.21
1,0.59,0.48,0.2,0.38,0.53,0.06,0.71,0.29,0.21
1,0.59,0.48,0.2,0.38,0.53,0.06,0.71,0.29,0.21
1,0.59,0.48,0.2,0.38,0.53,0.06,0.71,0.29,0.21
1,0.59,0.48,0.2,0.38,0.53,0.06,0.71,0.29,0.21
1,0.05,0.19,0.13,0.29,0.26,0.04,0.86,0.16,0.16
1,0.05,0.19,0.13,0.29,0.26,0.04,0.86,0.16,0.16
1,0.05,0.19,0.13,0.29,0.26,0.04,0.86,0.16,0.16
1,0.05,0.19,0.13,0.29,0.26,0.04,0.86,0.16,0.16
1,0.05,0.19,0.13,0.29,0.26,0.04,0.86,0.16,0.16
1,0.05,0.19,0.13,0.29,0.26,0.04,0.86,0.16,0.16
1,0.05,0.19,0.13,0.29,0.26,0.04,0.86,0.16,0.16
1,0.05,0.19,0.13,0.29,0.26,0.04,0.86,0.16,0.16
1,0.05,0.19,0.13,0.29,0.26,0.04,0.86,0.16,0.16
1,0.05,0.19,0.13,0.29,0.26,0.04,0.86,0.16,0.16
1,0.05,0.19,0.13,0.29,0.26,0.04,0.86,0.16,0.16
1,0.05,0.19,0.13,0.29,0.26,0.04,0.86,0.16,0.16
1,0.66,0.14,0.16,0.4,0.39,0.15,0.6,0.36,0.18
1,0.66,0.14,0.16,0.4,0.39,0.15,0.6,0.36,0.18
1,0.66,0.14,0.16,0.4,0.39,0.15,0.6,0.36,0.18
1,0.66,0.14,0.16,0.4,0.39,0.15,0.6,0.36,0.18
1,0.66,0.14,0.16,0.4,0.39,0.15,0.6,0.36,0.18
1,0.66,0.14,0.16,0.4,0.39,0.15,0.6,0.36,0.18
1,0.66,0.14,0.16,0.4,0.39,0.15,0.6,0.36,0.18
1,0.66,0.14,0.16,0.4,0.39,0.15,0.6,0.36,0.18
1,0.66,0.14,0.16,0.4,0.39,0.15,0.6,0.36,0.18
1,0.66,0.14,0.16,0.4,0.39,0.15,0.6,0.36,0.18
1,0.66,0.14,0.16,0.4,0.39,0.15,0.6,0.36,0.18
1,0.66,0.14,0.16,0.4,0.39,0.15,0.6,0.36,0.18
1,0.05,0.18,0.09,0.42,0.6,0.04,0.85,0.17,0.09
1,0.05,0.18,0.09,0.42,0.6,0.04,0.85,0.17,0.09
1,0.05,0.18,0.09,0.42,0.6,0.04,0.85,0.17,0.09
1,0.05,0.18,0.09,0.42,0.6,0.04,0.85,0.17,0.09
1,0.05,0.18,0.09,0.42,0.6,0.04,0.85,0.17,0.09
1,0.05,0.18,0.09,0.42,0.6,0.04,0.85,0.17,0.09
1,0.05,0.18,0.09,0.42,0.6,0.04,0.85,0.17,0.09
1,0.05,0.18,0.09,0.42,0.6,0.04,0.85,0.17,0.09
1,0.05,0.18,0.09,0.42,0.6,0.04,0.85,0.17,0.09
1,0.05,0.18,0.09,0.42,0.6,0.04,0.85,0.17,0.09
1,0.05,0.18,0.09,0.42,0.6,0.04,0.85,0.17,0.09
1,0.05,0.18,0.09,0.42,0.6,0.04,0.85,0.17,0.09
1,0.02,0.01,0.11,0.46,0.42,0.05,0.71,0.31,0.19
1,0.02,0.01,0.11,0.46,0.42,0.05,0.71,0.31,0.19
1,0.02,0.01,0.11,0.46,0.42,0.05,0.71,0.31,0.19
1,0.02,0.01,0.11,0.46,0.42,0.05,0.71,0.31,0.19
1,0.02,0.01,0.11,0.46,0.42,0.05,0.71,0.31,0.19
1,0.02,0.01,0.11,0.46,0.42,0.05,0.71,0.31,0.19
1,0.02,0.01,0.11,0.46,0.42,0.05,0.71,0.31,0.19
1,0.02,0.01,0.11,0.46,0.42,0.05,0.71,0.31,0.19
1,0.02,0.01,0.11,0.46,0.42,0.05,0.71,0.31,0.19
1,0.02,0.01,0.11,0.46,0.42,0.05,0.71,0.31,0.19
1,0.02,0.01,0.11,0.46,0.42,0.05,0.71,0.31,0.19
1,0.02,0.01,0.11,0.46,0.42,0.05,0.71,0.31,0.19
1,0.05,0.01,0.08,0.69,0.58,0.09,0.53,0.32,0.08
1,0.05,0.01,0.08,0.69,0.58,0.09,0.53,0.32,0.08
1,0.05,0.01,0.08,0.69,0.58,0.09,0.53,0.32,0.08
1,0.05,0.01,0.08,0.69,0.58,0.09,0.53,0.32,0.08
1,0.05,0.01,0.08,0.69,0.58,0.09,0.53,0.32,0.08
1,0.05,0.01,0.08,0.69,0.58,0.09,0.53,0.32,0.08
1,0.05,0.01,0.08,0.69,0.58,0.09,0.53,0.32,0.08
1,0.05,0.01,0.08,0.69,0.58,0.09,0.53,0.32,0.08
1,0.05,0.01,0.08,0.69,0.58,0.09,0.53,0.32,0.08
1,0.05,0.01,0.08,0.69,0.58,0.09,0.53,0.32,0.08
1,0.05,0.01,0.08,0.69,0.58,0.09,0.53,0.32,0.08
1,0.05,0.01,0.08,0.69,0.58,0.09,0.53,0.32,0.08
1,0.02,0.01,0.09,0.5,0.48,0.14,0.5,0.39,0.15
1,0.02,0.01,0.09,0.5,0.48,0.14,0.5,0.39,0.15
1,0.02,0.01,0.09,0.5,0.48,0.14,0.5,0.39,0.15
1,0.02,0.01,0.09,0.5,0.48,0.14,0.5,0.39,0.15
1,0.02,0.01,0.09,0.5,0.48,0.14,0.5,0.39,0.15
1,0.02,0.01,0.09,0.5,0.48,0.14,0.5,0.39,0.15
1,0.02,0.01,0.09,0.5,0.48,0.14,0.5,0.39,0.15
1,0.02,0.01,0.09,0.5,0.48,0.14,0.5,0.39,0.15
1,0.02,0.01,0.09,0.5,0.48,0.14,0.5,0.39,0.15
1,0.02,0.01,0.09,0.5,0.48,0.14,0.5,0.39,0.15
1,0.02,0.01,0.09,0.5,0.48,0.14,0.5,0.39,0.15
1,0.02,0.01,0.09,0.5,0.48,0.14,0.5,0.39,0.15
1,0.93,0.2,0.16,0.29,0.55,0.08,0.63,0.27,0.19
1,0.93,0.2,0.16,0.29,0.55,0.08,0.63,0.27,0.19
1,0.93,0.2,0.16,0.29,0.55,0.08,0.63,0.27,0.19
1,0.93,0.2,0.16,0.29,0.55,0.08,0.63,0.27,0.19
1,0.93,0.2,0.16,0.29,0.55,0.08,0.63,0.27,0.19
1,0.93,0.2,0.16,0.29,0.55,0.08,0.63,0.27,0.19
1,0.93,0.2,0.16,0.29,0.55,0.08,0.63,0.27,0.19
1,0.93,0.2,0.16,0.29,0.55,0.08,0.63,0.27,0.19
1,0.93,0.2,0.16,0.29,0.55,0.08,0.63,0.27,0.19
1,0.93,0.2,0.16,0.29,0.55,0.08,0.63,0.27,0.19
1,0.93,0.2,0.16,0.29,0.55,0.08,0.63,0.27,0.19
1,0.93,0.2,0.16,0.29,0.55,0.08,0.63,0.27,0.19
1,0.66,0.47,0.12,0.72,0.82,0.06,0.46,0.28,0.07
1,0.66,0.47,0.12,0.72,0.82,0.06,0.46,0.28,0.07
1,0.66,0.47,0.12,0.72,0.82,0.06,0.46,0.28,0.07
1,0.66,0.47,0.12,0.72,0.82,0.06,0.46,0.28,0.07
1,0.66,0.47,0.12,0.72,0.82,0.06,0.46,0.28,0.07
1,0.66,0.47,0.12,0.72,0.82,0.06,0.46,0.28,0.07
1,0.66,0.47,0.12,0.72,0.82,0.06,0.46,0.28,0.07
1,0.66,0.47,0.12,0.72,0.82,0.06,0.46,0.28,0.07
1,0.66,0.47,0.12,0.72,0.82,0.06,0.46,0.28,0.07
1,0.66,0.47,0.12,0.72,0.82,0.06,0.46,0.28,0.07
1,0.66,0.47,0.12,0.72,0.82,0.06,0.46,0.28,0.07
1,0.66,0.47,0.12,0.72,0.82,0.06,0.46,0.28,0.07
1,0.16,0.31,0.17,0.48,0.52,0.25,0.79,0.19,0.19
1,0.16,0.31,0.17,0.48,0.52,0.25,0.79,0.19,0.19
1,0.16,0.31,0.17,0.48,0.52,0.25,0.79,0.19,0.19
1,0.16,0.31,0.17,0.48,0.52,0.25,0.79,0.19,0.19
1,0.16,0.31,0.17,0.48,0.52,0.25,0.79,0.19,0.19
1,0.16,0.31,0.17,0.48,0.52,0.25,0.79,0.19,0.19
1,0.16,0.31,0.17,0.48,0.52,0.25,0.79,0.19,0.19
1,0.16,0.31,0.17,0.48,0.52,0.25,0.79,0.19,0.19
1,0.16,0.31,0.17,0.48,0.52,0.25,0.79,0.19,0.19
1,0.16,0.31,0.17,0.48,0.52,0.25,0.79,0.19,0.19
1,0.16,0.31,0.17,0.48,0.52,0.25,0.79,0.19,0.19
1,0.16,0.31,0.17,0.48,0.52,0.25,0.79,0.19,0.19
1,0.03,0.03,0.11,0.54,0.62,0.05,0.84,0.26,0.13
1,0.03,0.03,0.11,0.54,0.62,0.05,0.84,0.26,0.13
1,0.03,0.03,0.11,0.54,0.62,0.05,0.84,0.26,0.13
1,0.03,0.03,0.11,0.54,0.62,0.05,0.84,0.26,0.13
1,0.03,0.03,0.11,0.54,0.62,0.05,0.84,0.26,0.13
1,0.03,0.03,0.11,0.54,0.62,0.05,0.84,0.26,0.13
1,0.03,0.03,0.11,0.54,0.62,0.05,0.84,0.26,0.13
1,0.03,0.03,0.11,0.54,0.62,0.05,0.84,0.26,0.13
1,0.03,0.03,0.11,0.54,0.62,0.05,0.84,0.26,0.13
1,0.03,0.03,0.11,0.54,0.62,0.05,0.84,0.26,0.13
1,0.03,0.03,0.11,0.54,0.62,0.05,0.84,0.26,0.13
1,0.03,0.03,0.11,0.54,0.62,0.05,0.84,0.26,0.13
1,0.03,0.03,0.16,0.62,0.64,0.07,0.75,0.28,0.15
1,0.03,0.03,0.16,0.62,0.64,0.07,0.75,0.28,0.15
1,0.03,0.03,0.16,0.62,0.64,0.07,0.75,0.28,0.15
1,0.03,0.03,0.16,0.62,0.64,0.07,0.75,0.28,0.15
1,0.03,0.03,0.16,0.62,0.64,0.07,0.75,0.28,0.15
1,0.03,0.03,0.16,0.62,0.64,0.07,0.75,0.28,0.15
1,0.03,0.03,0.16,0.62,0.64,0.07,0.75,0.28,0.15
1,0.03,0.03,0.16,0.62,0.64,0.07,0.75,0.28,0.15
1,0.03,0.03,0.16,0.62,0.64,0.07,0.75,0.28,0.15
1,0.03,0.03,0.16,0.62,0.64,0.07,0.75,0.28,0.15
1,0.03,0.03,0.16,0.62,0.64,0.07,0.75,0.28,0.15
1,0.03,0.03,0.16,0.62,0.64,0.07,0.75,0.28,0.15
1,0.12,0.3,0.17,0.63,0.47,0.07,0.66,0.42,0.2
1,0.12,0.3,0.17,0.63,0.47,0.07,0.66,0.42,0.2
1,0.12,0.3,0.17,0.63,0.47,0.07,0.66,0.42,0.2
1,0.12,0.3,0.17,0.63,0.47,0.07,0.66,0.42,0.2
1,0.12,0.3,0.17,0.63,0.47,0.07,0.66,0.42,0.2
1,0.12,0.3,0.17,0.63,0.47,0.07,0.66,0.42,0.2
1,0.12,0.3,0.17,0.63,0.47,0.07,0.66,0.42,0.2
1,0.12,0.3,0.17,0.63,0.47,0.07,0.66,0.42,0.2
1,0.12,0.3,0.17,0.63,0.47,0.07,0.66,0.42,0.2
1,0.12,0.3,0.17,0.63,0.47,0.07,0.66,0.42,0.2
1,0.12,0.3,0.17,0.63,0.47,0.07,0.66,0.42,0.2
1,0.12,0.3,0.17,0.63,0.47,0.07,0.66,0.42,0.2
1,0.03,0.01,0.1,0.45,0.44,0.04,0.8,0.29,0.14
1,0.03,0.01,0.1,0.45,0.44,0.04,0.8,0.29,0.14
1,0.03,0.01,0.1,0.45,0.44,0.04,0.8,0.29,0.14
1,0.03,0.01,0.1,0.45,0.44,0.04,0.8,0.29,0.14
1,0.03,0.01,0.1,0.45,0.44,0.04,0.8,0.29,0.14
1,0.03,0.01,0.1,0.45,0.44,0.04,0.8,0.29,0.14
1,0.03,0.01,0.1,0.45,0.44,0.04,0.8,0.29,0.14
1,0.03,0.01,0.1,0.45,0.44,0.04,0.8,0.29,0.14
1,0.03,0.01,0.1,0.45,0.44,0.04,0.8,0.29,0.14
1,0.03,0.01,0.1,0.45,0.44,0.04,0.8,0.29,0.14
1,0.03,0.01,0.1,0.45,0.44,0.04,0.8,0.29,0.14
1,0.03,0.01,0.1,0.45,0.44,0.04,0.8,0.29,0.14
1,0.5,0.16,0.16,0.51,0.52,0.08,0.66,0.43,0.19
1,0.5,0.16,0.16,0.51,0.52,0.08,0.66,0.43,0.19
1,0.5,0.16,0.16,0.51,0.52,0.08,0.66,0.43,0.19
1,0.5,0.16,0.16,0.51,0.52,0.08,0.66,0.43,0.19
1,0.5,0.16,0.16,0.51,0.52,0.08,0.66,0.43,0.19
1,0.5,0.16,0.16,0.51,0.52,0.08,0.66,0.43,0.19
1,0.5,0.16,0.16,0.51,0.52,0.08,0.66,0.43,0.19
1,0.5,0.16,0.16,0.51,0.52,0.08,0.66,0.43,0.19
1,0.5,0.16,0.16,0.51,0.52,0.08,0.66,0.43,0.19
1,0.5,0.16,0.16,0.51,0.52,0.08,0.66,0.43,0.19
1,0.5,0.16,0.16,0.51,0.52,0.08,0.66,0.43,0.19
1,0.5,0.16,0.16,0.51,0.52,0.08,0.66,0.43,0.19
1,0.05,0.02,0.16,0.79,0.77,0.11,0.69,0.43,0.1
1,0.05,0.02,0.16,0.79,0.77,0.11,0.69,0.43,0.1
1,0.05,0.02,0.16,0.79,0.77,0.11,0.69,0.43,0.1
1,0.05,0.02,0.16,0.79,0.77,0.11,0.69,0.43,0.1
1,0.05,0.02,0.16,0.79,0.77,0.11,0.69,0.43,0.1
1,0.05,0.02,0.16,0.79,0.77,0.11,0.69,0.43,0.1
1,0.05,0.02,0.16,0.79,0.77,0.11,0.69,0.43,0.1
1,0.05,0.02,0.16,0.79,0.77,0.11,0.69,0.43,0.1
1,0.05,0.02,0.16,0.79,0.77,0.11,0.69,0.43,0.1
1,0.05,0.02,0.16,0.79,0.77,0.11,0.69,0.43,0.1
1,0.05,0.02,0.16,0.79,0.77,0.11,0.69,0.43,0.1
1,0.05,0.02,0.16,0.79,0.77,0.11,0.69,0.43,0.1
1,0.04,0.05,0.11,0.77,0.56,0.01,0.55,0.26,0.13
1,0.04,0.05,0.11,0.77,0.56,0.01,0.55,0.26,0.13
1,0.04,0.05,0.11,0.77,0.56,0.01,0.55,0.26,0.13
1,0.04,0.05,0.11,0.77,0.56,0.01,0.55,0.26,0.13
1,0.04,0.05,0.11,0.77,0.56,0.01,0.55,0.26,0.13
1,0.04,0.05,0.11,0.77,0.56,0.01,0.55,0.26,0.13
1,0.04,0.05,0.11,0.77,0.56,0.01,0.55,0.26,0.13
1,0.04,0.05,0.11,0.77,0.56,0.01,0.55,0.26,0.13
1,0.04,0.05,0.11,0.77,0.56,0.01,0.55,0.26,0.13
1,0.04,0.05,0.11,0.77,0.56,0.01,0.55,0.26,0.13
1,0.04,0.05,0.11,0.77,0.56,0.01,0.55,0.26,0.13
1,0.04,0.05,0.11,0.77,0.56,0.01,0.55,0.26,0.13
1,0.05,0.05,0.17,0.68,0.78,0.01,0.74,0.25,0.18
1,0.05,0.05,0.17,0.68,0.78,0.01,0.74,0.25,0.18
1,0.05,0.05,0.17,0.68,0.78,0.01,0.74,0.25,0.18
1,0.05,0.05,0.17,0.68,0.78,0.01,0.74,0.25,0.18
1,0.05,0.05,0.17,0.68,0.78,0.01,0.74,0.25,0.18
1,0.05,0.05,0.17,0.68,0.78,0.01,0.74,0.25,0.18
1,0.05,0.05,0.17,0.68,0.78,0.01,0.74,0.25,0.18
1,0.05,0.05,0.17,0.68,0.78,0.01,0.74,0.25,0.18
1,0.05,0.05,0.17,0.68,0.78,0.01,0.74,0.25,0.18
1,0.05,0.05,0.17,0.68,0.78,0.01,0.74,0.25,0.18
1,0.05,0.05,0.17,0.68,0.78,0.01,0.74,0.25,0.18
1,0.05,0.05,0.17,0.68,0.78,0.01,0.74,0.25,0.18
1,0.03,0.04,0.2,0.69,0.67,0.03,0.58,0.25,0.15
1,0.03,0.04,0.2,0.69,0.67,0.03,0.58,0.25,0.15
1,0.03,0.04,0.2,0.69,0.67,0.03,0.58,0.25,0.15
1,0.03,0.04,0.2,0.69,0.67,0.03,0.58,0.25,0.15
1,0.03,0.04,0.2,0.69,0.67,0.03,0.58,0.25,0.15
1,0.03,0.04,0.2,0.69,0.67,0.03,0.58,0.25,0.15
1,0.03,0.04,0.2,0.69,0.67,0.03,0.58,0.25,0.15
1,0.03,0.04,0.2,0.69,0.67,0.03,0.58,0.25,0.15
1,0.03,0.04,0.2,0.69,0.67,0.03,0.58,0.25,0.15
1,0.03,0.04,0.2,0.69,0.67,0.03,0.58,0.25,0.15
1,0.03,0.04,0.2,0.69,0.67,0.03,0.58,0.25,0.15
1,0.03,0.04,0.2,0.69,0.67,0.03,0.58,0.25,0.15
1,0.04,0.04,0.1,0.81,0.75,0.06,0.76,0.32,0.08
1,0.04,0.04,0.1,0.81,0.75,0.06,0.76,0.32,0.08
1,0.04,0.04,0.1,0.81,0.75,0.06,0.76,0.32,0.08
1,0.04,0.04,0.1,0.81,0.75,0.06,0.76,0.32,0.08
1,0.04,0.04,0.1,0.81,0.75,0.06,0.76,0.32,0.08
1,0.04,0.04,0.1,0.81,0.75,0.06,0.76,0.32,0.08
1,0.04,0.04,0.1,0.81,0.75,0.06,0.76,0.32,0.08
1,0.04,0.04,0.1,0.81,0.75,0.06,0.76,0.32,0.08
1,0.04,0.04,0.1,0.81,0.75,0.06,0.76,0.32,0.08
1,0.04,0.04,0.1,0.81,0.75,0.06,0.76,0.32,0.08
1,0.04,0.04,0.1,0.81,0.75,0.06,0.76,0.32,0.08
1,0.04,0.04,0.1,0.81,0.75,0.06,0.76,0.32,0.08
1,0.05,0.15,0.11,0.77,0.76,0.05,0.58,0.28,0.13
1,0.05,0.15,0.11,0.77,0.76,0.05,0.58,0.28,0.13
1,0.05,0.15,0.11,0.77,0.76,0.05,0.58,0.28,0.13
1,0.05,0.15,0.11,0.77,0.76,0.05,0.58,0.28,0.13
1,0.05,0.15,0.11,0.77,0.76,0.05,0.58,0.28,0.13
1,0.05,0.15,0.11,0.77,0.76,0.05,0.58,0.28,0.13
1,0.05,0.15,0.11,0.77,0.76,0.05,0.58,0.28,0.13
1,0.05,0.15,0.11,0.77,0.76,0.05,0.58,0.28,0.13
1,0.05,0.15,0.11,0.77,0.76,0.05,0.58,0.28,0.13
1,0.05,0.15,0.11,0.77,0.76,0.05,0.58,0.28,0.13
1,0.05,0.15,0.11,0.77,0.76,0.05,0.58,0.28,0.13
1,0.05,0.15,0.11,0.77,0.76,0.05,0.58,0.28,0.13
1,0.31,0.46,0.18,0.57,0.52,0.04,0.8,0.38,0.21
1,0.31,0.46,0.18,0.57,0.52,0.04,0.8,0.38,0.21
1,0.31,0.46,0.18,0.57,0.52,0.04,0.8,0.38,0.21
1,0.31,0.46,0.18,0.57,0.52,0.04,0.8,0.38,0.21
1,0.31,0.46,0.18,0.57,0.52,0.04,0.8,0.38,0.21
1,0.31,0.46,0.18,0.57,0.52,0.04,0.8,0.38,0.21
1,0.31,0.46,0.18,0.57,0.52,0.04,0.8,0.38,0.21
1,0.31,0.46,0.18,0.57,0.52,0.04,0.8,0.38,0.21
1,0.31,0.46,0.18,0.57,0.52,0.04,0.8,0.38,0.21
1,0.31,0.46,0.18,0.57,0.52,0.04,0.8,0.38,0.21
1,0.31,0.46,0.18,0.57,0.52,0.04,0.8,0.38,0.21
1,0.31,0.46,0.18,0.57,0.52,0.04,0.8,0.38,0.21
1,0.04,0.13,0.13,0.74,0.71,0.26,0.79,0.24,0.19
1,0.04,0.13,0.13,0.74,0.71,0.26,0.79,0.24,0.19
1,0.04,0.13,0.13,0.74,0.71,0.26,0.79,0.24,0.19
1,0.04,0.13,0.13,0.74,0.71,0.26,0.79,0.24,0.19
1,0.04,0.13,0.13,0.74,0.71,0.26,0.79,0.24,0.19
1,0.04,0.13,0.13,0.74,0.71,0.26,0.79,0.24,0.19
1,0.04,0.13,0.13,0.74,0.71,0.26,0.79,0.24,0.19
1,0.04,0.13,0.13,0.74,0.71,0.26,0.79,0.24,0.19
1,0.04,0.13,0.13,0.74,0.71,0.26,0.79,0.24,0.19
1,0.04,0.13,0.13,0.74,0.71,0.26,0.79,0.24,0.19
1,0.04,0.13,0.13,0.74,0.71,0.26,0.79,0.24,0.19
1,0.04,0.13,0.13,0.74,0.71,0.26,0.79,0.24,0.19
1,0.04,0.01,0.16,0.64,0.66,0.15,0.63,0.32,0.1
1,0.04,0.01,0.16,0.64,0.66,0.15,0.63,0.32,0.1
1,0.04,0.01,0.16,0.64,0.66,0.15,0.63,0.32,0.1
1,0.04,0.01,0.16,0.64,0.66,0.15,0.63,0.32,0.1
1,0.04,0.01,0.16,0.64,0.66,0.15,0.63,0.32,0.1
1,0.04,0.01,0.16,0.64,0.66,0.15,0.63,0.32,0.1
1,0.04,0.01,0.16,0.64,0.66,0.15,0.63,0.32,0.1
1,0.04,0.01,0.16,0.64,0.66,0.15,0.63,0.32,0.1
1,0.04,0.01,0.16,0.64,0.66,0.15,0.63,0.32,0.1
1,0.04,0.01,0.16,0.64,0.66,0.15,0.63,0.32,0.1
1,0.04,0.01,0.16,0.64,0.66,0.15,0.63,0.32,0.1
1,0.04,0.01,0.16,0.64,0.66,0.15,0.63,0.32,0.1
1,0.59,0.19,0.19,0.62,0.43,0.05,0.67,0.34,0.2
1,0.59,0.19,0.19,0.62,0.43,0.05,0.67,0.34,0.2
1,0.59,0.19,0.19,0.62,0.43,0.05,0.67,0.34,0.2
1,0.59,0.19,0.19,0.62,0.43,0.05,0.67,0.34,0.2
1,0.59,0.19,0.19,0.62,0.43,0.05,0.67,0.34,0.2
1,0.59,0.19,0.19,0.62,0.43,0.05,0.67,0.34,0.2
1,0.59,0.19,0.19,0.62,0.43,0.05,0.67,0.34,0.2
1,0.59,0.19,0.19,0.62,0.43,0.05,0.67,0.34,0.2
1,0.59,0.19,0.19,0.62,0.43,0.05,0.67,0.34,0.2
1,0.59,0.19,0.19,0.62,0.43,0.05,0.67,0.34,0.2
1,0.59,0.19,0.19,0.62,0.43,0.05,0.67,0.34,0.2
1,0.59,0.19,0.19,0.62,0.43,0.05,0.67,0.34,0.2
1,0.04,0.06,0.05,0.64,0.73,0.01,0.86,0.26,0.11
1,0.04,0.06,0.05,0.64,0.73,0.01,0.86,0.26,0.11
1,0.04,0.06,0.05,0.64,0.73,0.01,0.86,0.26,0.11
1,0.04,0.06,0.05,0.64,0.73,0.01,0.86,0.26,0.11
1,0.04,0.06,0.05,0.64,0.73,0.01,0.86,0.26,0.11
1,0.04,0.06,0.05,0.64,0.73,0.01,0.86,0.26,0.11
1,0.04,0.06,0.05,0.64,0.73,0.01,0.86,0.26,0.11
1,0.04,0.06,0.05,0.64,0.73,0.01,0.86,0.26,0.11
1,0.04,0.06,0.05,0.64,0.73,0.01,0.86,0.26,0.11
1,0.04,0.06,0.05,0.64,0.73,0.01,0.86,0.26,0.11
1,0.04,0.06,0.05,0.64,0.73,0.01,0.86,0.26,0.11
1,0.04,0.06,0.05,0.64,0.73,0.01,0.86,0.26,0.11
1,0.59,0.48,0.11,0.44,0.57,0.03,0.73,0.31,0.16
1,0.59,0.48,0.11,0.44,0.57,0.03,0.73,0.31,0.16
1,0.59,0.48,0.11,0.44,0.57,0.03,0.73,0.31,0.16
1,0.59,0.48,0.11,0.44,0.57,0.03,0.73,0.31,0.16
1,0.59,0.48,0.11,0.44,0.57,0.03,0.73,0.31,0.16
1,0.59,0.48,0.11,0.44,0.57,0.03,0.73,0.31,0.16
1,0.59,0.48,0.11,0.44,0.57,0.03,0.73,0.31,0.16
1,0.59,0.48,0.11,0.44,0.57,0.03,0.73,0.31,0.16
1,0.59,0.48,0.11,0.44,0.57,0.03,0.73,0.31,0.16
1,0.59,0.48,0.11,0.44,0.57,0.03,0.73,0.31,0.16
1,0.59,0.48,0.11,0.44,0.57,0.03,0.73,0.31,0.16
1,0.59,0.48,0.11,0.44,0.57,0.03,0.73,0.31,0.16
1,0.27,0.44,0.12,0.59,0.74,0.11,0.76,0.24,0.08
1,0.27,0.44,0.12,0.59,0.74,0.11,0.76,0.24,0.08
1,0.27,0.44,0.12,0.59,0.74,0.11,0.76,0.24,0.08
1,0.27,0.44,0.12,0.59,0.74,0.11,0.76,0.24,0.08
1,0.27,0.44,0.12,0.59,0.74,0.11,0.76,0.24,0.08
1,0.27,0.44,0.12,0.59,0.74,0.11,0.76,0.24,0.08
1,0.27,0.44,0.12,0.59,0.74,0.11,0.76,0.24,0.08
1,0.27,0.44,0.12,0.59,0.74,0.11,0.76,0.24,0.08
1,0.27,0.44,0.12,0.59,0.74,0.11,0.76,0.24,0.08
1,0.27,0.44,0.12,0.59,0.74,0.11,0.76,0.24,0.08
1,0.27,0.44,0.12,0.59,0.74,0.11,0.76,0.24,0.08
1,0.27,0.44,0.12,0.59,0.74,0.11,0.76,0.24,0.08
1,0.56,0.12,0.1,0.47,0.29,0.15,0.72,0.32,0.13
1,0.56,0.12,0.1,0.47,0.29,0.15,0.72,0.32,0.13
1,0.56,0.12,0.1,0.47,0.29,0.15,0.72,0.32,0.13
1,0.56,0.12,0.1,0.47,0.29,0.15,0.72,0.32,0.13
1,0.56,0.12,0.1,0.47,0.29,0.15,0.72,0.32,0.13
1,0.56,0.12,0.1,0.47,0.29,0.15,0.72,0.32,0.13
1,0.56,0.12,0.1,0.47,0.29,0.15,0.72,0.32,0.13
1,0.56,0.12,0.1,0.47,0.29,0.15,0.72,0.32,0.13
1,0.56,0.12,0.1,0.47,0.29,0.15,0.72,0.32,0.13
1,0.56,0.12,0.1,0.47,0.29,0.15,0.72,0.32,0.13
1,0.56,0.12,0.1,0.47,0.29,0.15,0.72,0.32,0.13
1,0.56,0.12,0.1,0.47,0.29,0.15,0.72,0.32,0.13
1,0.61,0.14,0.16,0.62,0.37,0.11,0.53,0.36,0.15
1,0.61,0.14,0.16,0.62,0.37,0.11,0.53,0.36,0.15
1,0.61,0.14,0.16,0.62,0.37,0.11,0.53,0.36,0.15
1,0.61,0.14,0.16,0.62,0.37,0.11,0.53,0.36,0.15
1,0.61,0.14,0.16,0.62,0.37,0.11,0.53,0.36,0.15
1,0.61,0.14,0.16,0.62,0.37,0.11,0.53,0.36,0.15
1,0.61,0.14,0.16,0.62,0.37,0.11,0.53,0.36,0.15
1,0.61,0.14,0.16,0.62,0.37,0.11,0.53,0.36,0.15
1,0.61,0.14,0.16,0.62,0.37,0.11,0.53,0.36,0.15
1,0.61,0.14,0.16,0.62,0.37,0.11,0.53,0.36,0.15
1,0.61,0.14,0.16,0.62,0.37,0.11,0.53,0.36,0.15
1,0.61,0.14,0.16,0.62,0.37,0.11,0.53,0.36,0.15
1,0.05,0.08,0.14,0.53,0.46,0.34,0.49,0.34,0.11
1,0.05,0.08,0.14,0.53,0.46,0.34,0.49,0.34,0.11
1,0.05,0.08,0.14,0.53,0.46,0.34,0.49,0.34,0.11
1,0.05,0.08,0.14,0.53,0.46,0.34,0.49,0.34,0.11
1,0.05,0.08,0.14,0.53,0.46,0.34,0.49,0.34,0.11
1,0.05,0.08,0.14,0.53,0.46,0.34,0.49,0.34,0.11
1,0.05,0.08,0.14,0.53,0.46,0.34,0.49,0.34,0.11
1,0.05,0.08,0.14,0.53,0.46,0.34,0.49,0.34,0.11
1,0.05,0.08,0.14,0.53,0.46,0.34,0.49,0.34,0.11
1,0.05,0.08,0.14,0.53,0.46,0.34,0.49,0.34,0.11
1,0.05,0.08,0.14,0.53,0.46,0.34,0.49,0.34,0.11
1,0.05,0.08,0.14,0.53,0.46,0.34,0.49,0.34,0.11
1,0.86,0.32,0.23,0.53,0.4,0.2,0.58,0.37,0.22
1,0.86,0.32,0.23,0.53,0.4,0.2,0.58,0.37,0.22
1,0.86,0.32,0.23,0.53,0.4,0.2,0.58,0.37,0.22
1,0.86,0.32,0.23,0.53,0.4,0.2,0.58,0.37,0.22
1,0.86,0.32,0.23,0.53,0.4,0.2,0.58,0.37,0.22
1,0.86,0.32,0.23,0.53,0.4,0.2,0.58,0.37,0.22
1,0.86,0.32,0.23,0.53,0.4,0.2,0.58,0.37,0.22
1,0.86,0.32,0.23,0.53,0.4,0.2,0.58,0.37,0.22
1,0.86,0.32,0.23,0.53,0.4,0.2,0.58,0.37,0.22
1,0.86,0.32,0.23,0.53,0.4,0.2,0.58,0.37,0.22
1,0.86,0.32,0.23,0.53,0.4,0.2,0.58,0.37,0.22
1,0.86,0.32,0.23,0.53,0.4,0.2,0.58,0.37,0.22
1,0.03,0.08,0.16,0.47,0.63,0.09,0.67,0.26,0.2
1,0.03,0.08,0.16,0.47,0.63,0.09,0.67,0.26,0.2
1,0.03,0.08,0.16,0.47,0.63,0.09,0.67,0.26,0.2
1,0.03,0.08,0.16,0.47,0.63,0.09,0.67,0.26,0.2
1,0.03,0.08,0.16,0.47,0.63,0.09,0.67,0.26,0.2
1,0.03,0.08,0.16,0.47,0.63,0.09,0.67,0.26,0.2
1,0.03,0.08,0.16,0.47,0.63,0.09,0.67,0.26,0.2
1,0.03,0.08,0.16,0.47,0.63,0.09,0.67,0.26,0.2
1,0.03,0.08,0.16,0.47,0.63,0.09,0.67,0.26,0.2
1,0.03,0.08,0.16,0.47,0.63,0.09,0.67,0.26,0.2
1,0.03,0.08,0.16,0.47,0.63,0.09,0.67,0.26,0.2
1,0.03,0.08,0.16,0.47,0.63,0.09,0.67,0.26,0.2
1,0.1,0.21,0.15,0.65,0.79,0.25,0.5,0.35,0.11
1,0.1,0.21,0.15,0.65,0.79,0.25,0.5,0.35,0.11
1,0.1,0.21,0.15,0.65,0.79,0.25,0.5,0.35,0.11
1,0.1,0.21,0.15,0.65,0.79,0.25,0.5,0.35,0.11
1,0.1,0.21,0.15,0.65,0.79,0.25,0.5,0.35,0.11
1,0.1,0.21,0.15,0.65,0.79,0.25,0.5,0.35,0.11
1,0.1,0.21,0.15,0.65,0.79,0.25,0.5,0.35,0.11
1,0.1,0.21,0.15,0.65,0.79,0.25,0.5,0.35,0.11
1,0.1,0.21,0.15,0.65,0.79,0.25,0.5,0.35,0.11
1,0.1,0.21,0.15,0.65,0.79,0.25,0.5,0.35,0.11
1,0.1,0.21,0.15,0.65,0.79,0.25,0.5,0.35,0.11
1,0.1,0.21,0.15,0.65,0.79,0.25,0.5,0.35,0.11
1,0.04,0.03,0.24,0.8,0.71,0.03,0.66,0.22,0.12
1,0.04,0.03,0.24,0.8,0.71,0.03,0.66,0.22,0.12
1,0.04,0.03,0.24,0.8,0.71,0.03,0.66,0.22,0.12
1,0.04,0.03,0.24,0.8,0.71,0.03,0.66,0.22,0.12
1,0.04,0.03,0.24,0.8,0.71,0.03,0.66,0.22,0.12
1,0.04,0.03,0.24,0.8,0.71,0.03,0.66,0.22,0.12
1,0.04,0.03,0.24,0.8,0.71,0.03,0.66,0.22,0.12
1,0.04,0.03,0.24,0.8,0.71,0.03,0.66,0.22,0.12
1,0.04,0.03,0.24,0.8,0.71,0.03,0.66,0.22,0.12
1,0.04,0.03,0.24,0.8,0.71,0.03,0.66,0.22,0.12
1,0.04,0.03,0.24,0.8,0.71,0.03,0.66,0.22,0.12
1,0.04,0.03,0.24,0.8,0.71,0.03,0.66,0.22,0.12
1,0.05,0.02,0.17,0.76,0.59,0.14,0.48,0.29,0.13
1,0.05,0.02,0.17,0.76,0.59,0.14,0.48,0.29,0.13
1,0.05,0.02,0.17,0.76,0.59,0.14,0.48,0.29,0.13
1,0.05,0.02,0.17,0.76,0.59,0.14,0.48,0.29,0.13
1,0.05,0.02,0.17,0.76,0.59,0.14,0.48,0.29,0.13
1,0.05,0.02,0.17,0.76,0.59,0.14,0.48,0.29,0.13
1,0.05,0.02,0.17,0.76,0.59,0.14,0.48,0.29,0.13
1,0.05,0.02,0.17,0.76,0.59,0.14,0.48,0.29,0.13
1,0.05,0.02,0.17,0.76,0.59,0.14,0.48,0.29,0.13
1,0.05,0.02,0.17,0.76,0.59,0.14,0.48,0.29,0.13
1,0.05,0.02,0.17,0.76,0.59,0.14,0.48,0.29,0.13
1,0.05,0.02,0.17,0.76,0.59,0.14,0.48,0.29,0.13
1,0.05,0.05,0.12,0.78,0.57,0.11,0.35,0.24,0.16
1,0.05,0.05,0.12,0.78,0.57,0.11,0.35,0.24,0.16
1,0.05,0.05,0.12,0.78,0.57,0.11,0.35,0.24,0.16
1,0.05,0.05,0.12,0.78,0.57,0.11,0.35,0.24,0.16
1,0.05,0.05,0.12,0.78,0.57,0.11,0.35,0.24,0.16
1,0.05,0.05,0.12,0.78,0.57,0.11,0.35,0.24,0.16
1,0.05,0.05,0.12,0.78,0.57,0.11,0.35,0.24,0.16
1,0.05,0.05,0.12,0.78,0.57,0.11,0.35,0.24,0.16
1,0.05,0.05,0.12,0.78,0.57,0.11,0.35,0.24,0.16
1,0.05,0.05,0.12,0.78,0.57,0.11,0.35,0.24,0.16
1,0.05,0.05,0.12,0.78,0.57,0.11,0.35,0.24,0.16
1,0.05,0.05,0.12,0.78,0.57,0.11,0.35,0.24,0.16
1,0.04,0.18,0.11,0.38,0.29,0.09,0.83,0.19,0.18
1,0.04,0.18,0.11,0.38,0.29,0.09,0.83,0.19,0.18
1,0.04,0.18,0.11,0.38,0.29,0.09,0.83,0.19,0.18
1,0.04,0.18,0.11,0.38,0.29,0.09,0.83,0.19,0.18
1,0.04,0.18,0.11,0.38,0.29,0.09,0.83,0.19,0.18
1,0.04,0.18,0.11,0.38,0.29,0.09,0.83,0.19,0.18
1,0.04,0.18,0.11,0.38,0.29,0.09,0.83,0.19,0.18
1,0.04,0.18,0.11,0.38,0.29,0.09,0.83,0.19,0.18
1,0.04,0.18,0.11,0.38,0.29,0.09,0.83,0.19,0.18
1,0.04,0.18,0.11,0.38,0.29,0.09,0.83,0.19,0.18
1,0.04,0.18,0.11,0.38,0.29,0.09,0.83,0.19,0.18
1,0.04,0.18,0.11,0.38,0.29,0.09,0.83,0.19,0.18
1,0.09,0.21,0.12,0.82,0.31,0.17,0.49,0.25,0.1
1,0.09,0.21,0.12,0.82,0.31,0.17,0.49,0.25,0.1
1,0.09,0.21,0.12,0.82,0.31,0.17,0.49,0.25,0.1
1,0.09,0.21,0.12,0.82,0.31,0.17,0.49,0.25,0.1
1,0.09,0.21,0.12,0.82,0.31,0.17,0.49,0.25,0.1
1,0.09,0.21,0.12,0.82,0.31,0.17,0.49,0.25,0.1
1,0.09,0.21,0.12,0.82,0.31,0.17,0.49,0.25,0.1
1,0.09,0.21,0.12,0.82,0.31,0.17,0.49,0.25,0.1
1,0.09,0.21,0.12,0.82,0.31,0.17,0.49,0.25,0.1
1,0.09,0.21,0.12,0.82,0.31,0.17,0.49,0.25,0.1
1,0.09,0.21,0.12,0.82,0.31,0.17,0.49,0.25,0.1
1,0.09,0.21,0.12,0.82,0.31,0.17,0.49,0.25,0.1
1,0.04,0.05,0.15,0.49,0.37,0.05,0.56,0.32,0.19
1,0.04,0.05,0.15,0.49,0.37,0.05,0.56,0.32,0.19
1,0.04,0.05,0.15,0.49,0.37,0.05,0.56,0.32,0.19
1,0.04,0.05,0.15,0.49,0.37,0.05,0.56,0.32,0.19
1,0.04,0.05,0.15,0.49,0.37,0.05,0.56,0.32,0.19
1,0.04,0.05,0.15,0.49,0.37,0.05,0.56,0.32,0.19
1,0.04,0.05,0.15,0.49,0.37,0.05,0.56,0.32,0.19
1,0.04,0.05,0.15,0.49,0.37,0.05,0.56,0.32,0.19
1,0.04,0.05,0.15,0.49,0.37,0.05,0.56,0.32,0.19
1,0.04,0.05,0.15,0.49,0.37,0.05,0.56,0.32,0.19
1,0.04,0.05,0.15,0.49,0.37,0.05,0.56,0.32,0.19
1,0.04,0.05,0.15,0.49,0.37,0.05,0.56,0.32,0.19
1,0.04,0.05,0.16,0.63,0.6,0.05,0.63,0.32,0.13
1,0.04,0.05,0.16,0.63,0.6,0.05,0.63,0.32,0.13
1,0.04,0.05,0.16,0.63,0.6,0.05,0.63,0.32,0.13
1,0.04,0.05,0.16,0.63,0.6,0.05,0.63,0.32,0.13
1,0.04,0.05,0.16,0.63,0.6,0.05,0.63,0.32,0.13
1,0.04,0.05,0.16,0.63,0.6,0.05,0.63,0.32,0.13
1,0.04,0.05,0.16,0.63,0.6,0.05,0.63,0.32,0.13
1,0.04,0.05,0.16,0.63,0.6,0.05,0.63,0.32,0.13
1,0.04,0.05,0.16,0.63,0.6,0.05,0.63,0.32,0.13
1,0.04,0.05,0.16,0.63,0.6,0.05,0.63,0.32,0.13
1,0.04,0.05,0.16,0.63,0.6,0.05,0.63,0.32,0.13
1,0.04,0.05,0.16,0.63,0.6,0.05,0.63,0.32,0.13
1,0.04,0.04,0.15,0.48,0.33,0.05,0.79,0.23,0.17
1,0.04,0.04,0.15,0.48,0.33,0.05,0.79,0.23,0.17
1,0.04,0.04,0.15,0.48,0.33,0.05,0.79,0.23,0.17
1,0.04,0.04,0.15,0.48,0.33,0.05,0.79,0.23,0.17
1,0.04,0.04,0.15,0.48,0.33,0.05,0.79,0.23,0.17
1,0.04,0.04,0.15,0.48,0.33,0.05,0.79,0.23,0.17
1,0.04,0.04,0.15,0.48,0.33,0.05,0.79,0.23,0.17
1,0.04,0.04,0.15,0.48,0.33,0.05,0.79,0.23,0.17
1,0.04,0.04,0.15,0.48,0.33,0.05,0.79,0.23,0.17
1,0.04,0.04,0.15,0.48,0.33,0.05,0.79,0.23,0.17
1,0.04,0.04,0.15,0.48,0.33,0.05,0.79,0.23,0.17
1,0.04,0.04,0.15,0.48,0.33,0.05,0.79,0.23,0.17
1,0.45,0.18,0.2,0.41,0.49,0.02,0.91,0.19,0.22
1,0.45,0.18,0.2,0.41,0.49,0.02,0.91,0.19,0.22
1,0.45,0.18,0.2,0.41,0.49,0.02,0.91,0.19,0.22
1,0.45,0.18,0.2,0.41,0.49,0.02,0.91,0.19,0.22
1,0.45,0.18,0.2,0.41,0.49,0.02,0.91,0.19,0.22
1,0.45,0.18,0.2,0.41,0.49,0.02,0.91,0.19,0.22
1,0.45,0.18,0.2,0.41,0.49,0.02,0.91,0.19,0.22
1,0.45,0.18,0.2,0.41,0.49,0.02,0.91,0.19,0.22
1,0.45,0.18,0.2,0.41,0.49,0.02,0.91,0.19,0.22
1,0.45,0.18,0.2,0.41,0.49,0.02,0.91,0.19,0.22
1,0.45,0.18,0.2,0.41,0.49,0.02,0.91,0.19,0.22
1,0.45,0.18,0.2,0.41,0.49,0.02,0.91,0.19,0.22
1,0.48,0.07,0.08,0.71,0.65,0.0,0.9,0.35,0.1
1,0.48,0.07,0.08,0.71,0.65,0.0,0.9,0.35,0.1
1,0.48,0.07,0.08,0.71,0.65,0.0,0.9,0.35,0.1
1,0.48,0.07,0.08,0.71,0.65,0.0,0.9,0.35,0.1
1,0.48,0.07,0.08,0.71,0.65,0.0,0.9,0.35,0.1
1,0.48,0.07,0.08,0.71,0.65,0.0,0.9,0.35,0.1
1,0.48,0.07,0.08,0.71,0.65,0.0,0.9,0.35,0.1
1,0.48,0.07,0.08,0.71,0.65,0.0,0.9,0.35,0.1
1,0.48,0.07,0.08,0.71,0.65,0.0,0.9,0.35,0.1
1,0.48,0.07,0.08,0.71,0.65,0.0,0.9,0.35,0.1
1,0.48,0.07,0.08,0.71,0.65,0.0,0.9,0.35,0.1
1,0.48,0.07,0.08,0.71,0.65,0.0,0.9,0.35,0.1
1,0.48,0.09,0.08,0.71,0.67,0.02,0.72,0.35,0.09
1,0.48,0.09,0.08,0.71,0.67,0.02,0.72,0.35,0.09
1,0.48,0.09,0.08,0.71,0.67,0.02,0.72,0.35,0.09
1,0.48,0.09,0.08,0.71,0.67,0.02,0.72,0.35,0.09
1,0.48,0.09,0.08,0.71,0.67,0.02,0.72,0.35,0.09
1,0.48,0.09,0.08,0.71,0.67,0.02,0.72,0.35,0.09
1,0.48,0.09,0.08,0.71,0.67,0.02,0.72,0.35,0.09
1,0.48,0.09,0.08,0.71,0.67,0.02,0.72,0.35,0.09
1,0.48,0.09,0.08,0.71,0.67,0.02,0.72,0.35,0.09
1,0.48,0.09,0.08,0.71,0.67,0.02,0.72,0.35,0.09
1,0.48,0.09,0.08,0.71,0.67,0.02,0.72,0.35,0.09
1,0.48,0.09,0.08,0.71,0.67,0.02,0.72,0.35,0.09
1,0.72,0.44,0.12,0.5,0.69,0.11,0.53,0.29,0.1
1,0.72,0.44,0.12,0.5,0.69,0.11,0.53,0.29,0.1
1,0.72,0.44,0.12,0.5,0.69,0.11,0.53,0.29,0.1
1,0.72,0.44,0.12,0.5,0.69,0.11,0.53,0.29,0.1
1,0.72,0.44,0.12,0.5,0.69,0.11,0.53,0.29,0.1
1,0.72,0.44,0.12,0.5,0.69,0.11,0.53,0.29,0.1
1,0.72,0.44,0.12,0.5,0.69,0.11,0.53,0.29,0.1
1,0.72,0.44,0.12,0.5,0.69,0.11,0.53,0.29,0.1
1,0.72,0.44,0.12,0.5,0.69,0.11,0.53,0.29,0.1
1,0.72,0.44,0.12,0.5,0.69,0.11,0.53,0.29,0.1
1,0.72,0.44,0.12,0.5,0.69,0.11,0.53,0.29,0.1
1,0.72,0.44,0.12,0.5,0.69,0.11,0.53,0.29,0.1
1,0.06,0.05,0.1,0.77,0.6,0.05,0.85,0.3,0.11
1,0.06,0.05,0.1,0.77,0.6,0.05,0.85,0.3,0.11
1,0.06,0.05,0.1,0.77,0.6,0.05,0.85,0.3,0.11
1,0.06,0.05,0.1,0.77,0.6,0.05,0.85,0.3,0.11
1,0.06,0.05,0.1,0.77,0.6,0.05,0.85,0.3,0.11
1,0.06,0.05,0.1,0.77,0.6,0.05,0.85,0.3,0.11
1,0.06,0.05,0.1,0.77,0.6,0.05,0.85,0.3,0.11
1,0.06,0.05,0.1,0.77,0.6,0.05,0.85,0.3,0.11
1,0.06,0.05,0.1,0.77,0.6,0.05,0.85,0.3,0.11
1,0.06,0.05,0.1,0.77,0.6,0.05,0.85,0.3,0.11
1,0.06,0.05,0.1,0.77,0.6,0.05,0.85,0.3,0.11
1,0.06,0.05,0.1,0.77,0.6,0.05,0.85,0.3,0.11
1,0.5,0.47,0.13,0.29,0.58,0.11,0.68,0.29,0.12
1,0.5,0.47,0.13,0.29,0.58,0.11,0.68,0.29,0.12
1,0.5,0.47,0.13,0.29,0.58,0.11,0.68,0.29,0.12
1,0.5,0.47,0.13,0.29,0.58,0.11,0.68,0.29,0.12
1,0.5,0.47,0.13,0.29,0.58,0.11,0.68,0.29,0.12
1,0.5,0.47,0.13,0.29,0.58,0.11,0.68,0.29,0.12
1,0.5,0.47,0.13,0.29,0.58,0.11,0.68,0.29,0.12
1,0.5,0.47,0.13,0.29,0.58,0.11,0.68,0.29,0.12
1,0.5,0.47,0.13,0.29,0.58,0.11,0.68,0.29,0.12
1,0.5,0.47,0.13,0.29,0.58,0.11,0.68,0.29,0.12
1,0.5,0.47,0.13,0.29,0.58,0.11,0.68,0.29,0.12
1,0.5,0.47,0.13,0.29,0.58,0.11,0.68,0.29,0.12
1,0.42,0.44,0.15,0.31,0.61,0.18,0.68,0.31,0.14
1,0.42,0.44,0.15,0.31,0.61,0.18,0.68,0.31,0.14
1,0.42,0.44,0.15,0.31,0.61,0.18,0.68,0.31,0.14
1,0.42,0.44,0.15,0.31,0.61,0.18,0.68,0.31,0.14
1,0.42,0.44,0.15,0.31,0.61,0.18,0.68,0.31,0.14
1,0.42,0.44,0.15,0.31,0.61,0.18,0.68,0.31,0.14
1,0.42,0.44,0.15,0.31,0.61,0.18,0.68,0.31,0.14
1,0.42,0.44,0.15,0.31,0.61,0.18,0.68,0.31,0.14
1,0.42,0.44,0.15,0.31,0.61,0.18,0.68,0.31,0.14
1,0.42,0.44,0.15,0.31,0.61,0.18,0.68,0.31,0.14
1,0.42,0.44,0.15,0.31,0.61,0.18,0.68,0.31,0.14
1,0.42,0.44,0.15,0.31,0.61,0.18,0.68,0.31,0.14
1,0.34,0.47,0.18,0.77,0.82,0.12,0.58,0.4,0.1
1,0.34,0.47,0.18,0.77,0.82,0.12,0.58,0.4,0.1
1,0.34,0.47,0.18,0.77,0.82,0.12,0.58,0.4,0.1
1,0.34,0.47,0.18,0.77,0.82,0.12,0.58,0.4,0.1
1,0.34,0.47,0.18,0.77,0.82,0.12,0.58,0.4,0.1
1,0.34,0.47,0.18,0.77,0.82,0.12,0.58,0.4,0.1
1,0.34,0.47,0.18,0.77,0.82,0.12,0.58,0.4,0.1
1,0.34,0.47,0.18,0.77,0.82,0.12,0.58,0.4,0.1
1,0.34,0.47,0.18,0.77,0.82,0.12,0.58,0.4,0.1
1,0.34,0.47,0.18,0.77,0.82,0.12,0.58,0.4,0.1
1,0.34,0.47,0.18,0.77,0.82,0.12,0.58,0.4,0.1
1,0.34,0.47,0.18,0.77,0.82,0.12,0.58,0.4,0.1
1,0.02,0.02,0.08,0.8,0.83,0.02,0.87,0.18,0.06
1,0.02,0.02,0.08,0.8,0.83,0.02,0.87,0.18,0.06
1,0.02,0.02,0.08,0.8,0.83,0.02,0.87,0.18,0.06
1,0.02,0.02,0.08,0.8,0.83,0.02,0.87,0.18,0.06
1,0.02,0.02,0.08,0.8,0.83,0.02,0.87,0.18,0.06
1,0.02,0.02,0.08,0.8,0.83,0.02,0.87,0.18,0.06
1,0.02,0.02,0.08,0.8,0.83,0.02,0.87,0.18,0.06
1,0.02,0.02,0.08,0.8,0.83,0.02,0.87,0.18,0.06
1,0.02,0.02,0.08,0.8,0.83,0.02,0.87,0.18,0.06
1,0.02,0.02,0.08,0.8,0.83,0.02,0.87,0.18,0.06
1,0.02,0.02,0.08,0.8,0.83,0.02,0.87,0.18,0.06
1,0.02,0.02,0.08,0.8,0.83,0.02,0.87,0.18,0.06
1,0.04,0.07,0.15,0.68,0.63,0.14,0.56,0.26,0.14
1,0.04,0.07,0.15,0.68,0.63,0.14,0.56,0.26,0.14
1,0.04,0.07,0.15,0.68,0.63,0.14,0.56,0.26,0.14
1,0.04,0.07,0.15,0.68,0.63,0.14,0.56,0.26,0.14
1,0.04,0.07,0.15,0.68,0.63,0.14,0.56,0.26,0.14
1,0.04,0.07,0.15,0.68,0.63,0.14,0.56,0.26,0.14
1,0.04,0.07,0.15,0.68,0.63,0.14,0.56,0.26,0.14
1,0.04,0.07,0.15,0.68,0.63,0.14,0.56,0.26,0.14
1,0.04,0.07,0.15,0.68,0.63,0.14,0.56,0.26,0.14
1,0.04,0.07,0.15,0.68,0.63,0.14,0.56,0.26,0.14
1,0.04,0.07,0.15,0.68,0.63,0.14,0.56,0.26,0.14
1,0.04,0.07,0.15,0.68,0.63,0.14,0.56,0.26,0.14
1,0.48,0.49,0.16,0.6,0.71,0.54,0.74,0.32,0.19
1,0.48,0.49,0.16,0.6,0.71,0.54,0.74,0.32,0.19
1,0.48,0.49,0.16,0.6,0.71,0.54,0.74,0.32,0.19
1,0.48,0.49,0.16,0.6,0.71,0.54,0.74,0.32,0.19
1,0.48,0.49,0.16,0.6,0.71,0.54,0.74,0.32,0.19
1,0.48,0.49,0.16,0.6,0.71,0.54,0.74,0.32,0.19
1,0.48,0.49,0.16,0.6,0.71,0.54,0.74,0.32,0.19
1,0.48,0.49,0.16,0.6,0.71,0.54,0.74,0.32,0.19
1,0.48,0.49,0.16,0.6,0.71,0.54,0.74,0.32,0.19
1,0.48,0.49,0.16,0.6,0.71,0.54,0.74,0.32,0.19
1,0.48,0.49,0.16,0.6,0.71,0.54,0.74,0.32,0.19
1,0.48,0.49,0.16,0.6,0.71,0.54,0.74,0.32,0.19
1,0.35,0.14,0.14,0.37,0.5,0.04,0.79,0.26,0.16
1,0.35,0.14,0.14,0.37,0.5,0.04,0.79,0.26,0.16
1,0.35,0.14,0.14,0.37,0.5,0.04,0.79,0.26,0.16
1,0.35,0.14,0.14,0.37,0.5,0.04,0.79,0.26,0.16
1,0.35,0.14,0.14,0.37,0.5,0.04,0.79,0.26,0.16
1,0.35,0.14,0.14,0.37,0.5,0.04,0.79,0.26,0.16
1,0.35,0.14,0.14,0.37,0.5,0.04,0.79,0.26,0.16
1,0.35,0.14,0.14,0.37,0.5,0.04,0.79,0.26,0.16
1,0.35,0.14,0.14,0.37,0.5,0.04,0.79,0.26,0.16
1,0.35,0.14,0.14,0.37,0.5,0.04,0.79,0.26,0.16
1,0.35,0.14,0.14,0.37,0.5,0.04,0.79,0.26,0.16
1,0.35,0.14,0.14,0.37,0.5,0.04,0.79,0.26,0.16
1,0.42,0.17,0.17,0.42,0.45,0.07,0.6,0.28,0.22
1,0.42,0.17,0.17,0.42,0.45,0.07,0.6,0.28,0.22
1,0.42,0.17,0.17,0.42,0.45,0.07,0.6,0.28,0.22
1,0.42,0.17,0.17,0.42,0.45,0.07,0.6,0.28,0.22
1,0.42,0.17,0.17,0.42,0.45,0.07,0.6,0.28,0.22
1,0.42,0.17,0.17,0.42,0.45,0.07,0.6,0.28,0.22
1,0.42,0.17,0.17,0.42,0.45,0.07,0.6,0.28,0.22
1,0.42,0.17,0.17,0.42,0.45,0.07,0.6,0.28,0.22
1,0.42,0.17,0.17,0.42,0.45,0.07,0.6,0.28,0.22
1,0.42,0.17,0.17,0.42,0.45,0.07,0.6,0.28,0.22
1,0.42,0.17,0.17,0.42,0.45,0.07,0.6,0.28,0.22
1,0.42,0.17,0.17,0.42,0.45,0.07,0.6,0.28,0.22
1,0.35,0.46,0.15,0.8,0.74,0.08,0.79,0.32,0.12
1,0.35,0.46,0.15,0.8,0.74,0.08,0.79,0.32,0.12
1,0.35,0.46,0.15,0.8,0.74,0.08,0.79,0.32,0.12
1,0.35,0.46,0.15,0.8,0.74,0.08,0.79,0.32,0.12
1,0.35,0.46,0.15,0.8,0.74,0.08,0.79,0.32,0.12
1,0.35,0.46,0.15,0.8,0.74,0.08,0.79,0.32,0.12
1,0.35,0.46,0.15,0.8,0.74,0.08,0.79,0.32,0.12
1,0.35,0.46,0.15,0.8,0.74,0.08,0.79,0.32,0.12
1,0.35,0.46,0.15,0.8,0.74,0.08,0.79,0.32,0.12
1,0.35,0.46,0.15,0.8,0.74,0.08,0.79,0.32,0.12
1,0.35,0.46,0.15,0.8,0.74,0.08,0.79,0.32,0.12
1,0.35,0.46,0.15,0.8,0.74,0.08,0.79,0.32,0.12
1,0.41,0.48,0.12,0.79,0.71,0.03,0.82,0.22,0.1
1,0.41,0.48,0.12,0.79,0.71,0.03,0.82,0.22,0.1
1,0.41,0.48,0.12,0.79,0.71,0.03,0.82,0.22,0.1
1,0.41,0.48,0.12,0.79,0.71,0.03,0.82,0.22,0.1
1,0.41,0.48,0.12,0.79,0.71,0.03,0.82,0.22,0.1
1,0.41,0.48,0.12,0.79,0.71,0.03,0.82,0.22,0.1
1,0.41,0.48,0.12,0.79,0.71,0.03,0.82,0.22,0.1
1,0.41,0.48,0.12,0.79,0.71,0.03,0.82,0.22,0.1
1,0.41,0.48,0.12,0.79,0.71,0.03,0.82,0.22,0.1
1,0.41,0.48,0.12,0.79,0.71,0.03,0.82,0.22,0.1
1,0.41,0.48,0.12,0.79,0.71,0.03,0.82,0.22,0.1
1,0.41,0.48,0.12,0.79,0.71,0.03,0.82,0.22,0.1
1,0.39,0.17,0.17,0.57,0.46,0.05,0.58,0.34,0.22
1,0.39,0.17,0.17,0.57,0.46,0.05,0.58,0.34,0.22
1,0.39,0.17,0.17,0.57,0.46,0.05,0.58,0.34,0.22
1,0.39,0.17,0.17,0.57,0.46,0.05,0.58,0.34,0.22
1,0.39,0.17,0.17,0.57,0.46,0.05,0.58,0.34,0.22
1,0.39,0.17,0.17,0.57,0.46,0.05,0.58,0.34,0.22
1,0.39,0.17,0.17,0.57,0.46,0.05,0.58,0.34,0.22
1,0.39,0.17,0.17,0.57,0.46,0.05,0.58,0.34,0.22
1,0.39,0.17,0.17,0.57,0.46,0.05,0.58,0.34,0.22
1,0.39,0.17,0.17,0.57,0.46,0.05,0.58,0.34,0.22
1,0.39,0.17,0.17,0.57,0.46,0.05,0.58,0.34,0.22
1,0.39,0.17,0.17,0.57,0.46,0.05,0.58,0.34,0.22
1,0.16,0.1,0.21,0.66,0.7,0.05,0.81,0.28,0.2
1,0.16,0.1,0.21,0.66,0.7,0.05,0.81,0.28,0.2
1,0.16,0.1,0.21,0.66,0.7,0.05,0.81,0.28,0.2
1,0.16,0.1,0.21,0.66,0.7,0.05,0.81,0.28,0.2
1,0.16,0.1,0.21,0.66,0.7,0.05,0.81,0.28,0.2
1,0.16,0.1,0.21,0.66,0.7,0.05,0.81,0.28,0.2
1,0.16,0.1,0.21,0.66,0.7,0.05,0.81,0.28,0.2
1,0.16,0.1,0.21,0.66,0.7,0.05,0.81,0.28,0.2
1,0.16,0.1,0.21,0.66,0.7,0.05,0.81,0.28,0.2
1,0.16,0.1,0.21,0.66,0.7,0.05,0.81,0.28,0.2
1,0.16,0.1,0.21,0.66,0.7,0.05,0.81,0.28,0.2
1,0.16,0.1,0.21,0.66,0.7,0.05,0.81,0.28,0.2
1,0.06,0.03,0.2,0.58,0.54,0.23,0.65,0.31,0.22
1,0.06,0.03,0.2,0.58,0.54,0.23,0.65,0.31,0.22
1,0.06,0.03,0.2,0.58,0.54,0.23,0.65,0.31,0.22
1,0.06,0.03,0.2,0.58,0.54,0.23,0.65,0.31,0.22
1,0.06,0.03,0.2,0.58,0.54,0.23,0.65,0.31,0.22
1,0.06,0.03,0.2,0.58,0.54,0.23,0.65,0.31,0.22
1,0.06,0.03,0.2,0.58,0.54,0.23,0.65,0.31,0.22
1,0.06,0.03,0.2,0.58,0.54,0.23,0.65,0.31,0.22
1,0.06,0.03,0.2,0.58,0.54,0.23,0.65,0.31,0.22
1,0.06,0.03,0.2,0.58,0.54,0.23,0.65,0.31,0.22
1,0.06,0.03,0.2,0.58,0.54,0.23,0.65,0.31,0.22
1,0.06,0.03,0.2,0.58,0.54,0.23,0.65,0.31,0.22
1,0.08,0.23,0.16,0.85,0.84,0.07,0.67,0.36,0.1
1,0.08,0.23,0.16,0.85,0.84,0.07,0.67,0.36,0.1
1,0.08,0.23,0.16,0.85,0.84,0.07,0.67,0.36,0.1
1,0.08,0.23,0.16,0.85,0.84,0.07,0.67,0.36,0.1
1,0.08,0.23,0.16,0.85,0.84,0.07,0.67,0.36,0.1
1,0.08,0.23,0.16,0.85,0.84,0.07,0.67,0.36,0.1
1,0.08,0.23,0.16,0.85,0.84,0.07,0.67,0.36,0.1
1,0.08,0.23,0.16,0.85,0.84,0.07,0.67,0.36,0.1
1,0.08,0.23,0.16,0.85,0.84,0.07,0.67,0.36,0.1
1,0.08,0.23,0.16,0.85,0.84,0.07,0.67,0.36,0.1
1,0.08,0.23,0.16,0.85,0.84,0.07,0.67,0.36,0.1
1,0.08,0.23,0.16,0.85,0.84,0.07,0.67,0.36,0.1
1,0.61,0.48,0.14,0.54,0.65,0.15,0.64,0.36,0.11
1,0.61,0.48,0.14,0.54,0.65,0.15,0.64,0.36,0.11
1,0.61,0.48,0.14,0.54,0.65,0.15,0.64,0.36,0.11
1,0.61,0.48,0.14,0.54,0.65,0.15,0.64,0.36,0.11
1,0.61,0.48,0.14,0.54,0.65,0.15,0.64,0.36,0.11
1,0.61,0.48,0.14,0.54,0.65,0.15,0.64,0.36,0.11
1,0.61,0.48,0.14,0.54,0.65,0.15,0.64,0.36,0.11
1,0.61,0.48,0.14,0.54,0.65,0.15,0.64,0.36,0.11
1,0.61,0.48,0.14,0.54,0.65,0.15,0.64,0.36,0.11
1,0.61,0.48,0.14,0.54,0.65,0.15,0.64,0.36,0.11
1,0.61,0.48,0.14,0.54,0.65,0.15,0.64,0.36,0.11
1,0.61,0.48,0.14,0.54,0.65,0.15,0.64,0.36,0.11
1,0.58,0.49,0.1,0.23,0.43,0.06,0.63,0.27,0.12
1,0.58,0.49,0.1,0.23,0.43,0.06,0.63,0.27,0.12
1,0.58,0.49,0.1,0.23,0.43,0.06,0.63,0.27,0.12
1,0.58,0.49,0.1,0.23,0.43,0.06,0.63,0.27,0.12
1,0.58,0.49,0.1,0.23,0.43,0.06,0.63,0.27,0.12
1,0.58,0.49,0.1,0.23,0.43,0.06,0.63,0.27,0.12
1,0.58,0.49,0.1,0.23,0.43,0.06,0.63,0.27,0.12
1,0.58,0.49,0.1,0.23,0.43,0.06,0.63,0.27,0.12
1,0.58,0.49,0.1,0.23,0.43,0.06,0.63,0.27,0.12
1,0.58,0.49,0.1,0.23,0.43,0.06,0.63,0.27,0.12
1,0.58,0.49,0.1,0.23,0.43,0.06,0.63,0.27,0.12
1,0.58,0.49,0.1,0.23,0.43,0.06,0.63,0.27,0.12
1,0.1,0.06,0.17,0.68,0.72,0.02,0.64,0.19,0.19
1,0.1,0.06,0.17,0.68,0.72,0.02,0.64,0.19,0.19
1,0.1,0.06,0.17,0.68,0.72,0.02,0.64,0.19,0.19
1,0.1,0.06,0.17,0.68,0.72,0.02,0.64,0.19,0.19
1,0.1,0.06,0.17,0.68,0.72,0.02,0.64,0.19,0.19
1,0.1,0.06,0.17,0.68,0.72,0.02,0.64,0.19,0.19
1,0.1,0.06,0.17,0.68,0.72,0.02,0.64,0.19,0.19
1,0.1,0.06,0.17,0.68,0.72,0.02,0.64,0.19,0.19
1,0.1,0.06,0.17,0.68,0.72,0.02,0.64,0.19,0.19
1,0.1,0.06,0.17,0.68,0.72,0.02,0.64,0.19,0.19
1,0.1,0.06,0.17,0.68,0.72,0.02,0.64,0.19,0.19
1,0.1,0.06,0.17,0.68,0.72,0.02,0.64,0.19,0.19
1,0.05,0.04,0.2,0.78,0.28,0.1,0.47,0.34,0.16
1,0.05,0.04,0.2,0.78,0.28,0.1,0.47,0.34,0.16
1,0.05,0.04,0.2,0.78,0.28,0.1,0.47,0.34,0.16
1,0.05,0.04,0.2,0.78,0.28,0.1,0.47,0.34,0.16
1,0.05,0.04,0.2,0.78,0.28,0.1,0.47,0.34,0.16
1,0.05,0.04,0.2,0.78,0.28,0.1,0.47,0.34,0.16
1,0.05,0.04,0.2,0.78,0.28,0.1,0.47,0.34,0.16
1,0.05,0.04,0.2,0.78,0.28,0.1,0.47,0.34,0.16
1,0.05,0.04,0.2,0.78,0.28,0.1,0.47,0.34,0.16
1,0.05,0.04,0.2,0.78,0.28,0.1,0.47,0.34,0.16
1,0.05,0.04,0.2,0.78,0.28,0.1,0.47,0.34,0.16
1,0.05,0.04,0.2,0.78,0.28,0.1,0.47,0.34,0.16
1,0.15,0.09,0.17,0.78,0.52,0.08,0.53,0.37,0.19
1,0.15,0.09,0.17,0.78,0.52,0.08,0.53,0.37,0.19
1,0.15,0.09,0.17,0.78,0.52,0.08,0.53,0.37,0.19
1,0.15,0.09,0.17,0.78,0.52,0.08,0.53,0.37,0.19
1,0.15,0.09,0.17,0.78,0.52,0.08,0.53,0.37,0.19
1,0.15,0.09,0.17,0.78,0.52,0.08,0.53,0.37,0.19
1,0.15,0.09,0.17,0.78,0.52,0.08,0.53,0.37,0.19
1,0.15,0.09,0.17,0.78,0.52,0.08,0.53,0.37,0.19
1,0.15,0.09,0.17,0.78,0.52,0.08,0.53,0.37,0.19
1,0.15,0.09,0.17,0.78,0.52,0.08,0.53,0.37,0.19
1,0.15,0.09,0.17,0.78,0.52,0.08,0.53,0.37,0.19
1,0.15,0.09,0.17,0.78,0.52,0.08,0.53,0.37,0.19
1,0.05,0.15,0.21,0.51,0.39,0.05,0.61,0.32,0.18
1,0.05,0.15,0.21,0.51,0.39,0.05,0.61,0.32,0.18
1,0.05,0.15,0.21,0.51,0.39,0.05,0.61,0.32,0.18
1,0.05,0.15,0.21,0.51,0.39,0.05,0.61,0.32,0.18
1,0.05,0.15,0.21,0.51,0.39,0.05,0.61,0.32,0.18
1,0.05,0.15,0.21,0.51,0.39,0.05,0.61,0.32,0.18
1,0.05,0.15,0.21,0.51,0.39,0.05,0.61,0.32,0.18
1,0.05,0.15,0.21,0.51,0.39,0.05,0.61,0.32,0.18
1,0.05,0.15,0.21,0.51,0.39,0.05,0.61,0.32,0.18
1,0.05,0.15,0.21,0.51,0.39,0.05,0.61,0.32,0.18
1,0.05,0.15,0.21,0.51,0.39,0.05,0.61,0.32,0.18
1,0.05,0.15,0.21,0.51,0.39,0.05,0.61,0.32,0.18
1,0.55,0.14,0.15,0.57,0.39,0.08,0.43,0.25,0.16
1,0.55,0.14,0.15,0.57,0.39,0.08,0.43,0.25,0.16
1,0.55,0.14,0.15,0.57,0.39,0.08,0.43,0.25,0.16
1,0.55,0.14,0.15,0.57,0.39,0.08,0.43,0.25,0.16
1,0.55,0.14,0.15,0.57,0.39,0.08,0.43,0.25,0.16
1,0.55,0.14,0.15,0.57,0.39,0.08,0.43,0.25,0.16
1,0.55,0.14,0.15,0.57,0.39,0.08,0.43,0.25,0.16
1,0.55,0.14,0.15,0.57,0.39,0.08,0.43,0.25,0.16
1,0.55,0.14,0.15,0.57,0.39,0.08,0.43,0.25,0.16
1,0.55,0.14,0.15,0.57,0.39,0.08,0.43,0.25,0.16
1,0.55,0.14,0.15,0.57,0.39,0.08,0.43,0.25,0.16
1,0.55,0.14,0.15,0.57,0.39,0.08,0.43,0.25,0.16
1,0.08,0.26,0.13,0.47,0.48,0.02,0.72,0.3,0.16
1,0.08,0.26,0.13,0.47,0.48,0.02,0.72,0.3,0.16
1,0.08,0.26,0.13,0.47,0.48,0.02,0.72,0.3,0.16
1,0.08,0.26,0.13,0.47,0.48,0.02,0.72,0.3,0.16
1,0.08,0.26,0.13,0.47,0.48,0.02,0.72,0.3,0.16
1,0.08,0.26,0.13,0.47,0.48,0.02,0.72,0.3,0.16
1,0.08,0.26,0.13,0.47,0.48,0.02,0.72,0.3,0.16
1,0.08,0.26,0.13,0.47,0.48,0.02,0.72,0.3,0.16
1,0.08,0.26,0.13,0.47,0.48,0.02,0.72,0.3,0.16
1,0.08,0.26,0.13,0.47,0.48,0.02,0.72,0.3,0.16
1,0.08,0.26,0.13,0.47,0.48,0.02,0.72,0.3,0.16
1,0.08,0.26,0.13,0.47,0.48,0.02,0.72,0.3,0.16
1,0.08,0.26,0.13,0.37,0.47,0.06,0.61,0.26,0.15
1,0.08,0.26,0.13,0.37,0.47,0.06,0.61,0.26,0.15
1,0.08,0.26,0.13,0.37,0.47,0.06,0.61,0.26,0.15
1,0.08,0.26,0.13,0.37,0.47,0.06,0.61,0.26,0.15
1,0.08,0.26,0.13,0.37,0.47,0.06,0.61,0.26,0.15
1,0.08,0.26,0.13,0.37,0.47,0.06,0.61,0.26,0.15
1,0.08,0.26,0.13,0.37,0.47,0.06,0.61,0.26,0.15
1,0.08,0.26,0.13,0.37,0.47,0.06,0.61,0.26,0.15
1,0.08,0.26,0.13,0.37,0.47,0.06,0.61,0.26,0.15
1,0.08,0.26,0.13,0.37,0.47,0.06,0.61,0.26,0.15
1,0.08,0.26,0.13,0.37,0.47,0.06,0.61,0.26,0.15
1,0.08,0.26,0.13,0.37,0.47,0.06,0.61,0.26,0.15
1,0.51,0.15,0.15,0.42,0.3,0.08,0.8,0.31,0.19
1,0.51,0.15,0.15,0.42,0.3,0.08,0.8,0.31,0.19
1,0.51,0.15,0.15,0.42,0.3,0.08,0.8,0.31,0.19
1,0.51,0.15,0.15,0.42,0.3,0.08,0.8,0.31,0.19
1,0.51,0.15,0.15,0.42,0.3,0.08,0.8,0.31,0.19
1,0.51,0.15,0.15,0.42,0.3,0.08,0.8,0.31,0.19
1,0.51,0.15,0.15,0.42,0.3,0.08,0.8,0.31,0.19
1,0.51,0.15,0.15,0.42,0.3,0.08,0.8,0.31,0.19
1,0.51,0.15,0.15,0.42,0.3,0.08,0.8,0.31,0.19
1,0.51,0.15,0.15,0.42,0.3,0.08,0.8,0.31,0.19
1,0.51,0.15,0.15,0.42,0.3,0.08,0.8,0.31,0.19
1,0.51,0.15,0.15,0.42,0.3,0.08,0.8,0.31,0.19
1,0.05,0.02,0.23,0.84,0.74,0.06,0.85,0.28,0.08
1,0.05,0.02,0.23,0.84,0.74,0.06,0.85,0.28,0.08
1,0.05,0.02,0.23,0.84,0.74,0.06,0.85,0.28,0.08
1,0.05,0.02,0.23,0.84,0.74,0.06,0.85,0.28,0.08
1,0.05,0.02,0.23,0.84,0.74,0.06,0.85,0.28,0.08
1,0.05,0.02,0.23,0.84,0.74,0.06,0.85,0.28,0.08
1,0.05,0.02,0.23,0.84,0.74,0.06,0.85,0.28,0.08
1,0.05,0.02,0.23,0.84,0.74,0.06,0.85,0.28,0.08
1,0.05,0.02,0.23,0.84,0.74,0.06,0.85,0.28,0.08
1,0.05,0.02,0.23,0.84,0.74,0.06,0.85,0.28,0.08
1,0.05,0.02,0.23,0.84,0.74,0.06,0.85,0.28,0.08
1,0.05,0.02,0.23,0.84,0.74,0.06,0.85,0.28,0.08
1,0.08,0.13,0.18,0.71,0.57,0.17,0.5,0.31,0.13
1,0.08,0.13,0.18,0.71,0.57,0.17,0.5,0.31,0.13
1,0.08,0.13,0.18,0.71,0.57,0.17,0.5,0.31,0.13
1,0.08,0.13,0.18,0.71,0.57,0.17,0.5,0.31,0.13
1,0.08,0.13,0.18,0.71,0.57,0.17,0.5,0.31,0.13
1,0.08,0.13,0.18,0.71,0.57,0.17,0.5,0.31,0.13
1,0.08,0.13,0.18,0.71,0.57,0.17,0.5,0.31,0.13
1,0.08,0.13,0.18,0.71,0.57,0.17,0.5,0.31,0.13
1,0.08,0.13,0.18,0.71,0.57,0.17,0.5,0.31,0.13
1,0.08,0.13,0.18,0.71,0.57,0.17,0.5,0.31,0.13
1,0.08,0.13,0.18,0.71,0.57,0.17,0.5,0.31,0.13
1,0.08,0.13,0.18,0.71,0.57,0.17,0.5,0.31,0.13
1,0.53,0.22,0.2,0.5,0.55,0.01,0.81,0.29,0.21
1,0.53,0.22,0.2,0.5,0.55,0.01,0.81,0.29,0.21
1,0.53,0.22,0.2,0.5,0.55,0.01,0.81,0.29,0.21
1,0.53,0.22,0.2,0.5,0.55,0.01,0.81,0.29,0.21
1,0.53,0.22,0.2,0.5,0.55,0.01,0.81,0.29,0.21
1,0.53,0.22,0.2,0.5,0.55,0.01,0.81,0.29,0.21
1,0.53,0.22,0.2,0.5,0.55,0.01,0.81,0.29,0.21
1,0.53,0.22,0.2,0.5,0.55,0.01,0.81,0.29,0.21
1,0.53,0.22,0.2,0.5,0.55,0.01,0.81,0.29,0.21
1,0.53,0.22,0.2,0.5,0.55,0.01,0.81,0.29,0.21
1,0.53,0.22,0.2,0.5,0.55,0.01,0.81,0.29,0.21
1,0.53,0.22,0.2,0.5,0.55,0.01,0.81,0.29,0.21
1,0.43,0.2,0.19,0.43,0.47,0.06,0.78,0.29,0.22
1,0.43,0.2,0.19,0.43,0.47,0.06,0.78,0.29,0.22
1,0.43,0.2,0.19,0.43,0.47,0.06,0.78,0.29,0.22
1,0.43,0.2,0.19,0.43,0.47,0.06,0.78,0.29,0.22
1,0.43,0.2,0.19,0.43,0.47,0.06,0.78,0.29,0.22
1,0.43,0.2,0.19,0.43,0.47,0.06,0.78,0.29,0.22
1,0.43,0.2,0.19,0.43,0.47,0.06,0.78,0.29,0.22
1,0.43,0.2,0.19,0.43,0.47,0.06,0.78,0.29,0.22
1,0.43,0.2,0.19,0.43,0.47,0.06,0.78,0.29,0.22
1,0.43,0.2,0.19,0.43,0.47,0.06,0.78,0.29,0.22
1,0.43,0.2,0.19,0.43,0.47,0.06,0.78,0.29,0.22
1,0.43,0.2,0.19,0.43,0.47,0.06,0.78,0.29,0.22
1,0.32,0.45,0.16,0.41,0.57,0.11,0.56,0.27,0.11
1,0.32,0.45,0.16,0.41,0.57,0.11,0.56,0.27,0.11
1,0.32,0.45,0.16,0.41,0.57,0.11,0.56,0.27,0.11
1,0.32,0.45,0.16,0.41,0.57,0.11,0.56,0.27,0.11
1,0.32,0.45,0.16,0.41,0.57,0.11,0.56,0.27,0.11
1,0.32,0.45,0.16,0.41,0.57,0.11,0.56,0.27,0.11
1,0.32,0.45,0.16,0.41,0.57,0.11,0.56,0.27,0.11
1,0.32,0.45,0.16,0.41,0.57,0.11,0.56,0.27,0.11
1,0.32,0.45,0.16,0.41,0.57,0.11,0.56,0.27,0.11
1,0.32,0.45,0.16,0.41,0.57,0.11,0.56,0.27,0.11
1,0.32,0.45,0.16,0.41,0.57,0.11,0.56,0.27,0.11
1,0.32,0.45,0.16,0.41,0.57,0.11,0.56,0.27,0.11
1,0.39,0.17,0.17,0.57,0.46,0.05,0.58,0.34,0.22
1,0.39,0.17,0.17,0.57,0.46,0.05,0.58,0.34,0.22
1,0.39,0.17,0.17,0.57,0.46,0.05,0.58,0.34,0.22
1,0.39,0.17,0.17,0.57,0.46,0.05,0.58,0.34,0.22
1,0.39,0.17,0.17,0.57,0.46,0.05,0.58,0.34,0.22
1,0.39,0.17,0.17,0.57,0.46,0.05,0.58,0.34,0.22
1,0.39,0.17,0.17,0.57,0.46,0.05,0.58,0.34,0.22
1,0.39,0.17,0.17,0.57,0.46,0.05,0.58,0.34,0.22
1,0.39,0.17,0.17,0.57,0.46,0.05,0.58,0.34,0.22
1,0.39,0.17,0.17,0.57,0.46,0.05,0.58,0.34,0.22
1,0.39,0.17,0.17,0.57,0.46,0.05,0.58,0.34,0.22
1,0.39,0.17,0.17,0.57,0.46,0.05,0.58,0.34,0.22
1,0.06,0.15,0.2,0.59,0.59,0.32,0.55,0.32,0.22
1,0.06,0.15,0.2,0.59,0.59,0.32,0.55,0.32,0.22
1,0.06,0.15,0.2,0.59,0.59,0.32,0.55,0.32,0.22
1,0.06,0.15,0.2,0.59,0.59,0.32,0.55,0.32,0.22
1,0.06,0.15,0.2,0.59,0.59,0.32,0.55,0.32,0.22
1,0.06,0.15,0.2,0.59,0.59,0.32,0.55,0.32,0.22
1,0.06,0.15,0.2,0.59,0.59,0.32,0.55,0.32,0.22
1,0.06,0.15,0.2,0.59,0.59,0.32,0.55,0.32,0.22
1,0.06,0.15,0.2,0.59,0.59,0.32,0.55,0.32,0.22
1,0.06,0.15,0.2,0.59,0.59,0.32,0.55,0.32,0.22
1,0.06,0.15,0.2,0.59,0.59,0.32,0.55,0.32,0.22
1,0.06,0.15,0.2,0.59,0.59,0.32,0.55,0.32,0.22
1,0.34,0.47,0.18,0.77,0.82,0.11,0.59,0.38,0.1
1,0.34,0.47,0.18,0.77,0.82,0.11,0.59,0.38,0.1
1,0.34,0.47,0.18,0.77,0.82,0.11,0.59,0.38,0.1
1,0.34,0.47,0.18,0.77,0.82,0.11,0.59,0.38,0.1
1,0.34,0.47,0.18,0.77,0.82,0.11,0.59,0.38,0.1
1,0.34,0.47,0.18,0.77,0.82,0.11,0.59,0.38,0.1
1,0.34,0.47,0.18,0.77,0.82,0.11,0.59,0.38,0.1
1,0.34,0.47,0.18,0.77,0.82,0.11,0.59,0.38,0.1
1,0.34,0.47,0.18,0.77,0.82,0.11,0.59,0.38,0.1
1,0.34,0.47,0.18,0.77,0.82,0.11,0.59,0.38,0.1
1,0.34,0.47,0.18,0.77,0.82,0.11,0.59,0.38,0.1
1,0.34,0.47,0.18,0.77,0.82,0.11,0.59,0.38,0.1
1,0.04,0.07,0.15,0.68,0.63,0.14,0.56,0.26,0.14
1,0.04,0.07,0.15,0.68,0.63,0.14,0.56,0.26,0.14
1,0.04,0.07,0.15,0.68,0.63,0.14,0.56,0.26,0.14
1,0.04,0.07,0.15,0.68,0.63,0.14,0.56,0.26,0.14
1,0.04,0.07,0.15,0.68,0.63,0.14,0.56,0.26,0.14
1,0.04,0.07,0.15,0.68,0.63,0.14,0.56,0.26,0.14
1,0.04,0.07,0.15,0.68,0.63,0.14,0.56,0.26,0.14
1,0.04,0.07,0.15,0.68,0.63,0.14,0.56,0.26,0.14
1,0.04,0.07,0.15,0.68,0.63,0.14,0.56,0.26,0.14
1,0.04,0.07,0.15,0.68,0.63,0.14,0.56,0.26,0.14
1,0.04,0.07,0.15,0.68,0.63,0.14,0.56,0.26,0.14
1,0.04,0.07,0.15,0.68,0.63,0.14,0.56,0.26,0.14
1,0.33,0.23,0.19,0.43,0.53,0.25,0.66,0.31,0.19
1,0.33,0.23,0.19,0.43,0.53,0.25,0.66,0.31,0.19
1,0.33,0.23,0.19,0.43,0.53,0.25,0.66,0.31,0.19
1,0.33,0.23,0.19,0.43,0.53,0.25,0.66,0.31,0.19
1,0.33,0.23,0.19,0.43,0.53,0.25,0.66,0.31,0.19
1,0.33,0.23,0.19,0.43,0.53,0.25,0.66,0.31,0.19
1,0.33,0.23,0.19,0.43,0.53,0.25,0.66,0.31,0.19
1,0.33,0.23,0.19,0.43,0.53,0.25,0.66,0.31,0.19
1,0.33,0.23,0.19,0.43,0.53,0.25,0.66,0.31,0.19
1,0.33,0.23,0.19,0.43,0.53,0.25,0.66,0.31,0.19
1,0.33,0.23,0.19,0.43,0.53,0.25,0.66,0.31,0.19
1,0.33,0.23,0.19,0.43,0.53,0.25,0.66,0.31,0.19
1,0.11,0.24,0.11,0.7,0.67,0.09,0.61,0.26,0.2
1,0.11,0.24,0.11,0.7,0.67,0.09,0.61,0.26,0.2
1,0.11,0.24,0.11,0.7,0.67,0.09,0.61,0.26,0.2
1,0.11,0.24,0.11,0.7,0.67,0.09,0.61,0.26,0.2
1,0.11,0.24,0.11,0.7,0.67,0.09,0.61,0.26,0.2
1,0.11,0.24,0.11,0.7,0.67,0.09,0.61,0.26,0.2
1,0.11,0.24,0.11,0.7,0.67,0.09,0.61,0.26,0.2
1,0.11,0.24,0.11,0.7,0.67,0.09,0.61,0.26,0.2
1,0.11,0.24,0.11,0.7,0.67,0.09,0.61,0.26,0.2
1,0.11,0.24,0.11,0.7,0.67,0.09,0.61,0.26,0.2
1,0.11,0.24,0.11,0.7,0.67,0.09,0.61,0.26,0.2
1,0.11,0.24,0.11,0.7,0.67,0.09,0.61,0.26,0.2
1,0.04,0.14,0.16,0.43,0.47,0.07,0.72,0.39,0.22
1,0.04,0.14,0.16,0.43,0.47,0.07,0.72,0.39,0.22
1,0.04,0.14,0.16,0.43,0.47,0.07,0.72,0.39,0.22
1,0.04,0.14,0.16,0.43,0.47,0.07,0.72,0.39,0.22
1,0.04,0.14,0.16,0.43,0.47,0.07,0.72,0.39,0.22
1,0.04,0.14,0.16,0.43,0.47,0.07,0.72,0.39,0.22
1,0.04,0.14,0.16,0.43,0.47,0.07,0.72,0.39,0.22
1,0.04,0.14,0.16,0.43,0.47,0.07,0.72,0.39,0.22
1,0.04,0.14,0.16,0.43,0.47,0.07,0.72,0.39,0.22
1,0.04,0.14,0.16,0.43,0.47,0.07,0.72,0.39,0.22
1,0.04,0.14,0.16,0.43,0.47,0.07,0.72,0.39,0.22
1,0.04,0.14,0.16,0.43,0.47,0.07,0.72,0.39,0.22
1,0.02,0.02,0.16,0.47,0.42,0.04,0.75,0.22,0.21
1,0.02,0.02,0.16,0.47,0.42,0.04,0.75,0.22,0.21
1,0.02,0.02,0.16,0.47,0.42,0.04,0.75,0.22,0.21
1,0.02,0.02,0.16,0.47,0.42,0.04,0.75,0.22,0.21
1,0.02,0.02,0.16,0.47,0.42,0.04,0.75,0.22,0.21
1,0.02,0.02,0.16,0.47,0.42,0.04,0.75,0.22,0.21
1,0.02,0.02,0.16,0.47,0.42,0.04,0.75,0.22,0.21
1,0.02,0.02,0.16,0.47,0.42,0.04,0.75,0.22,0.21
1,0.02,0.02,0.16,0.47,0.42,0.04,0.75,0.22,0.21
1,0.02,0.02,0.16,0.47,0.42,0.04,0.75,0.22,0.21
1,0.02,0.02,0.16,0.47,0.42,0.04,0.75,0.22,0.21
1,0.02,0.02,0.16,0.47,0.42,0.04,0.75,0.22,0.21
1,0.05,0.02,0.09,0.5,0.28,0.08,0.71,0.26,0.11
1,0.05,0.02,0.09,0.5,0.28,0.08,0.71,0.26,0.11
1,0.05,0.02,0.09,0.5,0.28,0.08,0.71,0.26,0.11
1,0.05,0.02,0.09,0.5,0.28,0.08,0.71,0.26,0.11
1,0.05,0.02,0.09,0.5,0.28,0.08,0.71,0.26,0.11
1,0.05,0.02,0.09,0.5,0.28,0.08,0.71,0.26,0.11
1,0.05,0.02,0.09,0.5,0.28,0.08,0.71,0.26,0.11
1,0.05,0.02,0.09,0.5,0.28,0.08,0.71,0.26,0.11
1,0.05,0.02,0.09,0.5,0.28,0.08,0.71,0.26,0.11
1,0.05,0.02,0.09,0.5,0.28,0.08,0.71,0.26,0.11
1,0.05,0.02,0.09,0.5,0.28,0.08,0.71,0.26,0.11
1,0.05,0.02,0.09,0.5,0.28,0.08,0.71,0.26,0.11
1,0.05,0.03,0.1,0.55,0.27,0.07,0.79,0.19,0.11
1,0.05,0.03,0.1,0.55,0.27,0.07,0.79,0.19,0.11
1,0.05,0.03,0.1,0.55,0.27,0.07,0.79,0.19,0.11
1,0.05,0.03,0.1,0.55,0.27,0.07,0.79,0.19,0.11
1,0.05,0.03,0.1,0.55,0.27,0.07,0.79,0.19,0.11
1,0.05,0.03,0.1,0.55,0.27,0.07,0.79,0.19,0.11
1,0.05,0.03,0.1,0.55,0.27,0.07,0.79,0.19,0.11
1,0.05,0.03,0.1,0.55,0.27,0.07,0.79,0.19,0.11
1,0.05,0.03,0.1,0.55,0.27,0.07,0.79,0.19,0.11
1,0.05,0.03,0.1,0.55,0.27,0.07,0.79,0.19,0.11
1,0.05,0.03,0.1,0.55,0.27,0.07,0.79,0.19,0.11
1,0.05,0.03,0.1,0.55,0.27,0.07,0.79,0.19,0.11
1,0.58,0.49,0.1,0.23,0.43,0.06,0.63,0.27,0.12
1,0.58,0.49,0.1,0.23,0.43,0.06,0.63,0.27,0.12
1,0.58,0.49,0.1,0.23,0.43,0.06,0.63,0.27,0.12
1,0.58,0.49,0.1,0.23,0.43,0.06,0.63,0.27,0.12
1,0.58,0.49,0.1,0.23,0.43,0.06,0.63,0.27,0.12
1,0.58,0.49,0.1,0.23,0.43,0.06,0.63,0.27,0.12
1,0.58,0.49,0.1,0.23,0.43,0.06,0.63,0.27,0.12
1,0.58,0.49,0.1,0.23,0.43,0.06,0.63,0.27,0.12
1,0.58,0.49,0.1,0.23,0.43,0.06,0.63,0.27,0.12
1,0.58,0.49,0.1,0.23,0.43,0.06,0.63,0.27,0.12
1,0.58,0.49,0.1,0.23,0.43,0.06,0.63,0.27,0.12
1,0.58,0.49,0.1,0.23,0.43,0.06,0.63,0.27,0.12
1,0.03,0.02,0.14,0.69,0.77,0.15,0.6,0.34,0.1
1,0.03,0.02,0.14,0.69,0.77,0.15,0.6,0.34,0.1
1,0.03,0.02,0.14,0.69,0.77,0.15,0.6,0.34,0.1
1,0.03,0.02,0.14,0.69,0.77,0.15,0.6,0.34,0.1
1,0.03,0.02,0.14,0.69,0.77,0.15,0.6,0.34,0.1
1,0.03,0.02,0.14,0.69,0.77,0.15,0.6,0.34,0.1
1,0.03,0.02,0.14,0.69,0.77,0.15,0.6,0.34,0.1
1,0.03,0.02,0.14,0.69,0.77,0.15,0.6,0.34,0.1
1,0.03,0.02,0.14,0.69,0.77,0.15,0.6,0.34,0.1
1,0.03,0.02,0.14,0.69,0.77,0.15,0.6,0.34,0.1
1,0.03,0.02,0.14,0.69,0.77,0.15,0.6,0.34,0.1
1,0.03,0.02,0.14,0.69,0.77,0.15,0.6,0.34,0.1
1,0.11,0.29,0.18,0.63,0.74,0.29,0.58,0.34,0.2
1,0.11,0.29,0.18,0.63,0.74,0.29,0.58,0.34,0.2
1,0.11,0.29,0.18,0.63,0.74,0.29,0.58,0.34,0.2
1,0.11,0.29,0.18,0.63,0.74,0.29,0.58,0.34,0.2
1,0.11,0.29,0.18,0.63,0.74,0.29,0.58,0.34,0.2
1,0.11,0.29,0.18,0.63,0.74,0.29,0.58,0.34,0.2
1,0.11,0.29,0.18,0.63,0.74,0.29,0.58,0.34,0.2
1,0.11,0.29,0.18,0.63,0.74,0.29,0.58,0.34,0.2
1,0.11,0.29,0.18,0.63,0.74,0.29,0.58,0.34,0.2
1,0.11,0.29,0.18,0.63,0.74,0.29,0.58,0.34,0.2
1,0.11,0.29,0.18,0.63,0.74,0.29,0.58,0.34,0.2
1,0.11,0.29,0.18,0.63,0.74,0.29,0.58,0.34,0.2
1,0.36,0.24,0.22,0.37,0.59,0.09,0.84,0.27,0.19
1,0.36,0.24,0.22,0.37,0.59,0.09,0.84,0.27,0.19
1,0.36,0.24,0.22,0.37,0.59,0.09,0.84,0.27,0.19
1,0.36,0.24,0.22,0.37,0.59,0.09,0.84,0.27,0.19
1,0.36,0.24,0.22,0.37,0.59,0.09,0.84,0.27,0.19
1,0.36,0.24,0.22,0.37,0.59,0.09,0.84,0.27,0.19
1,0.36,0.24,0.22,0.37,0.59,0.09,0.84,0.27,0.19
1,0.36,0.24,0.22,0.37,0.59,0.09,0.84,0.27,0.19
1,0.36,0.24,0.22,0.37,0.59,0.09,0.84,0.27,0.19
1,0.36,0.24,0.22,0.37,0.59,0.09,0.84,0.27,0.19
1,0.36,0.24,0.22,0.37,0.59,0.09,0.84,0.27,0.19
1,0.36,0.24,0.22,0.37,0.59,0.09,0.84,0.27,0.19
1,0.06,0.15,0.06,0.66,0.76,0.19,0.76,0.4,0.14
1,0.06,0.15,0.06,0.66,0.76,0.19,0.76,0.4,0.14
1,0.06,0.15,0.06,0.66,0.76,0.19,0.76,0.4,0.14
1,0.06,0.15,0.06,0.66,0.76,0.19,0.76,0.4,0.14
1,0.06,0.15,0.06,0.66,0.76,0.19,0.76,0.4,0.14
1,0.06,0.15,0.06,0.66,0.76,0.19,0.76,0.4,0.14
1,0.06,0.15,0.06,0.66,0.76,0.19,0.76,0.4,0.14
1,0.06,0.15,0.06,0.66,0.76,0.19,0.76,0.4,0.14
1,0.06,0.15,0.06,0.66,0.76,0.19,0.76,0.4,0.14
1,0.06,0.15,0.06,0.66,0.76,0.19,0.76,0.4,0.14
1,0.06,0.15,0.06,0.66,0.76,0.19,0.76,0.4,0.14
1,0.06,0.15,0.06,0.66,0.76,0.19,0.76,0.4,0.14
1,0.64,0.12,0.15,0.54,0.49,0.05,0.81,0.38,0.2
1,0.64,0.12,0.15,0.54,0.49,0.05,0.81,0.38,0.2
1,0.64,0.12,0.15,0.54,0.49,0.05,0.81,0.38,0.2
1,0.64,0.12,0.15,0.54,0.49,0.05,0.81,0.38,0.2
1,0.64,0.12,0.15,0.54,0.49,0.05,0.81,0.38,0.2
1,0.64,0.12,0.15,0.54,0.49,0.05,0.81,0.38,0.2
1,0.64,0.12,0.15,0.54,0.49,0.05,0.81,0.38,0.2
1,0.64,0.12,0.15,0.54,0.49,0.05,0.81,0.38,0.2
1,0.64,0.12,0.15,0.54,0.49,0.05,0.81,0.38,0.2
1,0.64,0.12,0.15,0.54,0.49,0.05,0.81,0.38,0.2
1,0.64,0.12,0.15,0.54,0.49,0.05,0.81,0.38,0.2
1,0.64,0.12,0.15,0.54,0.49,0.05,0.81,0.38,0.2
1,0.04,0.03,0.12,0.61,0.63,0.14,0.64,0.32,0.13
1,0.04,0.03,0.12,0.61,0.63,0.14,0.64,0.32,0.13
1,0.04,0.03,0.12,0.61,0.63,0.14,0.64,0.32,0.13
1,0.04,0.03,0.12,0.61,0.63,0.14,0.64,0.32,0.13
1,0.04,0.03,0.12,0.61,0.63,0.14,0.64,0.32,0.13
1,0.04,0.03,0.12,0.61,0.63,0.14,0.64,0.32,0.13
1,0.04,0.03,0.12,0.61,0.63,0.14,0.64,0.32,0.13
1,0.04,0.03,0.12,0.61,0.63,0.14,0.64,0.32,0.13
1,0.04,0.03,0.12,0.61,0.63,0.14,0.64,0.32,0.13
1,0.04,0.03,0.12,0.61,0.63,0.14,0.64,0.32,0.13
1,0.04,0.03,0.12,0.61,0.63,0.14,0.64,0.32,0.13
1,0.04,0.03,0.12,0.61,0.63,0.14,0.64,0.32,0.13
1,0.13,0.32,0.15,0.68,0.46,0.15,0.57,0.25,0.16
1,0.13,0.32,0.15,0.68,0.46,0.15,0.57,0.25,0.16
1,0.13,0.32,0.15,0.68,0.46,0.15,0.57,0.25,0.16
1,0.13,0.32,0.15,0.68,0.46,0.15,0.57,0.25,0.16
1,0.13,0.32,0.15,0.68,0.46,0.15,0.57,0.25,0.16
1,0.13,0.32,0.15,0.68,0.46,0.15,0.57,0.25,0.16
1,0.13,0.32,0.15,0.68,0.46,0.15,0.57,0.25,0.16
1,0.13,0.32,0.15,0.68,0.46,0.15,0.57,0.25,0.16
1,0.13,0.32,0.15,0.68,0.46,0.15,0.57,0.25,0.16
1,0.13,0.32,0.15,0.68,0.46,0.15,0.57,0.25,0.16
1,0.13,0.32,0.15,0.68,0.46,0.15,0.57,0.25,0.16
1,0.13,0.32,0.15,0.68,0.46,0.15,0.57,0.25,0.16
1,0.06,0.03,0.19,0.58,0.57,0.23,0.64,0.33,0.21
1,0.06,0.03,0.19,0.58,0.57,0.23,0.64,0.33,0.21
1,0.06,0.03,0.19,0.58,0.57,0.23,0.64,0.33,0.21
1,0.06,0.03,0.19,0.58,0.57,0.23,0.64,0.33,0.21
1,0.06,0.03,0.19,0.58,0.57,0.23,0.64,0.33,0.21
1,0.06,0.03,0.19,0.58,0.57,0.23,0.64,0.33,0.21
1,0.06,0.03,0.19,0.58,0.57,0.23,0.64,0.33,0.21
1,0.06,0.03,0.19,0.58,0.57,0.23,0.64,0.33,0.21
1,0.06,0.03,0.19,0.58,0.57,0.23,0.64,0.33,0.21
1,0.06,0.03,0.19,0.58,0.57,0.23,0.64,0.33,0.21
1,0.06,0.03,0.19,0.58,0.57,0.23,0.64,0.33,0.21
1,0.06,0.03,0.19,0.58,0.57,0.23,0.64,0.33,0.21
1,0.05,0.02,0.12,0.66,0.32,0.13,0.7,0.33,0.12
1,0.05,0.02,0.12,0.66,0.32,0.13,0.7,0.33,0.12
1,0.05,0.02,0.12,0.66,0.32,0.13,0.7,0.33,0.12
1,0.05,0.02,0.12,0.66,0.32,0.13,0.7,0.33,0.12
1,0.05,0.02,0.12,0.66,0.32,0.13,0.7,0.33,0.12
1,0.05,0.02,0.12,0.66,0.32,0.13,0.7,0.33,0.12
1,0.05,0.02,0.12,0.66,0.32,0.13,0.7,0.33,0.12
1,0.05,0.02,0.12,0.66,0.32,0.13,0.7,0.33,0.12
1,0.05,0.02,0.12,0.66,0.32,0.13,0.7,0.33,0.12
1,0.05,0.02,0.12,0.66,0.32,0.13,0.7,0.33,0.12
1,0.05,0.02,0.12,0.66,0.32,0.13,0.7,0.33,0.12
1,0.05,0.02,0.12,0.66,0.32,0.13,0.7,0.33,0.12
1,0.47,0.5,0.1,0.44,0.67,0.01,0.77,0.27,0.08
1,0.47,0.5,0.1,0.44,0.67,0.01,0.77,0.27,0.08
1,0.47,0.5,0.1,0.44,0.67,0.01,0.77,0.27,0.08
1,0.47,0.5,0.1,0.44,0.67,0.01,0.77,0.27,0.08
1,0.47,0.5,0.1,0.44,0.67,0.01,0.77,0.27,0.08
1,0.47,0.5,0.1,0.44,0.67,0.01,0.77,0.27,0.08
1,0.47,0.5,0.1,0.44,0.67,0.01,0.77,0.27,0.08
1,0.47,0.5,0.1,0.44,0.67,0.01,0.77,0.27,0.08
1,0.47,0.5,0.1,0.44,0.67,0.01,0.77,0.27,0.08
1,0.47,0.5,0.1,0.44,0.67,0.01,0.77,0.27,0.08
1,0.47,0.5,0.1,0.44,0.67,0.01,0.77,0.27,0.08
1,0.47,0.5,0.1,0.44,0.67,0.01,0.77,0.27,0.08
1,0.06,0.04,0.19,0.73,0.55,0.13,0.54,0.33,0.19
1,0.06,0.04,0.19,0.73,0.55,0.13,0.54,0.33,0.19
1,0.06,0.04,0.19,0.73,0.55,0.13,0.54,0.33,0.19
1,0.06,0.04,0.19,0.73,0.55,0.13,0.54,0.33,0.19
1,0.06,0.04,0.19,0.73,0.55,0.13,0.54,0.33,0.19
1,0.06,0.04,0.19,0.73,0.55,0.13,0.54,0.33,0.19
1,0.06,0.04,0.19,0.73,0.55,0.13,0.54,0.33,0.19
1,0.06,0.04,0.19,0.73,0.55,0.13,0.54,0.33,0.19
1,0.06,0.04,0.19,0.73,0.55,0.13,0.54,0.33,0.19
1,0.06,0.04,0.19,0.73,0.55,0.13,0.54,0.33,0.19
1,0.06,0.04,0.19,0.73,0.55,0.13,0.54,0.33,0.19
1,0.06,0.04,0.19,0.73,0.55,0.13,0.54,0.33,0.19
1,0.44,0.1,0.1,0.37,0.38,0.03,0.83,0.34,0.15
1,0.44,0.1,0.1,0.37,0.38,0.03,0.83,0.34,0.15
1,0.44,0.1,0.1,0.37,0.38,0.03,0.83,0.34,0.15
1,0.44,0.1,0.1,0.37,0.38,0.03,0.83,0.34,0.15
1,0.44,0.1,0.1,0.37,0.38,0.03,0.83,0.34,0.15
1,0.44,0.1,0.1,0.37,0.38,0.03,0.83,0.34,0.15
1,0.44,0.1,0.1,0.37,0.38,0.03,0.83,0.34,0.15
1,0.44,0.1,0.1,0.37,0.38,0.03,0.83,0.34,0.15
1,0.44,0.1,0.1,0.37,0.38,0.03,0.83,0.34,0.15
1,0.44,0.1,0.1,0.37,0.38,0.03,0.83,0.34,0.15
1,0.44,0.1,0.1,0.37,0.38,0.03,0.83,0.34,0.15
1,0.44,0.1,0.1,0.37,0.38,0.03,0.83,0.34,0.15
1,0.05,0.14,0.11,0.47,0.53,0.23,0.61,0.31,0.11
1,0.05,0.14,0.11,0.47,0.53,0.23,0.61,0.31,0.11
1,0.05,0.14,0.11,0.47,0.53,0.23,0.61,0.31,0.11
1,0.05,0.14,0.11,0.47,0.53,0.23,0.61,0.31,0.11
1,0.05,0.14,0.11,0.47,0.53,0.23,0.61,0.31,0.11
1,0.05,0.14,0.11,0.47,0.53,0.23,0.61,0.31,0.11
1,0.05,0.14,0.11,0.47,0.53,0.23,0.61,0.31,0.11
1,0.05,0.14,0.11,0.47,0.53,0.23,0.61,0.31,0.11
1,0.05,0.14,0.11,0.47,0.53,0.23,0.61,0.31,0.11
1,0.05,0.14,0.11,0.47,0.53,0.23,0.61,0.31,0.11
1,0.05,0.14,0.11,0.47,0.53,0.23,0.61,0.31,0.11
1,0.05,0.14,0.11,0.47,0.53,0.23,0.61,0.31,0.11
1,0.11,0.3,0.15,0.42,0.48,0.26,0.67,0.37,0.22
1,0.11,0.3,0.15,0.42,0.48,0.26,0.67,0.37,0.22
1,0.11,0.3,0.15,0.42,0.48,0.26,0.67,0.37,0.22
1,0.11,0.3,0.15,0.42,0.48,0.26,0.67,0.37,0.22
1,0.11,0.3,0.15,0.42,0.48,0.26,0.67,0.37,0.22
1,0.11,0.3,0.15,0.42,0.48,0.26,0.67,0.37,0.22
1,0.11,0.3,0.15,0.42,0.48,0.26,0.67,0.37,0.22
1,0.11,0.3,0.15,0.42,0.48,0.26,0.67,0.37,0.22
1,0.11,0.3,0.15,0.42,0.48,0.26,0.67,0.37,0.22
1,0.11,0.3,0.15,0.42,0.48,0.26,0.67,0.37,0.22
1,0.11,0.3,0.15,0.42,0.48,0.26,0.67,0.37,0.22
1,0.11,0.3,0.15,0.42,0.48,0.26,0.67,0.37,0.22
1,0.05,0.05,0.18,0.65,0.42,0.04,0.63,0.27,0.21
1,0.05,0.05,0.18,0.65,0.42,0.04,0.63,0.27,0.21
1,0.05,0.05,0.18,0.65,0.42,0.04,0.63,0.27,0.21
1,0.05,0.05,0.18,0.65,0.42,0.04,0.63,0.27,0.21
1,0.05,0.05,0.18,0.65,0.42,0.04,0.63,0.27,0.21
1,0.05,0.05,0.18,0.65,0.42,0.04,0.63,0.27,0.21
1,0.05,0.05,0.18,0.65,0.42,0.04,0.63,0.27,0.21
1,0.05,0.05,0.18,0.65,0.42,0.04,0.63,0.27,0.21
1,0.05,0.05,0.18,0.65,0.42,0.04,0.63,0.27,0.21
1,0.05,0.05,0.18,0.65,0.42,0.04,0.63,0.27,0.21
1,0.05,0.05,0.18,0.65,0.42,0.04,0.63,0.27,0.21
1,0.05,0.05,0.18,0.65,0.42,0.04,0.63,0.27,0.21
1,0.18,0.37,0.1,0.66,0.61,0.43,0.48,0.26,0.18
1,0.18,0.37,0.1,0.66,0.61,0.43,0.48,0.26,0.18
1,0.18,0.37,0.1,0.66,0.61,0.43,0.48,0.26,0.18
1,0.18,0.37,0.1,0.66,0.61,0.43,0.48,0.26,0.18
1,0.18,0.37,0.1,0.66,0.61,0.43,0.48,0.26,0.18
1,0.18,0.37,0.1,0.66,0.61,0.43,0.48,0.26,0.18
1,0.18,0.37,0.1,0.66,0.61,0.43,0.48,0.26,0.18
1,0.18,0.37,0.1,0.66,0.61,0.43,0.48,0.26,0.18
1,0.18,0.37,0.1,0.66,0.61,0.43,0.48,0.26,0.18
1,0.18,0.37,0.1,0.66,0.61,0.43,0.48,0.26,0.18
1,0.18,0.37,0.1,0.66,0.61,0.43,0.48,0.26,0.18
1,0.18,0.37,0.1,0.66,0.61,0.43,0.48,0.26,0.18
1,0.02,0.07,0.12,0.49,0.47,0.04,0.79,0.3,0.16
1,0.02,0.07,0.12,0.49,0.47,0.04,0.79,0.3,0.16
1,0.02,0.07,0.12,0.49,0.47,0.04,0.79,0.3,0.16
1,0.02,0.07,0.12,0.49,0.47,0.04,0.79,0.3,0.16
1,0.02,0.07,0.12,0.49,0.47,0.04,0.79,0.3,0.16
1,0.02,0.07,0.12,0.49,0.47,0.04,0.79,0.3,0.16
1,0.02,0.07,0.12,0.49,0.47,0.04,0.79,0.3,0.16
1,0.02,0.07,0.12,0.49,0.47,0.04,0.79,0.3,0.16
1,0.02,0.07,0.12,0.49,0.47,0.04,0.79,0.3,0.16
1,0.02,0.07,0.12,0.49,0.47,0.04,0.79,0.3,0.16
1,0.02,0.07,0.12,0.49,0.47,0.04,0.79,0.3,0.16
1,0.02,0.07,0.12,0.49,0.47,0.04,0.79,0.3,0.16
1,0.56,0.14,0.16,0.52,0.51,0.03,0.82,0.28,0.21
1,0.56,0.14,0.16,0.52,0.51,0.03,0.82,0.28,0.21
1,0.56,0.14,0.16,0.52,0.51,0.03,0.82,0.28,0.21
1,0.56,0.14,0.16,0.52,0.51,0.03,0.82,0.28,0.21
1,0.56,0.14,0.16,0.52,0.51,0.03,0.82,0.28,0.21
1,0.56,0.14,0.16,0.52,0.51,0.03,0.82,0.28,0.21
1,0.56,0.14,0.16,0.52,0.51,0.03,0.82,0.28,0.21
1,0.56,0.14,0.16,0.52,0.51,0.03,0.82,0.28,0.21
1,0.56,0.14,0.16,0.52,0.51,0.03,0.82,0.28,0.21
1,0.56,0.14,0.16,0.52,0.51,0.03,0.82,0.28,0.21
1,0.56,0.14,0.16,0.52,0.51,0.03,0.82,0.28,0.21
1,0.56,0.14,0.16,0.52,0.51,0.03,0.82,0.28,0.21
1,0.36,0.19,0.19,0.42,0.46,0.08,0.76,0.26,0.19
1,0.36,0.19,0.19,0.42,0.46,0.08,0.76,0.26,0.19
1,0.36,0.19,0.19,0.42,0.46,0.08,0.76,0.26,0.19
1,0.36,0.19,0.19,0.42,0.46,0.08,0.76,0.26,0.19
1,0.36,0.19,0.19,0.42,0.46,0.08,0.76,0.26,0.19
1,0.36,0.19,0.19,0.42,0.46,0.08,0.76,0.26,0.19
1,0.36,0.19,0.19,0.42,0.46,0.08,0.76,0.26,0.19
1,0.36,0.19,0.19,0.42,0.46,0.08,0.76,0.26,0.19
1,0.36,0.19,0.19,0.42,0.46,0.08,0.76,0.26,0.19
1,0.36,0.19,0.19,0.42,0.46,0.08,0.76,0.26,0.19
1,0.36,0.19,0.19,0.42,0.46,0.08,0.76,0.26,0.19
1,0.36,0.19,0.19,0.42,0.46,0.08,0.76,0.26,0.19
1,0.08,0.02,0.16,0.71,0.7,0.12,0.56,0.31,0.12
1,0.08,0.02,0.16,0.71,0.7,0.12,0.56,0.31,0.12
1,0.08,0.02,0.16,0.71,0.7,0.12,0.56,0.31,0.12
1,0.08,0.02,0.16,0.71,0.7,0.12,0.56,0.31,0.12
1,0.08,0.02,0.16,0.71,0.7,0.12,0.56,0.31,0.12
1,0.08,0.02,0.16,0.71,0.7,0.12,0.56,0.31,0.12
1,0.08,0.02,0.16,0.71,0.7,0.12,0.56,0.31,0.12
1,0.08,0.02,0.16,0.71,0.7,0.12,0.56,0.31,0.12
1,0.08,0.02,0.16,0.71,0.7,0.12,0.56,0.31,0.12
1,0.08,0.02,0.16,0.71,0.7,0.12,0.56,0.31,0.12
1,0.08,0.02,0.16,0.71,0.7,0.12,0.56,0.31,0.12
1,0.08,0.02,0.16,0.71,0.7,0.12,0.56,0.31,0.12
1,0.06,0.04,0.14,0.67,0.49,0.05,0.49,0.23,0.16
1,0.06,0.04,0.14,0.67,0.49,0.05,0.49,0.23,0.16
1,0.06,0.04,0.14,0.67,0.49,0.05,0.49,0.23,0.16
1,0.06,0.04,0.14,0.67,0.49,0.05,0.49,0.23,0.16
1,0.06,0.04,0.14,0.67,0.49,0.05,0.49,0.23,0.16
1,0.06,0.04,0.14,0.67,0.49,0.05,0.49,0.23,0.16
1,0.06,0.04,0.14,0.67,0.49,0.05,0.49,0.23,0.16
1,0.06,0.04,0.14,0.67,0.49,0.05,0.49,0.23,0.16
1,0.06,0.04,0.14,0.67,0.49,0.05,0.49,0.23,0.16
1,0.06,0.04,0.14,0.67,0.49,0.05,0.49,0.23,0.16
1,0.06,0.04,0.14,0.67,0.49,0.05,0.49,0.23,0.16
1,0.06,0.04,0.14,0.67,0.49,0.05,0.49,0.23,0.16
1,0.47,0.23,0.22,0.31,0.39,0.07,0.68,0.3,0.24
1,0.47,0.23,0.22,0.31,0.39,0.07,0.68,0.3,0.24
1,0.47,0.23,0.22,0.31,0.39,0.07,0.68,0.3,0.24
1,0.47,0.23,0.22,0.31,0.39,0.07,0.68,0.3,0.24
1,0.47,0.23,0.22,0.31,0.39,0.07,0.68,0.3,0.24
1,0.47,0.23,0.22,0.31,0.39,0.07,0.68,0.3,0.24
1,0.47,0.23,0.22,0.31,0.39,0.07,0.68,0.3,0.24
1,0.47,0.23,0.22,0.31,0.39,0.07,0.68,0.3,0.24
1,0.47,0.23,0.22,0.31,0.39,0.07,0.68,0.3,0.24
1,0.47,0.23,0.22,0.31,0.39,0.07,0.68,0.3,0.24
1,0.47,0.23,0.22,0.31,0.39,0.07,0.68,0.3,0.24
1,0.47,0.23,0.22,0.31,0.39,0.07,0.68,0.3,0.24
1,0.3,0.21,0.19,0.43,0.52,0.28,0.72,0.27,0.19
1,0.3,0.21,0.19,0.43,0.52,0.28,0.72,0.27,0.19
1,0.3,0.21,0.19,0.43,0.52,0.28,0.72,0.27,0.19
1,0.3,0.21,0.19,0.43,0.52,0.28,0.72,0.27,0.19
1,0.3,0.21,0.19,0.43,0.52,0.28,0.72,0.27,0.19
1,0.3,0.21,0.19,0.43,0.52,0.28,0.72,0.27,0.19
1,0.3,0.21,0.19,0.43,0.52,0.28,0.72,0.27,0.19
1,0.3,0.21,0.19,0.43,0.52,0.28,0.72,0.27,0.19
1,0.3,0.21,0.19,0.43,0.52,0.28,0.72,0.27,0.19
1,0.3,0.21,0.19,0.43,0.52,0.28,0.72,0.27,0.19
1,0.3,0.21,0.19,0.43,0.52,0.28,0.72,0.27,0.19
1,0.3,0.21,0.19,0.43,0.52,0.28,0.72,0.27,0.19
1,0.05,0.05,0.2,0.71,0.37,0.02,0.6,0.28,0.2
1,0.05,0.05,0.2,0.71,0.37,0.02,0.6,0.28,0.2
1,0.05,0.05,0.2,0.71,0.37,0.02,0.6,0.28,0.2
1,0.05,0.05,0.2,0.71,0.37,0.02,0.6,0.28,0.2
1,0.05,0.05,0.2,0.71,0.37,0.02,0.6,0.28,0.2
1,0.05,0.05,0.2,0.71,0.37,0.02,0.6,0.28,0.2
1,0.05,0.05,0.2,0.71,0.37,0.02,0.6,0.28,0.2
1,0.05,0.05,0.2,0.71,0.37,0.02,0.6,0.28,0.2
1,0.05,0.05,0.2,0.71,0.37,0.02,0.6,0.28,0.2
1,0.05,0.05,0.2,0.71,0.37,0.02,0.6,0.28,0.2
1,0.05,0.05,0.2,0.71,0.37,0.02,0.6,0.28,0.2
1,0.05,0.05,0.2,0.71,0.37,0.02,0.6,0.28,0.2
1,0.06,0.12,0.14,0.41,0.49,0.09,0.68,0.3,0.18
1,0.06,0.12,0.14,0.41,0.49,0.09,0.68,0.3,0.18
1,0.06,0.12,0.14,0.41,0.49,0.09,0.68,0.3,0.18
1,0.06,0.12,0.14,0.41,0.49,0.09,0.68,0.3,0.18
1,0.06,0.12,0.14,0.41,0.49,0.09,0.68,0.3,0.18
1,0.06,0.12,0.14,0.41,0.49,0.09,0.68,0.3,0.18
1,0.06,0.12,0.14,0.41,0.49,0.09,0.68,0.3,0.18
1,0.06,0.12,0.14,0.41,0.49,0.09,0.68,0.3,0.18
1,0.06,0.12,0.14,0.41,0.49,0.09,0.68,0.3,0.18
1,0.06,0.12,0.14,0.41,0.49,0.09,0.68,0.3,0.18
1,0.06,0.12,0.14,0.41,0.49,0.09,0.68,0.3,0.18
1,0.06,0.12,0.14,0.41,0.49,0.09,0.68,0.3,0.18
1,0.74,0.42,0.16,0.68,0.65,0.08,0.83,0.25,0.15
1,0.74,0.42,0.16,0.68,0.65,0.08,0.83,0.25,0.15
1,0.74,0.42,0.16,0.68,0.65,0.08,0.83,0.25,0.15
1,0.74,0.42,0.16,0.68,0.65,0.08,0.83,0.25,0.15
1,0.74,0.42,0.16,0.68,0.65,0.08,0.83,0.25,0.15
1,0.74,0.42,0.16,0.68,0.65,0.08,0.83,0.25,0.15
1,0.74,0.42,0.16,0.68,0.65,0.08,0.83,0.25,0.15
1,0.74,0.42,0.16,0.68,0.65,0.08,0.83,0.25,0.15
1,0.74,0.42,0.16,0.68,0.65,0.08,0.83,0.25,0.15
1,0.74,0.42,0.16,0.68,0.65,0.08,0.83,0.25,0.15
1,0.74,0.42,0.16,0.68,0.65,0.08,0.83,0.25,0.15
1,0.74,0.42,0.16,0.68,0.65,0.08,0.83,0.25,0.15
1,0.74,0.43,0.16,0.72,0.67,0.13,0.78,0.26,0.13
1,0.74,0.43,0.16,0.72,0.67,0.13,0.78,0.26,0.13
1,0.74,0.43,0.16,0.72,0.67,0.13,0.78,0.26,0.13
1,0.74,0.43,0.16,0.72,0.67,0.13,0.78,0.26,0.13
1,0.74,0.43,0.16,0.72,0.67,0.13,0.78,0.26,0.13
1,0.74,0.43,0.16,0.72,0.67,0.13,0.78,0.26,0.13
1,0.74,0.43,0.16,0.72,0.67,0.13,0.78,0.26,0.13
1,0.74,0.43,0.16,0.72,0.67,0.13,0.78,0.26,0.13
1,0.74,0.43,0.16,0.72,0.67,0.13,0.78,0.26,0.13
1,0.74,0.43,0.16,0.72,0.67,0.13,0.78,0.26,0.13
1,0.74,0.43,0.16,0.72,0.67,0.13,0.78,0.26,0.13
1,0.74,0.43,0.16,0.72,0.67,0.13,0.78,0.26,0.13
1,0.02,0.06,0.15,0.49,0.69,0.13,0.67,0.35,0.12
1,0.02,0.06,0.15,0.49,0.69,0.13,0.67,0.35,0.12
1,0.02,0.06,0.15,0.49,0.69,0.13,0.67,0.35,0.12
1,0.02,0.06,0.15,0.49,0.69,0.13,0.67,0.35,0.12
1,0.02,0.06,0.15,0.49,0.69,0.13,0.67,0.35,0.12
1,0.02,0.06,0.15,0.49,0.69,0.13,0.67,0.35,0.12
1,0.02,0.06,0.15,0.49,0.69,0.13,0.67,0.35,0.12
1,0.02,0.06,0.15,0.49,0.69,0.13,0.67,0.35,0.12
1,0.02,0.06,0.15,0.49,0.69,0.13,0.67,0.35,0.12
1,0.02,0.06,0.15,0.49,0.69,0.13,0.67,0.35,0.12
1,0.02,0.06,0.15,0.49,0.69,0.13,0.67,0.35,0.12
1,0.02,0.06,0.15,0.49,0.69,0.13,0.67,0.35,0.12
1,0.28,0.42,0.14,0.7,0.56,0.02,0.74,0.33,0.2
1,0.28,0.42,0.14,0.7,0.56,0.02,0.74,0.33,0.2
1,0.28,0.42,0.14,0.7,0.56,0.02,0.74,0.33,0.2
1,0.28,0.42,0.14,0.7,0.56,0.02,0.74,0.33,0.2
1,0.28,0.42,0.14,0.7,0.56,0.02,0.74,0.33,0.2
1,0.28,0.42,0.14,0.7,0.56,0.02,0.74,0.33,0.2
1,0.28,0.42,0.14,0.7,0.56,0.02,0.74,0.33,0.2
1,0.28,0.42,0.14,0.7,0.56,0.02,0.74,0.33,0.2
1,0.28,0.42,0.14,0.7,0.56,0.02,0.74,0.33,0.2
1,0.28,0.42,0.14,0.7,0.56,0.02,0.74,0.33,0.2
1,0.28,0.42,0.14,0.7,0.56,0.02,0.74,0.33,0.2
1,0.28,0.42,0.14,0.7,0.56,0.02,0.74,0.33,0.2
1,0.34,0.4,0.17,0.65,0.49,0.07,0.7,0.31,0.3
1,0.34,0.4,0.17,0.65,0.49,0.07,0.7,0.31,0.3
1,0.34,0.4,0.17,0.65,0.49,0.07,0.7,0.31,0.3
1,0.34,0.4,0.17,0.65,0.49,0.07,0.7,0.31,0.3
1,0.34,0.4,0.17,0.65,0.49,0.07,0.7,0.31,0.3
1,0.34,0.4,0.17,0.65,0.49,0.07,0.7,0.31,0.3
1,0.34,0.4,0.17,0.65,0.49,0.07,0.7,0.31,0.3
1,0.34,0.4,0.17,0.65,0.49,0.07,0.7,0.31,0.3
1,0.34,0.4,0.17,0.65,0.49,0.07,0.7,0.31,0.3
1,0.34,0.4,0.17,0.65,0.49,0.07,0.7,0.31,0.3
1,0.34,0.4,0.17,0.65,0.49,0.07,0.7,0.31,0.3
1,0.34,0.4,0.17,0.65,0.49,0.07,0.7,0.31,0.3
1,0.77,0.41,0.1,0.52,0.73,0.13,0.77,0.35,0.12
1,0.77,0.41,0.1,0.52,0.73,0.13,0.77,0.35,0.12
1,0.77,0.41,0.1,0.52,0.73,0.13,0.77,0.35,0.12
1,0.77,0.41,0.1,0.52,0.73,0.13,0.77,0.35,0.12
1,0.77,0.41,0.1,0.52,0.73,0.13,0.77,0.35,0.12
1,0.77,0.41,0.1,0.52,0.73,0.13,0.77,0.35,0.12
1,0.77,0.41,0.1,0.52,0.73,0.13,0.77,0.35,0.12
1,0.77,0.41,0.1,0.52,0.73,0.13,0.77,0.35,0.12
1,0.77,0.41,0.1,0.52,0.73,0.13,0.77,0.35,0.12
1,0.77,0.41,0.1,0.52,0.73,0.13,0.77,0.35,0.12
1,0.77,0.41,0.1,0.52,0.73,0.13,0.77,0.35,0.12
1,0.77,0.41,0.1,0.52,0.73,0.13,0.77,0.35,0.12
1,0.02,0.03,0.18,0.8,0.78,0.18,0.56,0.28,0.09
1,0.02,0.03,0.18,0.8,0.78,0.18,0.56,0.28,0.09
1,0.02,0.03,0.18,0.8,0.78,0.18,0.56,0.28,0.09
1,0.02,0.03,0.18,0.8,0.78,0.18,0.56,0.28,0.09
1,0.02,0.03,0.18,0.8,0.78,0.18,0.56,0.28,0.09
1,0.02,0.03,0.18,0.8,0.78,0.18,0.56,0.28,0.09
1,0.02,0.03,0.18,0.8,0.78,0.18,0.56,0.28,0.09
1,0.02,0.03,0.18,0.8,0.78,0.18,0.56,0.28,0.09
1,0.02,0.03,0.18,0.8,0.78,0.18,0.56,0.28,0.09
1,0.02,0.03,0.18,0.8,0.78,0.18,0.56,0.28,0.09
1,0.02,0.03,0.18,0.8,0.78,0.18,0.56,0.28,0.09
1,0.02,0.03,0.18,0.8,0.78,0.18,0.56,0.28,0.09
1,0.33,0.17,0.16,0.37,0.44,0.08,0.78,0.25,0.19
1,0.33,0.17,0.16,0.37,0.44,0.08,0.78,0.25,0.19
1,0.33,0.17,0.16,0.37,0.44,0.08,0.78,0.25,0.19
1,0.33,0.17,0.16,0.37,0.44,0.08,0.78,0.25,0.19
1,0.33,0.17,0.16,0.37,0.44,0.08,0.78,0.25,0.19
1,0.33,0.17,0.16,0.37,0.44,0.08,0.78,0.25,0.19
1,0.33,0.17,0.16,0.37,0.44,0.08,0.78,0.25,0.19
1,0.33,0.17,0.16,0.37,0.44,0.08,0.78,0.25,0.19
1,0.33,0.17,0.16,0.37,0.44,0.08,0.78,0.25,0.19
1,0.33,0.17,0.16,0.37,0.44,0.08,0.78,0.25,0.19
1,0.33,0.17,0.16,0.37,0.44,0.08,0.78,0.25,0.19
1,0.33,0.17,0.16,0.37,0.44,0.08,0.78,0.25,0.19
1,0.08,0.25,0.14,0.47,0.55,0.05,0.64,0.35,0.2
1,0.08,0.25,0.14,0.47,0.55,0.05,0.64,0.35,0.2
1,0.08,0.25,0.14,0.47,0.55,0.05,0.64,0.35,0.2
1,0.08,0.25,0.14,0.47,0.55,0.05,0.64,0.35,0.2
1,0.08,0.25,0.14,0.47,0.55,0.05,0.64,0.35,0.2
1,0.08,0.25,0.14,0.47,0.55,0.05,0.64,0.35,0.2
1,0.08,0.25,0.14,0.47,0.55,0.05,0.64,0.35,0.2
1,0.08,0.25,0.14,0.47,0.55,0.05,0.64,0.35,0.2
1,0.08,0.25,0.14,0.47,0.55,0.05,0.64,0.35,0.2
1,0.08,0.25,0.14,0.47,0.55,0.05,0.64,0.35,0.2
1,0.08,0.25,0.14,0.47,0.55,0.05,0.64,0.35,0.2
1,0.08,0.25,0.14,0.47,0.55,0.05,0.64,0.35,0.2
1,0.12,0.32,0.11,0.66,0.8,0.13,0.55,0.32,0.09
1,0.12,0.32,0.11,0.66,0.8,0.13,0.55,0.32,0.09
1,0.12,0.32,0.11,0.66,0.8,0.13,0.55,0.32,0.09
1,0.12,0.32,0.11,0.66,0.8,0.13,0.55,0.32,0.09
1,0.12,0.32,0.11,0.66,0.8,0.13,0.55,0.32,0.09
1,0.12,0.32,0.11,0.66,0.8,0.13,0.55,0.32,0.09
1,0.12,0.32,0.11,0.66,0.8,0.13,0.55,0.32,0.09
1,0.12,0.32,0.11,0.66,0.8,0.13,0.55,0.32,0.09
1,0.12,0.32,0.11,0.66,0.8,0.13,0.55,0.32,0.09
1,0.12,0.32,0.11,0.66,0.8,0.13,0.55,0.32,0.09
1,0.12,0.32,0.11,0.66,0.8,0.13,0.55,0.32,0.09
1,0.12,0.32,0.11,0.66,0.8,0.13,0.55,0.32,0.09
1,0.91,0.26,0.15,0.29,0.52,0.06,0.65,0.3,0.14
1,0.91,0.26,0.15,0.29,0.52,0.06,0.65,0.3,0.14
1,0.91,0.26,0.15,0.29,0.52,0.06,0.65,0.3,0.14
1,0.91,0.26,0.15,0.29,0.52,0.06,0.65,0.3,0.14
1,0.91,0.26,0.15,0.29,0.52,0.06,0.65,0.3,0.14
1,0.91,0.26,0.15,0.29,0.52,0.06,0.65,0.3,0.14
1,0.91,0.26,0.15,0.29,0.52,0.06,0.65,0.3,0.14
1,0.91,0.26,0.15,0.29,0.52,0.06,0.65,0.3,0.14
1,0.91,0.26,0.15,0.29,0.52,0.06,0.65,0.3,0.14
1,0.91,0.26,0.15,0.29,0.52,0.06,0.65,0.3,0.14
1,0.91,0.26,0.15,0.29,0.52,0.06,0.65,0.3,0.14
1,0.91,0.26,0.15,0.29,0.52,0.06,0.65,0.3,0.14
1,0.03,0.1,0.24,0.72,0.77,0.11,0.67,0.31,0.12
1,0.03,0.1,0.24,0.72,0.77,0.11,0.67,0.31,0.12
1,0.03,0.1,0.24,0.72,0.77,0.11,0.67,0.31,0.12
1,0.03,0.1,0.24,0.72,0.77,0.11,0.67,0.31,0.12
1,0.03,0.1,0.24,0.72,0.77,0.11,0.67,0.31,0.12
1,0.03,0.1,0.24,0.72,0.77,0.11,0.67,0.31,0.12
1,0.03,0.1,0.24,0.72,0.77,0.11,0.67,0.31,0.12
1,0.03,0.1,0.24,0.72,0.77,0.11,0.67,0.31,0.12
1,0.03,0.1,0.24,0.72,0.77,0.11,0.67,0.31,0.12
1,0.03,0.1,0.24,0.72,0.77,0.11,0.67,0.31,0.12
1,0.03,0.1,0.24,0.72,0.77,0.11,0.67,0.31,0.12
1,0.03,0.1,0.24,0.72,0.77,0.11,0.67,0.31,0.12
1,0.09,0.25,0.08,0.76,0.77,0.44,0.51,0.31,0.12
1,0.09,0.25,0.08,0.76,0.77,0.44,0.51,0.31,0.12
1,0.09,0.25,0.08,0.76,0.77,0.44,0.51,0.31,0.12
1,0.09,0.25,0.08,0.76,0.77,0.44,0.51,0.31,0.12
1,0.09,0.25,0.08,0.76,0.77,0.44,0.51,0.31,0.12
1,0.09,0.25,0.08,0.76,0.77,0.44,0.51,0.31,0.12
1,0.09,0.25,0.08,0.76,0.77,0.44,0.51,0.31,0.12
1,0.09,0.25,0.08,0.76,0.77,0.44,0.51,0.31,0.12
1,0.09,0.25,0.08,0.76,0.77,0.44,0.51,0.31,0.12
1,0.09,0.25,0.08,0.76,0.77,0.44,0.51,0.31,0.12
1,0.09,0.25,0.08,0.76,0.77,0.44,0.51,0.31,0.12
1,0.09,0.25,0.08,0.76,0.77,0.44,0.51,0.31,0.12
1,0.06,0.04,0.2,0.61,0.55,0.13,0.61,0.33,0.22
1,0.06,0.04,0.2,0.61,0.55,0.13,0.61,0.33,0.22
1,0.06,0.04,0.2,0.61,0.55,0.13,0.61,0.33,0.22
1,0.06,0.04,0.2,0.61,0.55,0.13,0.61,0.33,0.22
1,0.06,0.04,0.2,0.61,0.55,0.13,0.61,0.33,0.22
1,0.06,0.04,0.2,0.61,0.55,0.13,0.61,0.33,0.22
1,0.06,0.04,0.2,0.61,0.55,0.13,0.61,0.33,0.22
1,0.06,0.04,0.2,0.61,0.55,0.13,0.61,0.33,0.22
1,0.06,0.04,0.2,0.61,0.55,0.13,0.61,0.33,0.22
1,0.06,0.04,0.2,0.61,0.55,0.13,0.61,0.33,0.22
1,0.06,0.04,0.2,0.61,0.55,0.13,0.61,0.33,0.22
1,0.06,0.04,0.2,0.61,0.55,0.13,0.61,0.33,0.22
1,0.61,0.2,0.18,0.48,0.45,0.08,0.78,0.24,0.22
1,0.61,0.2,0.18,0.48,0.45,0.08,0.78,0.24,0.22
1,0.61,0.2,0.18,0.48,0.45,0.08,0.78,0.24,0.22
1,0.61,0.2,0.18,0.48,0.45,0.08,0.78,0.24,0.22
1,0.61,0.2,0.18,0.48,0.45,0.08,0.78,0.24,0.22
1,0.61,0.2,0.18,0.48,0.45,0.08,0.78,0.24,0.22
1,0.61,0.2,0.18,0.48,0.45,0.08,0.78,0.24,0.22
1,0.61,0.2,0.18,0.48,0.45,0.08,0.78,0.24,0.22
1,0.61,0.2,0.18,0.48,0.45,0.08,0.78,0.24,0.22
1,0.61,0.2,0.18,0.48,0.45,0.08,0.78,0.24,0.22
1,0.61,0.2,0.18,0.48,0.45,0.08,0.78,0.24,0.22
1,0.61,0.2,0.18,0.48,0.45,0.08,0.78,0.24,0.22
1,0.06,0.22,0.13,0.57,0.76,0.13,0.71,0.3,0.09
1,0.06,0.22,0.13,0.57,0.76,0.13,0.71,0.3,0.09
1,0.06,0.22,0.13,0.57,0.76,0.13,0.71,0.3,0.09
1,0.06,0.22,0.13,0.57,0.76,0.13,0.71,0.3,0.09
1,0.06,0.22,0.13,0.57,0.76,0.13,0.71,0.3,0.09
1,0.06,0.22,0.13,0.57,0.76,0.13,0.71,0.3,0.09
1,0.06,0.22,0.13,0.57,0.76,0.13,0.71,0.3,0.09
1,0.06,0.22,0.13,0.57,0.76,0.13,0.71,0.3,0.09
1,0.06,0.22,0.13,0.57,0.76,0.13,0.71,0.3,0.09
1,0.06,0.22,0.13,0.57,0.76,0.13,0.71,0.3,0.09
1,0.06,0.22,0.13,0.57,0.76,0.13,0.71,0.3,0.09
1,0.06,0.22,0.13,0.57,0.76,0.13,0.71,0.3,0.09
1,0.93,0.21,0.17,0.29,0.55,0.1,0.63,0.28,0.21
1,0.93,0.21,0.17,0.29,0.55,0.1,0.63,0.28,0.21
1,0.93,0.21,0.17,0.29,0.55,0.1,0.63,0.28,0.21
1,0.93,0.21,0.17,0.29,0.55,0.1,0.63,0.28,0.21
1,0.93,0.21,0.17,0.29,0.55,0.1,0.63,0.28,0.21
1,0.93,0.21,0.17,0.29,0.55,0.1,0.63,0.28,0.21
1,0.93,0.21,0.17,0.29,0.55,0.1,0.63,0.28,0.21
1,0.93,0.21,0.17,0.29,0.55,0.1,0.63,0.28,0.21
1,0.93,0.21,0.17,0.29,0.55,0.1,0.63,0.28,0.21
1,0.93,0.21,0.17,0.29,0.55,0.1,0.63,0.28,0.21
1,0.93,0.21,0.17,0.29,0.55,0.1,0.63,0.28,0.21
1,0.93,0.21,0.17,0.29,0.55,0.1,0.63,0.28,0.21
1,0.45,0.49,0.14,0.21,0.41,0.12,0.67,0.38,0.05
1,0.45,0.49,0.14,0.21,0.41,0.12,0.67,0.38,0.05
1,0.45,0.49,0.14,0.21,0.41,0.12,0.67,0.38,0.05
1,0.45,0.49,0.14,0.21,0.41,0.12,0.67,0.38,0.05
1,0.45,0.49,0.14,0.21,0.41,0.12,0.67,0.38,0.05
1,0.45,0.49,0.14,0.21,0.41,0.12,0.67,0.38,0.05
1,0.45,0.49,0.14,0.21,0.41,0.12,0.67,0.38,0.05
1,0.45,0.49,0.14,0.21,0.41,0.12,0.67,0.38,0.05
1,0.45,0.49,0.14,0.21,0.41,0.12,0.67,0.38,0.05
1,0.45,0.49,0.14,0.21,0.41,0.12,0.67,0.38,0.05
1,0.45,0.49,0.14,0.21,0.41,0.12,0.67,0.38,0.05
1,0.45,0.49,0.14,0.21,0.41,0.12,0.67,0.38,0.05
1,0.85,0.33,0.11,0.18,0.29,0.25,0.7,0.23,0.06
1,0.85,0.33,0.11,0.18,0.29,0.25,0.7,0.23,0.06
1,0.85,0.33,0.11,0.18,0.29,0.25,0.7,0.23,0.06
1,0.85,0.33,0.11,0.18,0.29,0.25,0.7,0.23,0.06
1,0.85,0.33,0.11,0.18,0.29,0.25,0.7,0.23,0.06
1,0.85,0.33,0.11,0.18,0.29,0.25,0.7,0.23,0.06
1,0.85,0.33,0.11,0.18,0.29,0.25,0.7,0.23,0.06
1,0.85,0.33,0.11,0.18,0.29,0.25,0.7,0.23,0.06
1,0.85,0.33,0.11,0.18,0.29,0.25,0.7,0.23,0.06
1,0.85,0.33,0.11,0.18,0.29,0.25,0.7,0.23,0.06
1,0.85,0.33,0.11,0.18,0.29,0.25,0.7,0.23,0.06
1,0.85,0.33,0.11,0.18,0.29,0.25,0.7,0.23,0.06
1,0.07,0.19,0.18,0.36,0.4,0.16,0.67,0.27,0.13
1,0.07,0.19,0.18,0.36,0.4,0.16,0.67,0.27,0.13
1,0.07,0.19,0.18,0.36,0.4,0.16,0.67,0.27,0.13
1,0.07,0.19,0.18,0.36,0.4,0.16,0.67,0.27,0.13
1,0.07,0.19,0.18,0.36,0.4,0.16,0.67,0.27,0.13
1,0.07,0.19,0.18,0.36,0.4,0.16,0.67,0.27,0.13
1,0.07,0.19,0.18,0.36,0.4,0.16,0.67,0.27,0.13
1,0.07,0.19,0.18,0.36,0.4,0.16,0.67,0.27,0.13
1,0.07,0.19,0.18,0.36,0.4,0.16,0.67,0.27,0.13
1,0.07,0.19,0.18,0.36,0.4,0.16,0.67,0.27,0.13
1,0.07,0.19,0.18,0.36,0.4,0.16,0.67,0.27,0.13
1,0.07,0.19,0.18,0.36,0.4,0.16,0.67,0.27,0.13
1,0.1,0.28,0.11,0.52,0.66,0.08,0.81,0.29,0.1
1,0.1,0.28,0.11,0.52,0.66,0.08,0.81,0.29,0.1
1,0.1,0.28,0.11,0.52,0.66,0.08,0.81,0.29,0.1
1,0.1,0.28,0.11,0.52,0.66,0.08,0.81,0.29,0.1
1,0.1,0.28,0.11,0.52,0.66,0.08,0.81,0.29,0.1
1,0.1,0.28,0.11,0.52,0.66,0.08,0.81,0.29,0.1
1,0.1,0.28,0.11,0.52,0.66,0.08,0.81,0.29,0.1
1,0.1,0.28,0.11,0.52,0.66,0.08,0.81,0.29,0.1
1,0.1,0.28,0.11,0.52,0.66,0.08,0.81,0.29,0.1
1,0.1,0.28,0.11,0.52,0.66,0.08,0.81,0.29,0.1
1,0.1,0.28,0.11,0.52,0.66,0.08,0.81,0.29,0.1
1,0.1,0.28,0.11,0.52,0.66,0.08,0.81,0.29,0.1
1,0.97,0.11,0.03,0.67,0.26,0.32,0.79,0.31,0.04
1,0.97,0.11,0.03,0.67,0.26,0.32,0.79,0.31,0.04
1,0.97,0.11,0.03,0.67,0.26,0.32,0.79,0.31,0.04
1,0.97,0.11,0.03,0.67,0.26,0.32,0.79,0.31,0.04
1,0.97,0.11,0.03,0.67,0.26,0.32,0.79,0.31,0.04
1,0.97,0.11,0.03,0.67,0.26,0.32,0.79,0.31,0.04
1,0.97,0.11,0.03,0.67,0.26,0.32,0.79,0.31,0.04
1,0.97,0.11,0.03,0.67,0.26,0.32,0.79,0.31,0.04
1,0.97,0.11,0.03,0.67,0.26,0.32,0.79,0.31,0.04
1,0.97,0.11,0.03,0.67,0.26,0.32,0.79,0.31,0.04
1,0.97,0.11,0.03,0.67,0.26,0.32,0.79,0.31,0.04
1,0.97,0.11,0.03,0.67,0.26,0.32,0.79,0.31,0.04
1,0.91,0.08,0.06,0.27,0.36,0.11,0.67,0.26,0.05
1,0.91,0.08,0.06,0.27,0.36,0.11,0.67,0.26,0.05
1,0.91,0.08,0.06,0.27,0.36,0.11,0.67,0.26,0.05
1,0.91,0.08,0.06,0.27,0.36,0.11,0.67,0.26,0.05
1,0.91,0.08,0.06,0.27,0.36,0.11,0.67,0.26,0.05
1,0.91,0.08,0.06,0.27,0.36,0.11,0.67,0.26,0.05
1,0.91,0.08,0.06,0.27,0.36,0.11,0.67,0.26,0.05
1,0.91,0.08,0.06,0.27,0.36,0.11,0.67,0.26,0.05
1,0.91,0.08,0.06,0.27,0.36,0.11,0.67,0.26,0.05
1,0.91,0.08,0.06,0.27,0.36,0.11,0.67,0.26,0.05
1,0.91,0.08,0.06,0.27,0.36,0.11,0.67,0.26,0.05
1,0.91,0.08,0.06,0.27,0.36,0.11,0.67,0.26,0.05
1,0.09,0.27,0.04,0.85,0.59,0.05,0.67,0.29,0.15
1,0.09,0.27,0.04,0.85,0.59,0.05,0.67,0.29,0.15
1,0.09,0.27,0.04,0.85,0.59,0.05,0.67,0.29,0.15
1,0.09,0.27,0.04,0.85,0.59,0.05,0.67,0.29,0.15
1,0.09,0.27,0.04,0.85,0.59,0.05,0.67,0.29,0.15
1,0.09,0.27,0.04,0.85,0.59,0.05,0.67,0.29,0.15
1,0.09,0.27,0.04,0.85,0.59,0.05,0.67,0.29,0.15
1,0.09,0.27,0.04,0.85,0.59,0.05,0.67,0.29,0.15
1,0.09,0.27,0.04,0.85,0.59,0.05,0.67,0.29,0.15
1,0.09,0.27,0.04,0.85,0.59,0.05,0.67,0.29,0.15
1,0.09,0.27,0.04,0.85,0.59,0.05,0.67,0.29,0.15
1,0.09,0.27,0.04,0.85,0.59,0.05,0.67,0.29,0.15
1,0.74,0.41,0.15,0.58,0.62,0.18,0.53,0.37,0.11
1,0.74,0.41,0.15,0.58,0.62,0.18,0.53,0.37,0.11
1,0.74,0.41,0.15,0.58,0.62,0.18,0.53,0.37,0.11
1,0.74,0.41,0.15,0.58,0.62,0.18,0.53,0.37,0.11
1,0.74,0.41,0.15,0.58,0.62,0.18,0.53,0.37,0.11
1,0.74,0.41,0.15,0.58,0.62,0.18,0.53,0.37,0.11
1,0.74,0.41,0.15,0.58,0.62,0.18,0.53,0.37,0.11
1,0.74,0.41,0.15,0.58,0.62,0.18,0.53,0.37,0.11
1,0.74,0.41,0.15,0.58,0.62,0.18,0.53,0.37,0.11
1,0.74,0.41,0.15,0.58,0.62,0.18,0.53,0.37,0.11
1,0.74,0.41,0.15,0.58,0.62,0.18,0.53,0.37,0.11
1,0.74,0.41,0.15,0.58,0.62,0.18,0.53,0.37,0.11
1,0.92,0.2,0.12,0.46,0.67,0.13,0.48,0.27,0.13
1,0.92,0.2,0.12,0.46,0.67,0.13,0.48,0.27,0.13
1,0.92,0.2,0.12,0.46,0.67,0.13,0.48,0.27,0.13
1,0.92,0.2,0.12,0.46,0.67,0.13,0.48,0.27,0.13
1,0.92,0.2,0.12,0.46,0.67,0.13,0.48,0.27,0.13
1,0.92,0.2,0.12,0.46,0.67,0.13,0.48,0.27,0.13
1,0.92,0.2,0.12,0.46,0.67,0.13,0.48,0.27,0.13
1,0.92,0.2,0.12,0.46,0.67,0.13,0.48,0.27,0.13
1,0.92,0.2,0.12,0.46,0.67,0.13,0.48,0.27,0.13
1,0.92,0.2,0.12,0.46,0.67,0.13,0.48,0.27,0.13
1,0.92,0.2,0.12,0.46,0.67,0.13,0.48,0.27,0.13
1,0.92,0.2,0.12,0.46,0.67,0.13,0.48,0.27,0.13
1,0.1,0.29,0.18,0.58,0.5,0.06,0.64,0.32,0.18
1,0.1,0.29,0.18,0.58,0.5,0.06,0.64,0.32,0.18
1,0.1,0.29,0.18,0.58,0.5,0.06,0.64,0.32,0.18
1,0.1,0.29,0.18,0.58,0.5,0.06,0.64,0.32,0.18
1,0.1,0.29,0.18,0.58,0.5,0.06,0.64,0.32,0.18
1,0.1,0.29,0.18,0.58,0.5,0.06,0.64,0.32,0.18
1,0.1,0.29,0.18,0.58,0.5,0.06,0.64,0.32,0.18
1,0.1,0.29,0.18,0.58,0.5,0.06,0.64,0.32,0.18
1,0.1,0.29,0.18,0.58,0.5,0.06,0.64,0.32,0.18
1,0.1,0.29,0.18,0.58,0.5,0.06,0.64,0.32,0.18
1,0.1,0.29,0.18,0.58,0.5,0.06,0.64,0.32,0.18
1,0.1,0.29,0.18,0.58,0.5,0.06,0.64,0.32,0.18
1,0.78,0.41,0.09,0.64,0.78,0.08,0.75,0.41,0.09
1,0.78,0.41,0.09,0.64,0.78,0.08,0.75,0.41,0.09
1,0.78,0.41,0.09,0.64,0.78,0.08,0.75,0.41,0.09
1,0.78,0.41,0.09,0.64,0.78,0.08,0.75,0.41,0.09
1,0.78,0.41,0.09,0.64,0.78,0.08,0.75,0.41,0.09
1,0.78,0.41,0.09,0.64,0.78,0.08,0.75,0.41,0.09
1,0.78,0.41,0.09,0.64,0.78,0.08,0.75,0.41,0.09
1,0.78,0.41,0.09,0.64,0.78,0.08,0.75,0.41,0.09
1,0.78,0.41,0.09,0.64,0.78,0.08,0.75,0.41,0.09
1,0.78,0.41,0.09,0.64,0.78,0.08,0.75,0.41,0.09
1,0.78,0.41,0.09,0.64,0.78,0.08,0.75,0.41,0.09
1,0.78,0.41,0.09,0.64,0.78,0.08,0.75,0.41,0.09
1,0.03,0.05,0.16,0.67,0.68,0.28,0.65,0.26,0.14
1,0.03,0.05,0.16,0.67,0.68,0.28,0.65,0.26,0.14
1,0.03,0.05,0.16,0.67,0.68,0.28,0.65,0.26,0.14
1,0.03,0.05,0.16,0.67,0.68,0.28,0.65,0.26,0.14
1,0.03,0.05,0.16,0.67,0.68,0.28,0.65,0.26,0.14
1,0.03,0.05,0.16,0.67,0.68,0.28,0.65,0.26,0.14
1,0.03,0.05,0.16,0.67,0.68,0.28,0.65,0.26,0.14
1,0.03,0.05,0.16,0.67,0.68,0.28,0.65,0.26,0.14
1,0.03,0.05,0.16,0.67,0.68,0.28,0.65,0.26,0.14
1,0.03,0.05,0.16,0.67,0.68,0.28,0.65,0.26,0.14
1,0.03,0.05,0.16,0.67,0.68,0.28,0.65,0.26,0.14
1,0.03,0.05,0.16,0.67,0.68,0.28,0.65,0.26,0.14
1,0.62,0.18,0.18,0.63,0.36,0.04,0.77,0.21,0.17
1,0.62,0.18,0.18,0.63,0.36,0.04,0.77,0.21,0.17
1,0.62,0.18,0.18,0.63,0.36,0.04,0.77,0.21,0.17
1,0.62,0.18,0.18,0.63,0.36,0.04,0.77,0.21,0.17
1,0.62,0.18,0.18,0.63,0.36,0.04,0.77,0.21,0.17
1,0.62,0.18,0.18,0.63,0.36,0.04,0.77,0.21,0.17
1,0.62,0.18,0.18,0.63,0.36,0.04,0.77,0.21,0.17
1,0.62,0.18,0.18,0.63,0.36,0.04,0.77,0.21,0.17
1,0.62,0.18,0.18,0.63,0.36,0.04,0.77,0.21,0.17
1,0.62,0.18,0.18,0.63,0.36,0.04,0.77,0.21,0.17
1,0.62,0.18,0.18,0.63,0.36,0.04,0.77,0.21,0.17
1,0.62,0.18,0.18,0.63,0.36,0.04,0.77,0.21,0.17
1,0.06,0.22,0.09,0.71,0.78,0.21,0.47,0.3,0.09
1,0.06,0.22,0.09,0.71,0.78,0.21,0.47,0.3,0.09
1,0.06,0.22,0.09,0.71,0.78,0.21,0.47,0.3,0.09
1,0.06,0.22,0.09,0.71,0.78,0.21,0.47,0.3,0.09
1,0.06,0.22,0.09,0.71,0.78,0.21,0.47,0.3,0.09
1,0.06,0.22,0.09,0.71,0.78,0.21,0.47,0.3,0.09
1,0.06,0.22,0.09,0.71,0.78,0.21,0.47,0.3,0.09
1,0.06,0.22,0.09,0.71,0.78,0.21,0.47,0.3,0.09
1,0.06,0.22,0.09,0.71,0.78,0.21,0.47,0.3,0.09
1,0.06,0.22,0.09,0.71,0.78,0.21,0.47,0.3,0.09
1,0.06,0.22,0.09,0.71,0.78,0.21,0.47,0.3,0.09
1,0.06,0.22,0.09,0.71,0.78,0.21,0.47,0.3,0.09
1,0.03,0.01,0.1,0.65,0.52,0.03,0.69,0.38,0.16
1,0.03,0.01,0.1,0.65,0.52,0.03,0.69,0.38,0.16
1,0.03,0.01,0.1,0.65,0.52,0.03,0.69,0.38,0.16
1,0.03,0.01,0.1,0.65,0.52,0.03,0.69,0.38,0.16
1,0.03,0.01,0.1,0.65,0.52,0.03,0.69,0.38,0.16
1,0.03,0.01,0.1,0.65,0.52,0.03,0.69,0.38,0.16
1,0.03,0.01,0.1,0.65,0.52,0.03,0.69,0.38,0.16
1,0.03,0.01,0.1,0.65,0.52,0.03,0.69,0.38,0.16
1,0.03,0.01,0.1,0.65,0.52,0.03,0.69,0.38,0.16
1,0.03,0.01,0.1,0.65,0.52,0.03,0.69,0.38,0.16
1,0.03,0.01,0.1,0.65,0.52,0.03,0.69,0.38,0.16
1,0.03,0.01,0.1,0.65,0.52,0.03,0.69,0.38,0.16
1,0.04,0.02,0.17,0.62,0.65,0.15,0.49,0.33,0.14
1,0.04,0.02,0.17,0.62,0.65,0.15,0.49,0.33,0.14
1,0.04,0.02,0.17,0.62,0.65,0.15,0.49,0.33,0.14
1,0.04,0.02,0.17,0.62,0.65,0.15,0.49,0.33,0.14
1,0.04,0.02,0.17,0.62,0.65,0.15,0.49,0.33,0.14
1,0.04,0.02,0.17,0.62,0.65,0.15,0.49,0.33,0.14
1,0.04,0.02,0.17,0.62,0.65,0.15,0.49,0.33,0.14
1,0.04,0.02,0.17,0.62,0.65,0.15,0.49,0.33,0.14
1,0.04,0.02,0.17,0.62,0.65,0.15,0.49,0.33,0.14
1,0.04,0.02,0.17,0.62,0.65,0.15,0.49,0.33,0.14
1,0.04,0.02,0.17,0.62,0.65,0.15,0.49,0.33,0.14
1,0.04,0.02,0.17,0.62,0.65,0.15,0.49,0.33,0.14
1,0.96,0.16,0.11,0.71,0.73,0.08,0.77,0.31,0.12
1,0.96,0.16,0.11,0.71,0.73,0.08,0.77,0.31,0.12
1,0.96,0.16,0.11,0.71,0.73,0.08,0.77,0.31,0.12
1,0.96,0.16,0.11,0.71,0.73,0.08,0.77,0.31,0.12
1,0.96,0.16,0.11,0.71,0.73,0.08,0.77,0.31,0.12
1,0.96,0.16,0.11,0.71,0.73,0.08,0.77,0.31,0.12
1,0.96,0.16,0.11,0.71,0.73,0.08,0.77,0.31,0.12
1,0.96,0.16,0.11,0.71,0.73,0.08,0.77,0.31,0.12
1,0.96,0.16,0.11,0.71,0.73,0.08,0.77,0.31,0.12
1,0.96,0.16,0.11,0.71,0.73,0.08,0.77,0.31,0.12
1,0.96,0.16,0.11,0.71,0.73,0.08,0.77,0.31,0.12
1,0.96,0.16,0.11,0.71,0.73,0.08,0.77,0.31,0.12
1,0.68,0.46,0.13,0.46,0.44,0.03,0.76,0.3,0.17
1,0.68,0.46,0.13,0.46,0.44,0.03,0.76,0.3,0.17
1,0.68,0.46,0.13,0.46,0.44,0.03,0.76,0.3,0.17
1,0.68,0.46,0.13,0.46,0.44,0.03,0.76,0.3,0.17
1,0.68,0.46,0.13,0.46,0.44,0.03,0.76,0.3,0.17
1,0.68,0.46,0.13,0.46,0.44,0.03,0.76,0.3,0.17
1,0.68,0.46,0.13,0.46,0.44,0.03,0.76,0.3,0.17
1,0.68,0.46,0.13,0.46,0.44,0.03,0.76,0.3,0.17
1,0.68,0.46,0.13,0.46,0.44,0.03,0.76,0.3,0.17
1,0.68,0.46,0.13,0.46,0.44,0.03,0.76,0.3,0.17
1,0.68,0.46,0.13,0.46,0.44,0.03,0.76,0.3,0.17
1,0.68,0.46,0.13,0.46,0.44,0.03,0.76,0.3,0.17
1,0.72,0.45,0.09,0.6,0.83,0.04,0.46,0.34,0.09
1,0.72,0.45,0.09,0.6,0.83,0.04,0.46,0.34,0.09
1,0.72,0.45,0.09,0.6,0.83,0.04,0.46,0.34,0.09
1,0.72,0.45,0.09,0.6,0.83,0.04,0.46,0.34,0.09
1,0.72,0.45,0.09,0.6,0.83,0.04,0.46,0.34,0.09
1,0.72,0.45,0.09,0.6,0.83,0.04,0.46,0.34,0.09
1,0.72,0.45,0.09,0.6,0.83,0.04,0.46,0.34,0.09
1,0.72,0.45,0.09,0.6,0.83,0.04,0.46,0.34,0.09
1,0.72,0.45,0.09,0.6,0.83,0.04,0.46,0.34,0.09
1,0.72,0.45,0.09,0.6,0.83,0.04,0.46,0.34,0.09
1,0.72,0.45,0.09,0.6,0.83,0.04,0.46,0.34,0.09
1,0.72,0.45,0.09,0.6,0.83,0.04,0.46,0.34,0.09
2,0.12,0.31,0.13,0.61,0.51,0.16,0.55,0.33,0.21
2,0.12,0.31,0.13,0.61,0.51,0.16,0.55,0.33,0.21
2,0.12,0.31,0.13,0.61,0.51,0.16,0.55,0.33,0.21
2,0.12,0.31,0.13,0.61,0.51,0.16,0.55,0.33,0.21
2,0.12,0.31,0.13,0.61,0.51,0.16,0.55,0.33,0.21
2,0.12,0.31,0.13,0.61,0.51,0.16,0.55,0.33,0.21
2,0.12,0.31,0.13,0.61,0.51,0.16,0.55,0.33,0.21
2,0.12,0.31,0.13,0.61,0.51,0.16,0.55,0.33,0.21
2,0.12,0.31,0.13,0.61,0.51,0.16,0.55,0.33,0.21
2,0.12,0.31,0.13,0.61,0.51,0.16,0.55,0.33,0.21
2,0.12,0.31,0.13,0.61,0.51,0.16,0.55,0.33,0.21
2,0.12,0.31,0.13,0.61,0.51,0.16,0.55,0.33,0.21
2,0.07,0.17,0.19,0.67,0.71,0.11,0.84,0.3,0.17
2,0.07,0.17,0.19,0.67,0.71,0.11,0.84,0.3,0.17
2,0.07,0.17,0.19,0.67,0.71,0.11,0.84,0.3,0.17
2,0.07,0.17,0.19,0.67,0.71,0.11,0.84,0.3,0.17
2,0.07,0.17,0.19,0.67,0.71,0.11,0.84,0.3,0.17
2,0.07,0.17,0.19,0.67,0.71,0.11,0.84,0.3,0.17
2,0.07,0.17,0.19,0.67,0.71,0.11,0.84,0.3,0.17
2,0.07,0.17,0.19,0.67,0.71,0.11,0.84,0.3,0.17
2,0.07,0.17,0.19,0.67,0.71,0.11,0.84,0.3,0.17
2,0.07,0.17,0.19,0.67,0.71,0.11,0.84,0.3,0.17
2,0.07,0.17,0.19,0.67,0.71,0.11,0.84,0.3,0.17
2,0.07,0.17,0.19,0.67,0.71,0.11,0.84,0.3,0.17
2,0.05,0.12,0.15,0.72,0.72,0.12,0.63,0.42,0.12
2,0.05,0.12,0.15,0.72,0.72,0.12,0.63,0.42,0.12
2,0.05,0.12,0.15,0.72,0.72,0.12,0.63,0.42,0.12
2,0.05,0.12,0.15,0.72,0.72,0.12,0.63,0.42,0.12
2,0.05,0.12,0.15,0.72,0.72,0.12,0.63,0.42,0.12
2,0.05,0.12,0.15,0.72,0.72,0.12,0.63,0.42,0.12
2,0.05,0.12,0.15,0.72,0.72,0.12,0.63,0.42,0.12
2,0.05,0.12,0.15,0.72,0.72,0.12,0.63,0.42,0.12
2,0.05,0.12,0.15,0.72,0.72,0.12,0.63,0.42,0.12
2,0.05,0.12,0.15,0.72,0.72,0.12,0.63,0.42,0.12
2,0.05,0.12,0.15,0.72,0.72,0.12,0.63,0.42,0.12
2,0.05,0.12,0.15,0.72,0.72,0.12,0.63,0.42,0.12
2,0.88,0.25,0.14,0.53,0.72,0.1,0.75,0.3,0.15
2,0.88,0.25,0.14,0.53,0.72,0.1,0.75,0.3,0.15
2,0.88,0.25,0.14,0.53,0.72,0.1,0.75,0.3,0.15
2,0.88,0.25,0.14,0.53,0.72,0.1,0.75,0.3,0.15
2,0.88,0.25,0.14,0.53,0.72,0.1,0.75,0.3,0.15
2,0.88,0.25,0.14,0.53,0.72,0.1,0.75,0.3,0.15
2,0.88,0.25,0.14,0.53,0.72,0.1,0.75,0.3,0.15
2,0.88,0.25,0.14,0.53,0.72,0.1,0.75,0.3,0.15
2,0.88,0.25,0.14,0.53,0.72,0.1,0.75,0.3,0.15
2,0.88,0.25,0.14,0.53,0.72,0.1,0.75,0.3,0.15
2,0.88,0.25,0.14,0.53,0.72,0.1,0.75,0.3,0.15
2,0.88,0.25,0.14,0.53,0.72,0.1,0.75,0.3,0.15
2,0.47,0.49,0.17,0.54,0.7,0.09,0.67,0.36,0.14
2,0.47,0.49,0.17,0.54,0.7,0.09,0.67,0.36,0.14
2,0.47,0.49,0.17,0.54,0.7,0.09,0.67,0.36,0.14
2,0.47,0.49,0.17,0.54,0.7,0.09,0.67,0.36,0.14
2,0.47,0.49,0.17,0.54,0.7,0.09,0.67,0.36,0.14
2,0.47,0.49,0.17,0.54,0.7,0.09,0.67,0.36,0.14
2,0.47,0.49,0.17,0.54,0.7,0.09,0.67,0.36,0.14
2,0.47,0.49,0.17,0.54,0.7,0.09,0.67,0.36,0.14
2,0.47,0.49,0.17,0.54,0.7,0.09,0.67,0.36,0.14
2,0.47,0.49,0.17,0.54,0.7,0.09,0.67,0.36,0.14
2,0.47,0.49,0.17,0.54,0.7,0.09,0.67,0.36,0.14
2,0.47,0.49,0.17,0.54,0.7,0.09,0.67,0.36,0.14
2,0.03,0.1,0.12,0.76,0.69,0.08,0.68,0.34,0.14
2,0.03,0.1,0.12,0.76,0.69,0.08,0.68,0.34,0.14
2,0.03,0.1,0.12,0.76,0.69,0.08,0.68,0.34,0.14
2,0.03,0.1,0.12,0.76,0.69,0.08,0.68,0.34,0.14
2,0.03,0.1,0.12,0.76,0.69,0.08,0.68,0.34,0.14
2,0.03,0.1,0.12,0.76,0.69,0.08,0.68,0.34,0.14
2,0.03,0.1,0.12,0.76,0.69,0.08,0.68,0.34,0.14
2,0.03,0.1,0.12,0.76,0.69,0.08,0.68,0.34,0.14
2,0.03,0.1,0.12,0.76,0.69,0.08,0.68,0.34,0.14
2,0.03,0.1,0.12,0.76,0.69,0.08,0.68,0.34,0.14
2,0.03,0.1,0.12,0.76,0.69,0.08,0.68,0.34,0.14
2,0.03,0.1,0.12,0.76,0.69,0.08,0.68,0.34,0.14
2,0.05,0.1,0.15,0.61,0.57,0.14,0.76,0.34,0.18
2,0.05,0.1,0.15,0.61,0.57,0.14,0.76,0.34,0.18
2,0.05,0.1,0.15,0.61,0.57,0.14,0.76,0.34,0.18
2,0.05,0.1,0.15,0.61,0.57,0.14,0.76,0.34,0.18
2,0.05,0.1,0.15,0.61,0.57,0.14,0.76,0.34,0.18
2,0.05,0.1,0.15,0.61,0.57,0.14,0.76,0.34,0.18
2,0.05,0.1,0.15,0.61,0.57,0.14,0.76,0.34,0.18
2,0.05,0.1,0.15,0.61,0.57,0.14,0.76,0.34,0.18
2,0.05,0.1,0.15,0.61,0.57,0.14,0.76,0.34,0.18
2,0.05,0.1,0.15,0.61,0.57,0.14,0.76,0.34,0.18
2,0.05,0.1,0.15,0.61,0.57,0.14,0.76,0.34,0.18
2,0.05,0.1,0.15,0.61,0.57,0.14,0.76,0.34,0.18
2,0.04,0.11,0.17,0.64,0.67,0.14,0.91,0.18,0.23
2,0.04,0.11,0.17,0.64,0.67,0.14,0.91,0.18,0.23
2,0.04,0.11,0.17,0.64,0.67,0.14,0.91,0.18,0.23
2,0.04,0.11,0.17,0.64,0.67,0.14,0.91,0.18,0.23
2,0.04,0.11,0.17,0.64,0.67,0.14,0.91,0.18,0.23
2,0.04,0.11,0.17,0.64,0.67,0.14,0.91,0.18,0.23
2,0.04,0.11,0.17,0.64,0.67,0.14,0.91,0.18,0.23
2,0.04,0.11,0.17,0.64,0.67,0.14,0.91,0.18,0.23
2,0.04,0.11,0.17,0.64,0.67,0.14,0.91,0.18,0.23
2,0.04,0.11,0.17,0.64,0.67,0.14,0.91,0.18,0.23
2,0.04,0.11,0.17,0.64,0.67,0.14,0.91,0.18,0.23
2,0.04,0.11,0.17,0.64,0.67,0.14,0.91,0.18,0.23
2,0.32,0.44,0.17,0.37,0.59,0.04,0.8,0.18,0.11
2,0.32,0.44,0.17,0.37,0.59,0.04,0.8,0.18,0.11
2,0.32,0.44,0.17,0.37,0.59,0.04,0.8,0.18,0.11
2,0.32,0.44,0.17,0.37,0.59,0.04,0.8,0.18,0.11
2,0.32,0.44,0.17,0.37,0.59,0.04,0.8,0.18,0.11
2,0.32,0.44,0.17,0.37,0.59,0.04,0.8,0.18,0.11
2,0.32,0.44,0.17,0.37,0.59,0.04,0.8,0.18,0.11
2,0.32,0.44,0.17,0.37,0.59,0.04,0.8,0.18,0.11
2,0.32,0.44,0.17,0.37,0.59,0.04,0.8,0.18,0.11
2,0.32,0.44,0.17,0.37,0.59,0.04,0.8,0.18,0.11
2,0.32,0.44,0.17,0.37,0.59,0.04,0.8,0.18,0.11
2,0.32,0.44,0.17,0.37,0.59,0.04,0.8,0.18,0.11
2,0.06,0.13,0.1,0.63,0.59,0.18,0.81,0.23,0.13
2,0.06,0.13,0.1,0.63,0.59,0.18,0.81,0.23,0.13
2,0.06,0.13,0.1,0.63,0.59,0.18,0.81,0.23,0.13
2,0.06,0.13,0.1,0.63,0.59,0.18,0.81,0.23,0.13
2,0.06,0.13,0.1,0.63,0.59,0.18,0.81,0.23,0.13
2,0.06,0.13,0.1,0.63,0.59,0.18,0.81,0.23,0.13
2,0.06,0.13,0.1,0.63,0.59,0.18,0.81,0.23,0.13
2,0.06,0.13,0.1,0.63,0.59,0.18,0.81,0.23,0.13
2,0.06,0.13,0.1,0.63,0.59,0.18,0.81,0.23,0.13
2,0.06,0.13,0.1,0.63,0.59,0.18,0.81,0.23,0.13
2,0.06,0.13,0.1,0.63,0.59,0.18,0.81,0.23,0.13
2,0.06,0.13,0.1,0.63,0.59,0.18,0.81,0.23,0.13
2,0.04,0.01,0.14,0.8,0.61,0.11,0.62,0.35,0.1
2,0.04,0.01,0.14,0.8,0.61,0.11,0.62,0.35,0.1
2,0.04,0.01,0.14,0.8,0.61,0.11,0.62,0.35,0.1
2,0.04,0.01,0.14,0.8,0.61,0.11,0.62,0.35,0.1
2,0.04,0.01,0.14,0.8,0.61,0.11,0.62,0.35,0.1
2,0.04,0.01,0.14,0.8,0.61,0.11,0.62,0.35,0.1
2,0.04,0.01,0.14,0.8,0.61,0.11,0.62,0.35,0.1
2,0.04,0.01,0.14,0.8,0.61,0.11,0.62,0.35,0.1
2,0.04,0.01,0.14,0.8,0.61,0.11,0.62,0.35,0.1
2,0.04,0.01,0.14,0.8,0.61,0.11,0.62,0.35,0.1
2,0.04,0.01,0.14,0.8,0.61,0.11,0.62,0.35,0.1
2,0.04,0.01,0.14,0.8,0.61,0.11,0.62,0.35,0.1
2,0.97,0.06,0.08,0.59,0.75,0.08,0.7,0.35,0.11
2,0.97,0.06,0.08,0.59,0.75,0.08,0.7,0.35,0.11
2,0.97,0.06,0.08,0.59,0.75,0.08,0.7,0.35,0.11
2,0.97,0.06,0.08,0.59,0.75,0.08,0.7,0.35,0.11
2,0.97,0.06,0.08,0.59,0.75,0.08,0.7,0.35,0.11
2,0.97,0.06,0.08,0.59,0.75,0.08,0.7,0.35,0.11
2,0.97,0.06,0.08,0.59,0.75,0.08,0.7,0.35,0.11
2,0.97,0.06,0.08,0.59,0.75,0.08,0.7,0.35,0.11
2,0.97,0.06,0.08,0.59,0.75,0.08,0.7,0.35,0.11
2,0.97,0.06,0.08,0.59,0.75,0.08,0.7,0.35,0.11
2,0.97,0.06,0.08,0.59,0.75,0.08,0.7,0.35,0.11
2,0.97,0.06,0.08,0.59,0.75,0.08,0.7,0.35,0.11
2,0.87,0.26,0.11,0.27,0.49,0.08,0.56,0.25,0.13
2,0.87,0.26,0.11,0.27,0.49,0.08,0.56,0.25,0.13
2,0.87,0.26,0.11,0.27,0.49,0.08,0.56,0.25,0.13
2,0.87,0.26,0.11,0.27,0.49,0.08,0.56,0.25,0.13
2,0.87,0.26,0.11,0.27,0.49,0.08,0.56,0.25,0.13
2,0.87,0.26,0.11,0.27,0.49,0.08,0.56,0.25,0.13
2,0.87,0.26,0.11,0.27,0.49,0.08,0.56,0.25,0.13
2,0.87,0.26,0.11,0.27,0.49,0.08,0.56,0.25,0.13
2,0.87,0.26,0.11,0.27,0.49,0.08,0.56,0.25,0.13
2,0.87,0.26,0.11,0.27,0.49,0.08,0.56,0.25,0.13
2,0.87,0.26,0.11,0.27,0.49,0.08,0.56,0.25,0.13
2,0.87,0.26,0.11,0.27,0.49,0.08,0.56,0.25,0.13
2,0.87,0.26,0.11,0.27,0.49,0.08,0.56,0.25,0.13
2,0.87,0.26,0.11,0.27,0.49,0.08,0.56,0.25,0.13
2,0.87,0.26,0.11,0.27,0.49,0.08,0.56,0.25,0.13
2,0.87,0.26,0.11,0.27,0.49,0.08,0.56,0.25,0.13
2,0.87,0.26,0.11,0.27,0.49,0.08,0.56,0.25,0.13
2,0.87,0.26,0.11,0.27,0.49,0.08,0.56,0.25,0.13
2,0.87,0.26,0.11,0.27,0.49,0.08,0.56,0.25,0.13
2,0.87,0.26,0.11,0.27,0.49,0.08,0.56,0.25,0.13
2,0.87,0.26,0.11,0.27,0.49,0.08,0.56,0.25,0.13
2,0.87,0.26,0.11,0.27,0.49,0.08,0.56,0.25,0.13
2,0.87,0.26,0.11,0.27,0.49,0.08,0.56,0.25,0.13
2,0.87,0.26,0.11,0.27,0.49,0.08,0.56,0.25,0.13
2,0.02,0.04,0.14,0.7,0.68,0.1,0.59,0.38,0.11
2,0.02,0.04,0.14,0.7,0.68,0.1,0.59,0.38,0.11
2,0.02,0.04,0.14,0.7,0.68,0.1,0.59,0.38,0.11
2,0.02,0.04,0.14,0.7,0.68,0.1,0.59,0.38,0.11
2,0.02,0.04,0.14,0.7,0.68,0.1,0.59,0.38,0.11
2,0.02,0.04,0.14,0.7,0.68,0.1,0.59,0.38,0.11
2,0.02,0.04,0.14,0.7,0.68,0.1,0.59,0.38,0.11
2,0.02,0.04,0.14,0.7,0.68,0.1,0.59,0.38,0.11
2,0.02,0.04,0.14,0.7,0.68,0.1,0.59,0.38,0.11
2,0.02,0.04,0.14,0.7,0.68,0.1,0.59,0.38,0.11
2,0.02,0.04,0.14,0.7,0.68,0.1,0.59,0.38,0.11
2,0.02,0.04,0.14,0.7,0.68,0.1,0.59,0.38,0.11
2,0.05,0.09,0.22,0.47,0.22,0.04,0.9,0.2,0.15
2,0.05,0.09,0.22,0.47,0.22,0.04,0.9,0.2,0.15
2,0.05,0.09,0.22,0.47,0.22,0.04,0.9,0.2,0.15
2,0.05,0.09,0.22,0.47,0.22,0.04,0.9,0.2,0.15
2,0.05,0.09,0.22,0.47,0.22,0.04,0.9,0.2,0.15
2,0.05,0.09,0.22,0.47,0.22,0.04,0.9,0.2,0.15
2,0.05,0.09,0.22,0.47,0.22,0.04,0.9,0.2,0.15
2,0.05,0.09,0.22,0.47,0.22,0.04,0.9,0.2,0.15
2,0.05,0.09,0.22,0.47,0.22,0.04,0.9,0.2,0.15
2,0.05,0.09,0.22,0.47,0.22,0.04,0.9,0.2,0.15
2,0.05,0.09,0.22,0.47,0.22,0.04,0.9,0.2,0.15
2,0.05,0.09,0.22,0.47,0.22,0.04,0.9,0.2,0.15
2,0.75,0.13,0.15,0.6,0.39,0.13,0.72,0.4,0.17
2,0.75,0.13,0.15,0.6,0.39,0.13,0.72,0.4,0.17
2,0.75,0.13,0.15,0.6,0.39,0.13,0.72,0.4,0.17
2,0.75,0.13,0.15,0.6,0.39,0.13,0.72,0.4,0.17
2,0.75,0.13,0.15,0.6,0.39,0.13,0.72,0.4,0.17
2,0.75,0.13,0.15,0.6,0.39,0.13,0.72,0.4,0.17
2,0.75,0.13,0.15,0.6,0.39,0.13,0.72,0.4,0.17
2,0.75,0.13,0.15,0.6,0.39,0.13,0.72,0.4,0.17
2,0.75,0.13,0.15,0.6,0.39,0.13,0.72,0.4,0.17
2,0.75,0.13,0.15,0.6,0.39,0.13,0.72,0.4,0.17
2,0.75,0.13,0.15,0.6,0.39,0.13,0.72,0.4,0.17
2,0.75,0.13,0.15,0.6,0.39,0.13,0.72,0.4,0.17
2,0.07,0.03,0.13,0.52,0.49,0.09,0.69,0.31,0.14
2,0.07,0.03,0.13,0.52,0.49,0.09,0.69,0.31,0.14
2,0.07,0.03,0.13,0.52,0.49,0.09,0.69,0.31,0.14
2,0.07,0.03,0.13,0.52,0.49,0.09,0.69,0.31,0.14
2,0.07,0.03,0.13,0.52,0.49,0.09,0.69,0.31,0.14
2,0.07,0.03,0.13,0.52,0.49,0.09,0.69,0.31,0.14
2,0.07,0.03,0.13,0.52,0.49,0.09,0.69,0.31,0.14
2,0.07,0.03,0.13,0.52,0.49,0.09,0.69,0.31,0.14
2,0.07,0.03,0.13,0.52,0.49,0.09,0.69,0.31,0.14
2,0.07,0.03,0.13,0.52,0.49,0.09,0.69,0.31,0.14
2,0.07,0.03,0.13,0.52,0.49,0.09,0.69,0.31,0.14
2,0.07,0.03,0.13,0.52,0.49,0.09,0.69,0.31,0.14
2,0.2,0.36,0.21,0.46,0.46,0.12,0.75,0.37,0.15
2,0.2,0.36,0.21,0.46,0.46,0.12,0.75,0.37,0.15
2,0.2,0.36,0.21,0.46,0.46,0.12,0.75,0.37,0.15
2,0.2,0.36,0.21,0.46,0.46,0.12,0.75,0.37,0.15
2,0.2,0.36,0.21,0.46,0.46,0.12,0.75,0.37,0.15
2,0.2,0.36,0.21,0.46,0.46,0.12,0.75,0.37,0.15
2,0.2,0.36,0.21,0.46,0.46,0.12,0.75,0.37,0.15
2,0.2,0.36,0.21,0.46,0.46,0.12,0.75,0.37,0.15
2,0.2,0.36,0.21,0.46,0.46,0.12,0.75,0.37,0.15
2,0.2,0.36,0.21,0.46,0.46,0.12,0.75,0.37,0.15
2,0.2,0.36,0.21,0.46,0.46,0.12,0.75,0.37,0.15
2,0.2,0.36,0.21,0.46,0.46,0.12,0.75,0.37,0.15
2,0.54,0.12,0.13,0.66,0.68,0.01,0.89,0.23,0.15
2,0.54,0.12,0.13,0.66,0.68,0.01,0.89,0.23,0.15
2,0.54,0.12,0.13,0.66,0.68,0.01,0.89,0.23,0.15
2,0.54,0.12,0.13,0.66,0.68,0.01,0.89,0.23,0.15
2,0.54,0.12,0.13,0.66,0.68,0.01,0.89,0.23,0.15
2,0.54,0.12,0.13,0.66,0.68,0.01,0.89,0.23,0.15
2,0.54,0.12,0.13,0.66,0.68,0.01,0.89,0.23,0.15
2,0.54,0.12,0.13,0.66,0.68,0.01,0.89,0.23,0.15
2,0.54,0.12,0.13,0.66,0.68,0.01,0.89,0.23,0.15
2,0.54,0.12,0.13,0.66,0.68,0.01,0.89,0.23,0.15
2,0.54,0.12,0.13,0.66,0.68,0.01,0.89,0.23,0.15
2,0.54,0.12,0.13,0.66,0.68,0.01,0.89,0.23,0.15
2,0.06,0.02,0.15,0.66,0.71,0.05,0.72,0.29,0.1
2,0.06,0.02,0.15,0.66,0.71,0.05,0.72,0.29,0.1
2,0.06,0.02,0.15,0.66,0.71,0.05,0.72,0.29,0.1
2,0.06,0.02,0.15,0.66,0.71,0.05,0.72,0.29,0.1
2,0.06,0.02,0.15,0.66,0.71,0.05,0.72,0.29,0.1
2,0.06,0.02,0.15,0.66,0.71,0.05,0.72,0.29,0.1
2,0.06,0.02,0.15,0.66,0.71,0.05,0.72,0.29,0.1
2,0.06,0.02,0.15,0.66,0.71,0.05,0.72,0.29,0.1
2,0.06,0.02,0.15,0.66,0.71,0.05,0.72,0.29,0.1
2,0.06,0.02,0.15,0.66,0.71,0.05,0.72,0.29,0.1
2,0.06,0.02,0.15,0.66,0.71,0.05,0.72,0.29,0.1
2,0.06,0.02,0.15,0.66,0.71,0.05,0.72,0.29,0.1
2,0.51,0.16,0.15,0.51,0.41,0.06,0.81,0.32,0.18
2,0.51,0.16,0.15,0.51,0.41,0.06,0.81,0.32,0.18
2,0.51,0.16,0.15,0.51,0.41,0.06,0.81,0.32,0.18
2,0.51,0.16,0.15,0.51,0.41,0.06,0.81,0.32,0.18
2,0.51,0.16,0.15,0.51,0.41,0.06,0.81,0.32,0.18
2,0.51,0.16,0.15,0.51,0.41,0.06,0.81,0.32,0.18
2,0.51,0.16,0.15,0.51,0.41,0.06,0.81,0.32,0.18
2,0.51,0.16,0.15,0.51,0.41,0.06,0.81,0.32,0.18
2,0.51,0.16,0.15,0.51,0.41,0.06,0.81,0.32,0.18
2,0.51,0.16,0.15,0.51,0.41,0.06,0.81,0.32,0.18
2,0.51,0.16,0.15,0.51,0.41,0.06,0.81,0.32,0.18
2,0.51,0.16,0.15,0.51,0.41,0.06,0.81,0.32,0.18
2,0.51,0.16,0.15,0.51,0.42,0.06,0.81,0.32,0.18
2,0.51,0.16,0.15,0.51,0.42,0.06,0.81,0.32,0.18
2,0.51,0.16,0.15,0.51,0.42,0.06,0.81,0.32,0.18
2,0.51,0.16,0.15,0.51,0.42,0.06,0.81,0.32,0.18
2,0.51,0.16,0.15,0.51,0.42,0.06,0.81,0.32,0.18
2,0.51,0.16,0.15,0.51,0.42,0.06,0.81,0.32,0.18
2,0.51,0.16,0.15,0.51,0.42,0.06,0.81,0.32,0.18
2,0.51,0.16,0.15,0.51,0.42,0.06,0.81,0.32,0.18
2,0.51,0.16,0.15,0.51,0.42,0.06,0.81,0.32,0.18
2,0.51,0.16,0.15,0.51,0.42,0.06,0.81,0.32,0.18
2,0.51,0.16,0.15,0.51,0.42,0.06,0.81,0.32,0.18
2,0.51,0.16,0.15,0.51,0.42,0.06,0.81,0.32,0.18
2,0.82,0.38,0.08,0.66,0.79,0.07,0.52,0.37,0.08
2,0.82,0.38,0.08,0.66,0.79,0.07,0.52,0.37,0.08
2,0.82,0.38,0.08,0.66,0.79,0.07,0.52,0.37,0.08
2,0.82,0.38,0.08,0.66,0.79,0.07,0.52,0.37,0.08
2,0.82,0.38,0.08,0.66,0.79,0.07,0.52,0.37,0.08
2,0.82,0.38,0.08,0.66,0.79,0.07,0.52,0.37,0.08
2,0.82,0.38,0.08,0.66,0.79,0.07,0.52,0.37,0.08
2,0.82,0.38,0.08,0.66,0.79,0.07,0.52,0.37,0.08
2,0.82,0.38,0.08,0.66,0.79,0.07,0.52,0.37,0.08
2,0.82,0.38,0.08,0.66,0.79,0.07,0.52,0.37,0.08
2,0.82,0.38,0.08,0.66,0.79,0.07,0.52,0.37,0.08
2,0.82,0.38,0.08,0.66,0.79,0.07,0.52,0.37,0.08
2,0.84,0.36,0.05,0.65,0.81,0.08,0.53,0.37,0.07
2,0.84,0.36,0.05,0.65,0.81,0.08,0.53,0.37,0.07
2,0.84,0.36,0.05,0.65,0.81,0.08,0.53,0.37,0.07
2,0.84,0.36,0.05,0.65,0.81,0.08,0.53,0.37,0.07
2,0.84,0.36,0.05,0.65,0.81,0.08,0.53,0.37,0.07
2,0.84,0.36,0.05,0.65,0.81,0.08,0.53,0.37,0.07
2,0.84,0.36,0.05,0.65,0.81,0.08,0.53,0.37,0.07
2,0.84,0.36,0.05,0.65,0.81,0.08,0.53,0.37,0.07
2,0.84,0.36,0.05,0.65,0.81,0.08,0.53,0.37,0.07
2,0.84,0.36,0.05,0.65,0.81,0.08,0.53,0.37,0.07
2,0.84,0.36,0.05,0.65,0.81,0.08,0.53,0.37,0.07
2,0.84,0.36,0.05,0.65,0.81,0.08,0.53,0.37,0.07
2,0.54,0.49,0.11,0.53,0.65,0.13,0.83,0.29,0.12
2,0.54,0.49,0.11,0.53,0.65,0.13,0.83,0.29,0.12
2,0.54,0.49,0.11,0.53,0.65,0.13,0.83,0.29,0.12
2,0.54,0.49,0.11,0.53,0.65,0.13,0.83,0.29,0.12
2,0.54,0.49,0.11,0.53,0.65,0.13,0.83,0.29,0.12
2,0.54,0.49,0.11,0.53,0.65,0.13,0.83,0.29,0.12
2,0.54,0.49,0.11,0.53,0.65,0.13,0.83,0.29,0.12
2,0.54,0.49,0.11,0.53,0.65,0.13,0.83,0.29,0.12
2,0.54,0.49,0.11,0.53,0.65,0.13,0.83,0.29,0.12
2,0.54,0.49,0.11,0.53,0.65,0.13,0.83,0.29,0.12
2,0.54,0.49,0.11,0.53,0.65,0.13,0.83,0.29,0.12
2,0.54,0.49,0.11,0.53,0.65,0.13,0.83,0.29,0.12
2,0.18,0.37,0.12,0.63,0.7,0.03,0.82,0.28,0.09
2,0.18,0.37,0.12,0.63,0.7,0.03,0.82,0.28,0.09
2,0.18,0.37,0.12,0.63,0.7,0.03,0.82,0.28,0.09
2,0.18,0.37,0.12,0.63,0.7,0.03,0.82,0.28,0.09
2,0.18,0.37,0.12,0.63,0.7,0.03,0.82,0.28,0.09
2,0.18,0.37,0.12,0.63,0.7,0.03,0.82,0.28,0.09
2,0.18,0.37,0.12,0.63,0.7,0.03,0.82,0.28,0.09
2,0.18,0.37,0.12,0.63,0.7,0.03,0.82,0.28,0.09
2,0.18,0.37,0.12,0.63,0.7,0.03,0.82,0.28,0.09
2,0.18,0.37,0.12,0.63,0.7,0.03,0.82,0.28,0.09
2,0.18,0.37,0.12,0.63,0.7,0.03,0.82,0.28,0.09
2,0.18,0.37,0.12,0.63,0.7,0.03,0.82,0.28,0.09
2,0.25,0.39,0.14,0.54,0.58,0.13,0.73,0.29,0.17
2,0.25,0.39,0.14,0.54,0.58,0.13,0.73,0.29,0.17
2,0.25,0.39,0.14,0.54,0.58,0.13,0.73,0.29,0.17
2,0.25,0.39,0.14,0.54,0.58,0.13,0.73,0.29,0.17
2,0.25,0.39,0.14,0.54,0.58,0.13,0.73,0.29,0.17
2,0.25,0.39,0.14,0.54,0.58,0.13,0.73,0.29,0.17
2,0.25,0.39,0.14,0.54,0.58,0.13,0.73,0.29,0.17
2,0.25,0.39,0.14,0.54,0.58,0.13,0.73,0.29,0.17
2,0.25,0.39,0.14,0.54,0.58,0.13,0.73,0.29,0.17
2,0.25,0.39,0.14,0.54,0.58,0.13,0.73,0.29,0.17
2,0.25,0.39,0.14,0.54,0.58,0.13,0.73,0.29,0.17
2,0.25,0.39,0.14,0.54,0.58,0.13,0.73,0.29,0.17
2,0.96,0.01,0.08,0.47,0.69,0.12,0.6,0.24,0.08
2,0.96,0.01,0.08,0.47,0.69,0.12,0.6,0.24,0.08
2,0.96,0.01,0.08,0.47,0.69,0.12,0.6,0.24,0.08
2,0.96,0.01,0.08,0.47,0.69,0.12,0.6,0.24,0.08
2,0.96,0.01,0.08,0.47,0.69,0.12,0.6,0.24,0.08
2,0.96,0.01,0.08,0.47,0.69,0.12,0.6,0.24,0.08
2,0.96,0.01,0.08,0.47,0.69,0.12,0.6,0.24,0.08
2,0.96,0.01,0.08,0.47,0.69,0.12,0.6,0.24,0.08
2,0.96,0.01,0.08,0.47,0.69,0.12,0.6,0.24,0.08
2,0.96,0.01,0.08,0.47,0.69,0.12,0.6,0.24,0.08
2,0.96,0.01,0.08,0.47,0.69,0.12,0.6,0.24,0.08
2,0.96,0.01,0.08,0.47,0.69,0.12,0.6,0.24,0.08
2,0.13,0.31,0.11,0.49,0.64,0.28,0.55,0.36,0.09
2,0.13,0.31,0.11,0.49,0.64,0.28,0.55,0.36,0.09
2,0.13,0.31,0.11,0.49,0.64,0.28,0.55,0.36,0.09
2,0.13,0.31,0.11,0.49,0.64,0.28,0.55,0.36,0.09
2,0.13,0.31,0.11,0.49,0.64,0.28,0.55,0.36,0.09
2,0.13,0.31,0.11,0.49,0.64,0.28,0.55,0.36,0.09
2,0.13,0.31,0.11,0.49,0.64,0.28,0.55,0.36,0.09
2,0.13,0.31,0.11,0.49,0.64,0.28,0.55,0.36,0.09
2,0.13,0.31,0.11,0.49,0.64,0.28,0.55,0.36,0.09
2,0.13,0.31,0.11,0.49,0.64,0.28,0.55,0.36,0.09
2,0.13,0.31,0.11,0.49,0.64,0.28,0.55,0.36,0.09
2,0.13,0.31,0.11,0.49,0.64,0.28,0.55,0.36,0.09
2,0.13,0.31,0.11,0.49,0.64,0.28,0.55,0.36,0.09
2,0.13,0.31,0.11,0.49,0.64,0.28,0.55,0.36,0.09
2,0.13,0.31,0.11,0.49,0.64,0.28,0.55,0.36,0.09
2,0.13,0.31,0.11,0.49,0.64,0.28,0.55,0.36,0.09
2,0.13,0.31,0.11,0.49,0.64,0.28,0.55,0.36,0.09
2,0.13,0.31,0.11,0.49,0.64,0.28,0.55,0.36,0.09
2,0.13,0.31,0.11,0.49,0.64,0.28,0.55,0.36,0.09
2,0.13,0.31,0.11,0.49,0.64,0.28,0.55,0.36,0.09
2,0.13,0.31,0.11,0.49,0.64,0.28,0.55,0.36,0.09
2,0.13,0.31,0.11,0.49,0.64,0.28,0.55,0.36,0.09
2,0.13,0.31,0.11,0.49,0.64,0.28,0.55,0.36,0.09
2,0.13,0.31,0.11,0.49,0.64,0.28,0.55,0.36,0.09
2,0.38,0.43,0.14,0.48,0.46,0.19,0.51,0.33,0.17
2,0.38,0.43,0.14,0.48,0.46,0.19,0.51,0.33,0.17
2,0.38,0.43,0.14,0.48,0.46,0.19,0.51,0.33,0.17
2,0.38,0.43,0.14,0.48,0.46,0.19,0.51,0.33,0.17
2,0.38,0.43,0.14,0.48,0.46,0.19,0.51,0.33,0.17
2,0.38,0.43,0.14,0.48,0.46,0.19,0.51,0.33,0.17
2,0.38,0.43,0.14,0.48,0.46,0.19,0.51,0.33,0.17
2,0.38,0.43,0.14,0.48,0.46,0.19,0.51,0.33,0.17
2,0.38,0.43,0.14,0.48,0.46,0.19,0.51,0.33,0.17
2,0.38,0.43,0.14,0.48,0.46,0.19,0.51,0.33,0.17
2,0.38,0.43,0.14,0.48,0.46,0.19,0.51,0.33,0.17
2,0.38,0.43,0.14,0.48,0.46,0.19,0.51,0.33,0.17
2,0.38,0.43,0.14,0.48,0.46,0.19,0.51,0.33,0.17
2,0.38,0.43,0.14,0.48,0.46,0.19,0.51,0.33,0.17
2,0.38,0.43,0.14,0.48,0.46,0.19,0.51,0.33,0.17
2,0.38,0.43,0.14,0.48,0.46,0.19,0.51,0.33,0.17
2,0.38,0.43,0.14,0.48,0.46,0.19,0.51,0.33,0.17
2,0.38,0.43,0.14,0.48,0.46,0.19,0.51,0.33,0.17
2,0.38,0.43,0.14,0.48,0.46,0.19,0.51,0.33,0.17
2,0.38,0.43,0.14,0.48,0.46,0.19,0.51,0.33,0.17
2,0.38,0.43,0.14,0.48,0.46,0.19,0.51,0.33,0.17
2,0.38,0.43,0.14,0.48,0.46,0.19,0.51,0.33,0.17
2,0.38,0.43,0.14,0.48,0.46,0.19,0.51,0.33,0.17
2,0.38,0.43,0.14,0.48,0.46,0.19,0.51,0.33,0.17
2,0.44,0.48,0.12,0.43,0.53,0.2,0.76,0.31,0.13
2,0.44,0.48,0.12,0.43,0.53,0.2,0.76,0.31,0.13
2,0.44,0.48,0.12,0.43,0.53,0.2,0.76,0.31,0.13
2,0.44,0.48,0.12,0.43,0.53,0.2,0.76,0.31,0.13
2,0.44,0.48,0.12,0.43,0.53,0.2,0.76,0.31,0.13
2,0.44,0.48,0.12,0.43,0.53,0.2,0.76,0.31,0.13
2,0.44,0.48,0.12,0.43,0.53,0.2,0.76,0.31,0.13
2,0.44,0.48,0.12,0.43,0.53,0.2,0.76,0.31,0.13
2,0.44,0.48,0.12,0.43,0.53,0.2,0.76,0.31,0.13
2,0.44,0.48,0.12,0.43,0.53,0.2,0.76,0.31,0.13
2,0.44,0.48,0.12,0.43,0.53,0.2,0.76,0.31,0.13
2,0.44,0.48,0.12,0.43,0.53,0.2,0.76,0.31,0.13
2,0.21,0.39,0.11,0.56,0.69,0.23,0.75,0.35,0.16
2,0.21,0.39,0.11,0.56,0.69,0.23,0.75,0.35,0.16
2,0.21,0.39,0.11,0.56,0.69,0.23,0.75,0.35,0.16
2,0.21,0.39,0.11,0.56,0.69,0.23,0.75,0.35,0.16
2,0.21,0.39,0.11,0.56,0.69,0.23,0.75,0.35,0.16
2,0.21,0.39,0.11,0.56,0.69,0.23,0.75,0.35,0.16
2,0.21,0.39,0.11,0.56,0.69,0.23,0.75,0.35,0.16
2,0.21,0.39,0.11,0.56,0.69,0.23,0.75,0.35,0.16
2,0.21,0.39,0.11,0.56,0.69,0.23,0.75,0.35,0.16
2,0.21,0.39,0.11,0.56,0.69,0.23,0.75,0.35,0.16
2,0.21,0.39,0.11,0.56,0.69,0.23,0.75,0.35,0.16
2,0.21,0.39,0.11,0.56,0.69,0.23,0.75,0.35,0.16
2,0.24,0.39,0.18,0.5,0.47,0.06,0.74,0.28,0.15
2,0.24,0.39,0.18,0.5,0.47,0.06,0.74,0.28,0.15
2,0.24,0.39,0.18,0.5,0.47,0.06,0.74,0.28,0.15
2,0.24,0.39,0.18,0.5,0.47,0.06,0.74,0.28,0.15
2,0.24,0.39,0.18,0.5,0.47,0.06,0.74,0.28,0.15
2,0.24,0.39,0.18,0.5,0.47,0.06,0.74,0.28,0.15
2,0.24,0.39,0.18,0.5,0.47,0.06,0.74,0.28,0.15
2,0.24,0.39,0.18,0.5,0.47,0.06,0.74,0.28,0.15
2,0.24,0.39,0.18,0.5,0.47,0.06,0.74,0.28,0.15
2,0.24,0.39,0.18,0.5,0.47,0.06,0.74,0.28,0.15
2,0.24,0.39,0.18,0.5,0.47,0.06,0.74,0.28,0.15
2,0.24,0.39,0.18,0.5,0.47,0.06,0.74,0.28,0.15
2,0.54,0.21,0.2,0.43,0.35,0.05,0.66,0.3,0.21
2,0.54,0.21,0.2,0.43,0.35,0.05,0.66,0.3,0.21
2,0.54,0.21,0.2,0.43,0.35,0.05,0.66,0.3,0.21
2,0.54,0.21,0.2,0.43,0.35,0.05,0.66,0.3,0.21
2,0.54,0.21,0.2,0.43,0.35,0.05,0.66,0.3,0.21
2,0.54,0.21,0.2,0.43,0.35,0.05,0.66,0.3,0.21
2,0.54,0.21,0.2,0.43,0.35,0.05,0.66,0.3,0.21
2,0.54,0.21,0.2,0.43,0.35,0.05,0.66,0.3,0.21
2,0.54,0.21,0.2,0.43,0.35,0.05,0.66,0.3,0.21
2,0.54,0.21,0.2,0.43,0.35,0.05,0.66,0.3,0.21
2,0.54,0.21,0.2,0.43,0.35,0.05,0.66,0.3,0.21
2,0.54,0.21,0.2,0.43,0.35,0.05,0.66,0.3,0.21
2,0.04,0.08,0.11,0.61,0.68,0.1,0.91,0.18,0.15
2,0.04,0.08,0.11,0.61,0.68,0.1,0.91,0.18,0.15
2,0.04,0.08,0.11,0.61,0.68,0.1,0.91,0.18,0.15
2,0.04,0.08,0.11,0.61,0.68,0.1,0.91,0.18,0.15
2,0.04,0.08,0.11,0.61,0.68,0.1,0.91,0.18,0.15
2,0.04,0.08,0.11,0.61,0.68,0.1,0.91,0.18,0.15
2,0.04,0.08,0.11,0.61,0.68,0.1,0.91,0.18,0.15
2,0.04,0.08,0.11,0.61,0.68,0.1,0.91,0.18,0.15
2,0.04,0.08,0.11,0.61,0.68,0.1,0.91,0.18,0.15
2,0.04,0.08,0.11,0.61,0.68,0.1,0.91,0.18,0.15
2,0.04,0.08,0.11,0.61,0.68,0.1,0.91,0.18,0.15
2,0.04,0.08,0.11,0.61,0.68,0.1,0.91,0.18,0.15
2,0.04,0.05,0.13,0.69,0.71,0.17,0.76,0.28,0.11
2,0.04,0.05,0.13,0.69,0.71,0.17,0.76,0.28,0.11
2,0.04,0.05,0.13,0.69,0.71,0.17,0.76,0.28,0.11
2,0.04,0.05,0.13,0.69,0.71,0.17,0.76,0.28,0.11
2,0.04,0.05,0.13,0.69,0.71,0.17,0.76,0.28,0.11
2,0.04,0.05,0.13,0.69,0.71,0.17,0.76,0.28,0.11
2,0.04,0.05,0.13,0.69,0.71,0.17,0.76,0.28,0.11
2,0.04,0.05,0.13,0.69,0.71,0.17,0.76,0.28,0.11
2,0.04,0.05,0.13,0.69,0.71,0.17,0.76,0.28,0.11
2,0.04,0.05,0.13,0.69,0.71,0.17,0.76,0.28,0.11
2,0.04,0.05,0.13,0.69,0.71,0.17,0.76,0.28,0.11
2,0.04,0.05,0.13,0.69,0.71,0.17,0.76,0.28,0.11
2,0.04,0.05,0.13,0.69,0.71,0.17,0.76,0.28,0.11
2,0.04,0.05,0.13,0.69,0.71,0.17,0.76,0.28,0.11
2,0.04,0.05,0.13,0.69,0.71,0.17,0.76,0.28,0.11
2,0.04,0.05,0.13,0.69,0.71,0.17,0.76,0.28,0.11
2,0.04,0.05,0.13,0.69,0.71,0.17,0.76,0.28,0.11
2,0.04,0.05,0.13,0.69,0.71,0.17,0.76,0.28,0.11
2,0.04,0.05,0.13,0.69,0.71,0.17,0.76,0.28,0.11
2,0.04,0.05,0.13,0.69,0.71,0.17,0.76,0.28,0.11
2,0.04,0.05,0.13,0.69,0.71,0.17,0.76,0.28,0.11
2,0.04,0.05,0.13,0.69,0.71,0.17,0.76,0.28,0.11
2,0.04,0.05,0.13,0.69,0.71,0.17,0.76,0.28,0.11
2,0.04,0.05,0.13,0.69,0.71,0.17,0.76,0.28,0.11
2,0.06,0.01,0.12,0.84,0.62,0.08,0.68,0.39,0.12
2,0.06,0.01,0.12,0.84,0.62,0.08,0.68,0.39,0.12
2,0.06,0.01,0.12,0.84,0.62,0.08,0.68,0.39,0.12
2,0.06,0.01,0.12,0.84,0.62,0.08,0.68,0.39,0.12
2,0.06,0.01,0.12,0.84,0.62,0.08,0.68,0.39,0.12
2,0.06,0.01,0.12,0.84,0.62,0.08,0.68,0.39,0.12
2,0.06,0.01,0.12,0.84,0.62,0.08,0.68,0.39,0.12
2,0.06,0.01,0.12,0.84,0.62,0.08,0.68,0.39,0.12
2,0.06,0.01,0.12,0.84,0.62,0.08,0.68,0.39,0.12
2,0.06,0.01,0.12,0.84,0.62,0.08,0.68,0.39,0.12
2,0.06,0.01,0.12,0.84,0.62,0.08,0.68,0.39,0.12
2,0.06,0.01,0.12,0.84,0.62,0.08,0.68,0.39,0.12
2,0.56,0.16,0.16,0.47,0.35,0.04,0.89,0.23,0.17
2,0.56,0.16,0.16,0.47,0.35,0.04,0.89,0.23,0.17
2,0.56,0.16,0.16,0.47,0.35,0.04,0.89,0.23,0.17
2,0.56,0.16,0.16,0.47,0.35,0.04,0.89,0.23,0.17
2,0.56,0.16,0.16,0.47,0.35,0.04,0.89,0.23,0.17
2,0.56,0.16,0.16,0.47,0.35,0.04,0.89,0.23,0.17
2,0.56,0.16,0.16,0.47,0.35,0.04,0.89,0.23,0.17
2,0.56,0.16,0.16,0.47,0.35,0.04,0.89,0.23,0.17
2,0.56,0.16,0.16,0.47,0.35,0.04,0.89,0.23,0.17
2,0.56,0.16,0.16,0.47,0.35,0.04,0.89,0.23,0.17
2,0.56,0.16,0.16,0.47,0.35,0.04,0.89,0.23,0.17
2,0.56,0.16,0.16,0.47,0.35,0.04,0.89,0.23,0.17
2,0.05,0.16,0.13,0.5,0.41,0.1,0.72,0.38,0.15
2,0.05,0.16,0.13,0.5,0.41,0.1,0.72,0.38,0.15
2,0.05,0.16,0.13,0.5,0.41,0.1,0.72,0.38,0.15
2,0.05,0.16,0.13,0.5,0.41,0.1,0.72,0.38,0.15
2,0.05,0.16,0.13,0.5,0.41,0.1,0.72,0.38,0.15
2,0.05,0.16,0.13,0.5,0.41,0.1,0.72,0.38,0.15
2,0.05,0.16,0.13,0.5,0.41,0.1,0.72,0.38,0.15
2,0.05,0.16,0.13,0.5,0.41,0.1,0.72,0.38,0.15
2,0.05,0.16,0.13,0.5,0.41,0.1,0.72,0.38,0.15
2,0.05,0.16,0.13,0.5,0.41,0.1,0.72,0.38,0.15
2,0.05,0.16,0.13,0.5,0.41,0.1,0.72,0.38,0.15
2,0.05,0.16,0.13,0.5,0.41,0.1,0.72,0.38,0.15
2,0.06,0.07,0.21,0.39,0.52,0.08,0.69,0.25,0.14
2,0.06,0.07,0.21,0.39,0.52,0.08,0.69,0.25,0.14
2,0.06,0.07,0.21,0.39,0.52,0.08,0.69,0.25,0.14
2,0.06,0.07,0.21,0.39,0.52,0.08,0.69,0.25,0.14
2,0.06,0.07,0.21,0.39,0.52,0.08,0.69,0.25,0.14
2,0.06,0.07,0.21,0.39,0.52,0.08,0.69,0.25,0.14
2,0.06,0.07,0.21,0.39,0.52,0.08,0.69,0.25,0.14
2,0.06,0.07,0.21,0.39,0.52,0.08,0.69,0.25,0.14
2,0.06,0.07,0.21,0.39,0.52,0.08,0.69,0.25,0.14
2,0.06,0.07,0.21,0.39,0.52,0.08,0.69,0.25,0.14
2,0.06,0.07,0.21,0.39,0.52,0.08,0.69,0.25,0.14
2,0.06,0.07,0.21,0.39,0.52,0.08,0.69,0.25,0.14
2,0.53,0.46,0.2,0.4,0.49,0.17,0.62,0.28,0.15
2,0.53,0.46,0.2,0.4,0.49,0.17,0.62,0.28,0.15
2,0.53,0.46,0.2,0.4,0.49,0.17,0.62,0.28,0.15
2,0.53,0.46,0.2,0.4,0.49,0.17,0.62,0.28,0.15
2,0.53,0.46,0.2,0.4,0.49,0.17,0.62,0.28,0.15
2,0.53,0.46,0.2,0.4,0.49,0.17,0.62,0.28,0.15
2,0.53,0.46,0.2,0.4,0.49,0.17,0.62,0.28,0.15
2,0.53,0.46,0.2,0.4,0.49,0.17,0.62,0.28,0.15
2,0.53,0.46,0.2,0.4,0.49,0.17,0.62,0.28,0.15
2,0.53,0.46,0.2,0.4,0.49,0.17,0.62,0.28,0.15
2,0.53,0.46,0.2,0.4,0.49,0.17,0.62,0.28,0.15
2,0.53,0.46,0.2,0.4,0.49,0.17,0.62,0.28,0.15
2,0.87,0.29,0.18,0.47,0.31,0.12,0.65,0.25,0.16
2,0.87,0.29,0.18,0.47,0.31,0.12,0.65,0.25,0.16
2,0.87,0.29,0.18,0.47,0.31,0.12,0.65,0.25,0.16
2,0.87,0.29,0.18,0.47,0.31,0.12,0.65,0.25,0.16
2,0.87,0.29,0.18,0.47,0.31,0.12,0.65,0.25,0.16
2,0.87,0.29,0.18,0.47,0.31,0.12,0.65,0.25,0.16
2,0.87,0.29,0.18,0.47,0.31,0.12,0.65,0.25,0.16
2,0.87,0.29,0.18,0.47,0.31,0.12,0.65,0.25,0.16
2,0.87,0.29,0.18,0.47,0.31,0.12,0.65,0.25,0.16
2,0.87,0.29,0.18,0.47,0.31,0.12,0.65,0.25,0.16
2,0.87,0.29,0.18,0.47,0.31,0.12,0.65,0.25,0.16
2,0.87,0.29,0.18,0.47,0.31,0.12,0.65,0.25,0.16
2,0.05,0.07,0.14,0.61,0.59,0.24,0.37,0.3,0.18
2,0.05,0.07,0.14,0.61,0.59,0.24,0.37,0.3,0.18
2,0.05,0.07,0.14,0.61,0.59,0.24,0.37,0.3,0.18
2,0.05,0.07,0.14,0.61,0.59,0.24,0.37,0.3,0.18
2,0.05,0.07,0.14,0.61,0.59,0.24,0.37,0.3,0.18
2,0.05,0.07,0.14,0.61,0.59,0.24,0.37,0.3,0.18
2,0.05,0.07,0.14,0.61,0.59,0.24,0.37,0.3,0.18
2,0.05,0.07,0.14,0.61,0.59,0.24,0.37,0.3,0.18
2,0.05,0.07,0.14,0.61,0.59,0.24,0.37,0.3,0.18
2,0.05,0.07,0.14,0.61,0.59,0.24,0.37,0.3,0.18
2,0.05,0.07,0.14,0.61,0.59,0.24,0.37,0.3,0.18
2,0.05,0.07,0.14,0.61,0.59,0.24,0.37,0.3,0.18
2,0.03,0.02,0.17,0.49,0.73,0.07,0.72,0.29,0.07
2,0.03,0.02,0.17,0.49,0.73,0.07,0.72,0.29,0.07
2,0.03,0.02,0.17,0.49,0.73,0.07,0.72,0.29,0.07
2,0.03,0.02,0.17,0.49,0.73,0.07,0.72,0.29,0.07
2,0.03,0.02,0.17,0.49,0.73,0.07,0.72,0.29,0.07
2,0.03,0.02,0.17,0.49,0.73,0.07,0.72,0.29,0.07
2,0.03,0.02,0.17,0.49,0.73,0.07,0.72,0.29,0.07
2,0.03,0.02,0.17,0.49,0.73,0.07,0.72,0.29,0.07
2,0.03,0.02,0.17,0.49,0.73,0.07,0.72,0.29,0.07
2,0.03,0.02,0.17,0.49,0.73,0.07,0.72,0.29,0.07
2,0.03,0.02,0.17,0.49,0.73,0.07,0.72,0.29,0.07
2,0.03,0.02,0.17,0.49,0.73,0.07,0.72,0.29,0.07
2,0.47,0.49,0.16,0.6,0.74,0.27,0.61,0.39,0.13
2,0.47,0.49,0.16,0.6,0.74,0.27,0.61,0.39,0.13
2,0.47,0.49,0.16,0.6,0.74,0.27,0.61,0.39,0.13
2,0.47,0.49,0.16,0.6,0.74,0.27,0.61,0.39,0.13
2,0.47,0.49,0.16,0.6,0.74,0.27,0.61,0.39,0.13
2,0.47,0.49,0.16,0.6,0.74,0.27,0.61,0.39,0.13
2,0.47,0.49,0.16,0.6,0.74,0.27,0.61,0.39,0.13
2,0.47,0.49,0.16,0.6,0.74,0.27,0.61,0.39,0.13
2,0.47,0.49,0.16,0.6,0.74,0.27,0.61,0.39,0.13
2,0.47,0.49,0.16,0.6,0.74,0.27,0.61,0.39,0.13
2,0.47,0.49,0.16,0.6,0.74,0.27,0.61,0.39,0.13
2,0.47,0.49,0.16,0.6,0.74,0.27,0.61,0.39,0.13
2,0.18,0.35,0.18,0.36,0.44,0.3,0.47,0.33,0.17
2,0.18,0.35,0.18,0.36,0.44,0.3,0.47,0.33,0.17
2,0.18,0.35,0.18,0.36,0.44,0.3,0.47,0.33,0.17
2,0.18,0.35,0.18,0.36,0.44,0.3,0.47,0.33,0.17
2,0.18,0.35,0.18,0.36,0.44,0.3,0.47,0.33,0.17
2,0.18,0.35,0.18,0.36,0.44,0.3,0.47,0.33,0.17
2,0.18,0.35,0.18,0.36,0.44,0.3,0.47,0.33,0.17
2,0.18,0.35,0.18,0.36,0.44,0.3,0.47,0.33,0.17
2,0.18,0.35,0.18,0.36,0.44,0.3,0.47,0.33,0.17
2,0.18,0.35,0.18,0.36,0.44,0.3,0.47,0.33,0.17
2,0.18,0.35,0.18,0.36,0.44,0.3,0.47,0.33,0.17
2,0.18,0.35,0.18,0.36,0.44,0.3,0.47,0.33,0.17
2,0.44,0.14,0.14,0.31,0.41,0.15,0.71,0.28,0.12
2,0.44,0.14,0.14,0.31,0.41,0.15,0.71,0.28,0.12
2,0.44,0.14,0.14,0.31,0.41,0.15,0.71,0.28,0.12
2,0.44,0.14,0.14,0.31,0.41,0.15,0.71,0.28,0.12
2,0.44,0.14,0.14,0.31,0.41,0.15,0.71,0.28,0.12
2,0.44,0.14,0.14,0.31,0.41,0.15,0.71,0.28,0.12
2,0.44,0.14,0.14,0.31,0.41,0.15,0.71,0.28,0.12
2,0.44,0.14,0.14,0.31,0.41,0.15,0.71,0.28,0.12
2,0.44,0.14,0.14,0.31,0.41,0.15,0.71,0.28,0.12
2,0.44,0.14,0.14,0.31,0.41,0.15,0.71,0.28,0.12
2,0.44,0.14,0.14,0.31,0.41,0.15,0.71,0.28,0.12
2,0.44,0.14,0.14,0.31,0.41,0.15,0.71,0.28,0.12
2,0.03,0.03,0.16,0.42,0.57,0.08,0.56,0.37,0.16
2,0.03,0.03,0.16,0.42,0.57,0.08,0.56,0.37,0.16
2,0.03,0.03,0.16,0.42,0.57,0.08,0.56,0.37,0.16
2,0.03,0.03,0.16,0.42,0.57,0.08,0.56,0.37,0.16
2,0.03,0.03,0.16,0.42,0.57,0.08,0.56,0.37,0.16
2,0.03,0.03,0.16,0.42,0.57,0.08,0.56,0.37,0.16
2,0.03,0.03,0.16,0.42,0.57,0.08,0.56,0.37,0.16
2,0.03,0.03,0.16,0.42,0.57,0.08,0.56,0.37,0.16
2,0.03,0.03,0.16,0.42,0.57,0.08,0.56,0.37,0.16
2,0.03,0.03,0.16,0.42,0.57,0.08,0.56,0.37,0.16
2,0.03,0.03,0.16,0.42,0.57,0.08,0.56,0.37,0.16
2,0.03,0.03,0.16,0.42,0.57,0.08,0.56,0.37,0.16
2,0.06,0.09,0.1,0.57,0.58,0.09,0.81,0.28,0.14
2,0.06,0.09,0.1,0.57,0.58,0.09,0.81,0.28,0.14
2,0.06,0.09,0.1,0.57,0.58,0.09,0.81,0.28,0.14
2,0.06,0.09,0.1,0.57,0.58,0.09,0.81,0.28,0.14
2,0.06,0.09,0.1,0.57,0.58,0.09,0.81,0.28,0.14
2,0.06,0.09,0.1,0.57,0.58,0.09,0.81,0.28,0.14
2,0.06,0.09,0.1,0.57,0.58,0.09,0.81,0.28,0.14
2,0.06,0.09,0.1,0.57,0.58,0.09,0.81,0.28,0.14
2,0.06,0.09,0.1,0.57,0.58,0.09,0.81,0.28,0.14
2,0.06,0.09,0.1,0.57,0.58,0.09,0.81,0.28,0.14
2,0.06,0.09,0.1,0.57,0.58,0.09,0.81,0.28,0.14
2,0.06,0.09,0.1,0.57,0.58,0.09,0.81,0.28,0.14
2,0.09,0.04,0.11,0.53,0.45,0.2,0.57,0.33,0.11
2,0.09,0.04,0.11,0.53,0.45,0.2,0.57,0.33,0.11
2,0.09,0.04,0.11,0.53,0.45,0.2,0.57,0.33,0.11
2,0.09,0.04,0.11,0.53,0.45,0.2,0.57,0.33,0.11
2,0.09,0.04,0.11,0.53,0.45,0.2,0.57,0.33,0.11
2,0.09,0.04,0.11,0.53,0.45,0.2,0.57,0.33,0.11
2,0.09,0.04,0.11,0.53,0.45,0.2,0.57,0.33,0.11
2,0.09,0.04,0.11,0.53,0.45,0.2,0.57,0.33,0.11
2,0.09,0.04,0.11,0.53,0.45,0.2,0.57,0.33,0.11
2,0.09,0.04,0.11,0.53,0.45,0.2,0.57,0.33,0.11
2,0.09,0.04,0.11,0.53,0.45,0.2,0.57,0.33,0.11
2,0.09,0.04,0.11,0.53,0.45,0.2,0.57,0.33,0.11
2,0.19,0.32,0.1,0.37,0.63,0.64,0.53,0.28,0.18
2,0.19,0.32,0.1,0.37,0.63,0.64,0.53,0.28,0.18
2,0.19,0.32,0.1,0.37,0.63,0.64,0.53,0.28,0.18
2,0.19,0.32,0.1,0.37,0.63,0.64,0.53,0.28,0.18
2,0.19,0.32,0.1,0.37,0.63,0.64,0.53,0.28,0.18
2,0.19,0.32,0.1,0.37,0.63,0.64,0.53,0.28,0.18
2,0.19,0.32,0.1,0.37,0.63,0.64,0.53,0.28,0.18
2,0.19,0.32,0.1,0.37,0.63,0.64,0.53,0.28,0.18
2,0.19,0.32,0.1,0.37,0.63,0.64,0.53,0.28,0.18
2,0.19,0.32,0.1,0.37,0.63,0.64,0.53,0.28,0.18
2,0.19,0.32,0.1,0.37,0.63,0.64,0.53,0.28,0.18
2,0.19,0.32,0.1,0.37,0.63,0.64,0.53,0.28,0.18
2,0.02,0.04,0.18,0.38,0.44,0.15,0.65,0.43,0.19
2,0.02,0.04,0.18,0.38,0.44,0.15,0.65,0.43,0.19
2,0.02,0.04,0.18,0.38,0.44,0.15,0.65,0.43,0.19
2,0.02,0.04,0.18,0.38,0.44,0.15,0.65,0.43,0.19
2,0.02,0.04,0.18,0.38,0.44,0.15,0.65,0.43,0.19
2,0.02,0.04,0.18,0.38,0.44,0.15,0.65,0.43,0.19
2,0.02,0.04,0.18,0.38,0.44,0.15,0.65,0.43,0.19
2,0.02,0.04,0.18,0.38,0.44,0.15,0.65,0.43,0.19
2,0.02,0.04,0.18,0.38,0.44,0.15,0.65,0.43,0.19
2,0.02,0.04,0.18,0.38,0.44,0.15,0.65,0.43,0.19
2,0.02,0.04,0.18,0.38,0.44,0.15,0.65,0.43,0.19
2,0.02,0.04,0.18,0.38,0.44,0.15,0.65,0.43,0.19
2,0.05,0.05,0.12,0.52,0.4,0.16,0.74,0.34,0.15
2,0.05,0.05,0.12,0.52,0.4,0.16,0.74,0.34,0.15
2,0.05,0.05,0.12,0.52,0.4,0.16,0.74,0.34,0.15
2,0.05,0.05,0.12,0.52,0.4,0.16,0.74,0.34,0.15
2,0.05,0.05,0.12,0.52,0.4,0.16,0.74,0.34,0.15
2,0.05,0.05,0.12,0.52,0.4,0.16,0.74,0.34,0.15
2,0.05,0.05,0.12,0.52,0.4,0.16,0.74,0.34,0.15
2,0.05,0.05,0.12,0.52,0.4,0.16,0.74,0.34,0.15
2,0.05,0.05,0.12,0.52,0.4,0.16,0.74,0.34,0.15
2,0.05,0.05,0.12,0.52,0.4,0.16,0.74,0.34,0.15
2,0.05,0.05,0.12,0.52,0.4,0.16,0.74,0.34,0.15
2,0.05,0.05,0.12,0.52,0.4,0.16,0.74,0.34,0.15
2,0.25,0.42,0.12,0.64,0.35,0.16,0.64,0.28,0.2
2,0.25,0.42,0.12,0.64,0.35,0.16,0.64,0.28,0.2
2,0.25,0.42,0.12,0.64,0.35,0.16,0.64,0.28,0.2
2,0.25,0.42,0.12,0.64,0.35,0.16,0.64,0.28,0.2
2,0.25,0.42,0.12,0.64,0.35,0.16,0.64,0.28,0.2
2,0.25,0.42,0.12,0.64,0.35,0.16,0.64,0.28,0.2
2,0.25,0.42,0.12,0.64,0.35,0.16,0.64,0.28,0.2
2,0.25,0.42,0.12,0.64,0.35,0.16,0.64,0.28,0.2
2,0.25,0.42,0.12,0.64,0.35,0.16,0.64,0.28,0.2
2,0.25,0.42,0.12,0.64,0.35,0.16,0.64,0.28,0.2
2,0.25,0.42,0.12,0.64,0.35,0.16,0.64,0.28,0.2
2,0.25,0.42,0.12,0.64,0.35,0.16,0.64,0.28,0.2
2,0.19,0.37,0.09,0.43,0.49,0.11,0.69,0.24,0.11
2,0.19,0.37,0.09,0.43,0.49,0.11,0.69,0.24,0.11
2,0.19,0.37,0.09,0.43,0.49,0.11,0.69,0.24,0.11
2,0.19,0.37,0.09,0.43,0.49,0.11,0.69,0.24,0.11
2,0.19,0.37,0.09,0.43,0.49,0.11,0.69,0.24,0.11
2,0.19,0.37,0.09,0.43,0.49,0.11,0.69,0.24,0.11
2,0.19,0.37,0.09,0.43,0.49,0.11,0.69,0.24,0.11
2,0.19,0.37,0.09,0.43,0.49,0.11,0.69,0.24,0.11
2,0.19,0.37,0.09,0.43,0.49,0.11,0.69,0.24,0.11
2,0.19,0.37,0.09,0.43,0.49,0.11,0.69,0.24,0.11
2,0.19,0.37,0.09,0.43,0.49,0.11,0.69,0.24,0.11
2,0.19,0.37,0.09,0.43,0.49,0.11,0.69,0.24,0.11
2,0.04,0.07,0.2,0.35,0.36,0.22,0.74,0.23,0.12
2,0.04,0.07,0.2,0.35,0.36,0.22,0.74,0.23,0.12
2,0.04,0.07,0.2,0.35,0.36,0.22,0.74,0.23,0.12
2,0.04,0.07,0.2,0.35,0.36,0.22,0.74,0.23,0.12
2,0.04,0.07,0.2,0.35,0.36,0.22,0.74,0.23,0.12
2,0.04,0.07,0.2,0.35,0.36,0.22,0.74,0.23,0.12
2,0.04,0.07,0.2,0.35,0.36,0.22,0.74,0.23,0.12
2,0.04,0.07,0.2,0.35,0.36,0.22,0.74,0.23,0.12
2,0.04,0.07,0.2,0.35,0.36,0.22,0.74,0.23,0.12
2,0.04,0.07,0.2,0.35,0.36,0.22,0.74,0.23,0.12
2,0.04,0.07,0.2,0.35,0.36,0.22,0.74,0.23,0.12
2,0.04,0.07,0.2,0.35,0.36,0.22,0.74,0.23,0.12
2,0.05,0.08,0.17,0.37,0.48,0.26,0.77,0.35,0.11
2,0.05,0.08,0.17,0.37,0.48,0.26,0.77,0.35,0.11
2,0.05,0.08,0.17,0.37,0.48,0.26,0.77,0.35,0.11
2,0.05,0.08,0.17,0.37,0.48,0.26,0.77,0.35,0.11
2,0.05,0.08,0.17,0.37,0.48,0.26,0.77,0.35,0.11
2,0.05,0.08,0.17,0.37,0.48,0.26,0.77,0.35,0.11
2,0.05,0.08,0.17,0.37,0.48,0.26,0.77,0.35,0.11
2,0.05,0.08,0.17,0.37,0.48,0.26,0.77,0.35,0.11
2,0.05,0.08,0.17,0.37,0.48,0.26,0.77,0.35,0.11
2,0.05,0.08,0.17,0.37,0.48,0.26,0.77,0.35,0.11
2,0.05,0.08,0.17,0.37,0.48,0.26,0.77,0.35,0.11
2,0.05,0.08,0.17,0.37,0.48,0.26,0.77,0.35,0.11
2,0.47,0.15,0.15,0.58,0.54,0.03,0.89,0.22,0.12
2,0.47,0.15,0.15,0.58,0.54,0.03,0.89,0.22,0.12
2,0.47,0.15,0.15,0.58,0.54,0.03,0.89,0.22,0.12
2,0.47,0.15,0.15,0.58,0.54,0.03,0.89,0.22,0.12
2,0.47,0.15,0.15,0.58,0.54,0.03,0.89,0.22,0.12
2,0.47,0.15,0.15,0.58,0.54,0.03,0.89,0.22,0.12
2,0.47,0.15,0.15,0.58,0.54,0.03,0.89,0.22,0.12
2,0.47,0.15,0.15,0.58,0.54,0.03,0.89,0.22,0.12
2,0.47,0.15,0.15,0.58,0.54,0.03,0.89,0.22,0.12
2,0.47,0.15,0.15,0.58,0.54,0.03,0.89,0.22,0.12
2,0.47,0.15,0.15,0.58,0.54,0.03,0.89,0.22,0.12
2,0.47,0.15,0.15,0.58,0.54,0.03,0.89,0.22,0.12
2,0.3,0.4,0.19,0.5,0.35,0.29,0.59,0.32,0.15
2,0.3,0.4,0.19,0.5,0.35,0.29,0.59,0.32,0.15
2,0.3,0.4,0.19,0.5,0.35,0.29,0.59,0.32,0.15
2,0.3,0.4,0.19,0.5,0.35,0.29,0.59,0.32,0.15
2,0.3,0.4,0.19,0.5,0.35,0.29,0.59,0.32,0.15
2,0.3,0.4,0.19,0.5,0.35,0.29,0.59,0.32,0.15
2,0.3,0.4,0.19,0.5,0.35,0.29,0.59,0.32,0.15
2,0.3,0.4,0.19,0.5,0.35,0.29,0.59,0.32,0.15
2,0.3,0.4,0.19,0.5,0.35,0.29,0.59,0.32,0.15
2,0.3,0.4,0.19,0.5,0.35,0.29,0.59,0.32,0.15
2,0.3,0.4,0.19,0.5,0.35,0.29,0.59,0.32,0.15
2,0.3,0.4,0.19,0.5,0.35,0.29,0.59,0.32,0.15
2,0.66,0.15,0.16,0.61,0.42,0.09,0.74,0.41,0.19
2,0.66,0.15,0.16,0.61,0.42,0.09,0.74,0.41,0.19
2,0.66,0.15,0.16,0.61,0.42,0.09,0.74,0.41,0.19
2,0.66,0.15,0.16,0.61,0.42,0.09,0.74,0.41,0.19
2,0.66,0.15,0.16,0.61,0.42,0.09,0.74,0.41,0.19
2,0.66,0.15,0.16,0.61,0.42,0.09,0.74,0.41,0.19
2,0.66,0.15,0.16,0.61,0.42,0.09,0.74,0.41,0.19
2,0.66,0.15,0.16,0.61,0.42,0.09,0.74,0.41,0.19
2,0.66,0.15,0.16,0.61,0.42,0.09,0.74,0.41,0.19
2,0.66,0.15,0.16,0.61,0.42,0.09,0.74,0.41,0.19
2,0.66,0.15,0.16,0.61,0.42,0.09,0.74,0.41,0.19
2,0.66,0.15,0.16,0.61,0.42,0.09,0.74,0.41,0.19
2,0.03,0.04,0.11,0.71,0.64,0.07,0.74,0.31,0.13
2,0.03,0.04,0.11,0.71,0.64,0.07,0.74,0.31,0.13
2,0.03,0.04,0.11,0.71,0.64,0.07,0.74,0.31,0.13
2,0.03,0.04,0.11,0.71,0.64,0.07,0.74,0.31,0.13
2,0.03,0.04,0.11,0.71,0.64,0.07,0.74,0.31,0.13
2,0.03,0.04,0.11,0.71,0.64,0.07,0.74,0.31,0.13
2,0.03,0.04,0.11,0.71,0.64,0.07,0.74,0.31,0.13
2,0.03,0.04,0.11,0.71,0.64,0.07,0.74,0.31,0.13
2,0.03,0.04,0.11,0.71,0.64,0.07,0.74,0.31,0.13
2,0.03,0.04,0.11,0.71,0.64,0.07,0.74,0.31,0.13
2,0.03,0.04,0.11,0.71,0.64,0.07,0.74,0.31,0.13
2,0.03,0.04,0.11,0.71,0.64,0.07,0.74,0.31,0.13
2,0.03,0.04,0.11,0.71,0.64,0.07,0.74,0.31,0.13
2,0.03,0.04,0.11,0.71,0.64,0.07,0.74,0.31,0.13
2,0.03,0.04,0.11,0.71,0.64,0.07,0.74,0.31,0.13
2,0.03,0.04,0.11,0.71,0.64,0.07,0.74,0.31,0.13
2,0.03,0.04,0.11,0.71,0.64,0.07,0.74,0.31,0.13
2,0.03,0.04,0.11,0.71,0.64,0.07,0.74,0.31,0.13
2,0.03,0.04,0.11,0.71,0.64,0.07,0.74,0.31,0.13
2,0.03,0.04,0.11,0.71,0.64,0.07,0.74,0.31,0.13
2,0.03,0.04,0.11,0.71,0.64,0.07,0.74,0.31,0.13
2,0.03,0.04,0.11,0.71,0.64,0.07,0.74,0.31,0.13
2,0.03,0.04,0.11,0.71,0.64,0.07,0.74,0.31,0.13
2,0.03,0.04,0.11,0.71,0.64,0.07,0.74,0.31,0.13
2,0.55,0.49,0.15,0.28,0.62,0.08,0.77,0.31,0.09
2,0.55,0.49,0.15,0.28,0.62,0.08,0.77,0.31,0.09
2,0.55,0.49,0.15,0.28,0.62,0.08,0.77,0.31,0.09
2,0.55,0.49,0.15,0.28,0.62,0.08,0.77,0.31,0.09
2,0.55,0.49,0.15,0.28,0.62,0.08,0.77,0.31,0.09
2,0.55,0.49,0.15,0.28,0.62,0.08,0.77,0.31,0.09
2,0.55,0.49,0.15,0.28,0.62,0.08,0.77,0.31,0.09
2,0.55,0.49,0.15,0.28,0.62,0.08,0.77,0.31,0.09
2,0.55,0.49,0.15,0.28,0.62,0.08,0.77,0.31,0.09
2,0.55,0.49,0.15,0.28,0.62,0.08,0.77,0.31,0.09
2,0.55,0.49,0.15,0.28,0.62,0.08,0.77,0.31,0.09
2,0.55,0.49,0.15,0.28,0.62,0.08,0.77,0.31,0.09
2,0.55,0.49,0.15,0.28,0.62,0.08,0.77,0.31,0.09
2,0.55,0.49,0.15,0.28,0.62,0.08,0.77,0.31,0.09
2,0.55,0.49,0.15,0.28,0.62,0.08,0.77,0.31,0.09
2,0.55,0.49,0.15,0.28,0.62,0.08,0.77,0.31,0.09
2,0.55,0.49,0.15,0.28,0.62,0.08,0.77,0.31,0.09
2,0.55,0.49,0.15,0.28,0.62,0.08,0.77,0.31,0.09
2,0.55,0.49,0.15,0.28,0.62,0.08,0.77,0.31,0.09
2,0.55,0.49,0.15,0.28,0.62,0.08,0.77,0.31,0.09
2,0.55,0.49,0.15,0.28,0.62,0.08,0.77,0.31,0.09
2,0.55,0.49,0.15,0.28,0.62,0.08,0.77,0.31,0.09
2,0.55,0.49,0.15,0.28,0.62,0.08,0.77,0.31,0.09
2,0.55,0.49,0.15,0.28,0.62,0.08,0.77,0.31,0.09
2,0.04,0.1,0.15,0.42,0.43,0.04,0.75,0.33,0.21
2,0.04,0.1,0.15,0.42,0.43,0.04,0.75,0.33,0.21
2,0.04,0.1,0.15,0.42,0.43,0.04,0.75,0.33,0.21
2,0.04,0.1,0.15,0.42,0.43,0.04,0.75,0.33,0.21
2,0.04,0.1,0.15,0.42,0.43,0.04,0.75,0.33,0.21
2,0.04,0.1,0.15,0.42,0.43,0.04,0.75,0.33,0.21
2,0.04,0.1,0.15,0.42,0.43,0.04,0.75,0.33,0.21
2,0.04,0.1,0.15,0.42,0.43,0.04,0.75,0.33,0.21
2,0.04,0.1,0.15,0.42,0.43,0.04,0.75,0.33,0.21
2,0.04,0.1,0.15,0.42,0.43,0.04,0.75,0.33,0.21
2,0.04,0.1,0.15,0.42,0.43,0.04,0.75,0.33,0.21
2,0.04,0.1,0.15,0.42,0.43,0.04,0.75,0.33,0.21
2,0.9,0.23,0.15,0.58,0.67,0.19,0.6,0.4,0.17
2,0.9,0.23,0.15,0.58,0.67,0.19,0.6,0.4,0.17
2,0.9,0.23,0.15,0.58,0.67,0.19,0.6,0.4,0.17
2,0.9,0.23,0.15,0.58,0.67,0.19,0.6,0.4,0.17
2,0.9,0.23,0.15,0.58,0.67,0.19,0.6,0.4,0.17
2,0.9,0.23,0.15,0.58,0.67,0.19,0.6,0.4,0.17
2,0.9,0.23,0.15,0.58,0.67,0.19,0.6,0.4,0.17
2,0.9,0.23,0.15,0.58,0.67,0.19,0.6,0.4,0.17
2,0.9,0.23,0.15,0.58,0.67,0.19,0.6,0.4,0.17
2,0.9,0.23,0.15,0.58,0.67,0.19,0.6,0.4,0.17
2,0.9,0.23,0.15,0.58,0.67,0.19,0.6,0.4,0.17
2,0.9,0.23,0.15,0.58,0.67,0.19,0.6,0.4,0.17
2,0.89,0.28,0.11,0.39,0.62,0.19,0.77,0.3,0.13
2,0.89,0.28,0.11,0.39,0.62,0.19,0.77,0.3,0.13
2,0.89,0.28,0.11,0.39,0.62,0.19,0.77,0.3,0.13
2,0.89,0.28,0.11,0.39,0.62,0.19,0.77,0.3,0.13
2,0.89,0.28,0.11,0.39,0.62,0.19,0.77,0.3,0.13
2,0.89,0.28,0.11,0.39,0.62,0.19,0.77,0.3,0.13
2,0.89,0.28,0.11,0.39,0.62,0.19,0.77,0.3,0.13
2,0.89,0.28,0.11,0.39,0.62,0.19,0.77,0.3,0.13
2,0.89,0.28,0.11,0.39,0.62,0.19,0.77,0.3,0.13
2,0.89,0.28,0.11,0.39,0.62,0.19,0.77,0.3,0.13
2,0.89,0.28,0.11,0.39,0.62,0.19,0.77,0.3,0.13
2,0.89,0.28,0.11,0.39,0.62,0.19,0.77,0.3,0.13
2,0.04,0.15,0.13,0.79,0.65,0.09,0.72,0.35,0.12
2,0.04,0.15,0.13,0.79,0.65,0.09,0.72,0.35,0.12
2,0.04,0.15,0.13,0.79,0.65,0.09,0.72,0.35,0.12
2,0.04,0.15,0.13,0.79,0.65,0.09,0.72,0.35,0.12
2,0.04,0.15,0.13,0.79,0.65,0.09,0.72,0.35,0.12
2,0.04,0.15,0.13,0.79,0.65,0.09,0.72,0.35,0.12
2,0.04,0.15,0.13,0.79,0.65,0.09,0.72,0.35,0.12
2,0.04,0.15,0.13,0.79,0.65,0.09,0.72,0.35,0.12
2,0.04,0.15,0.13,0.79,0.65,0.09,0.72,0.35,0.12
2,0.04,0.15,0.13,0.79,0.65,0.09,0.72,0.35,0.12
2,0.04,0.15,0.13,0.79,0.65,0.09,0.72,0.35,0.12
2,0.04,0.15,0.13,0.79,0.65,0.09,0.72,0.35,0.12
2,0.53,0.16,0.15,0.57,0.37,0.11,0.63,0.41,0.16
2,0.53,0.16,0.15,0.57,0.37,0.11,0.63,0.41,0.16
2,0.53,0.16,0.15,0.57,0.37,0.11,0.63,0.41,0.16
2,0.53,0.16,0.15,0.57,0.37,0.11,0.63,0.41,0.16
2,0.53,0.16,0.15,0.57,0.37,0.11,0.63,0.41,0.16
2,0.53,0.16,0.15,0.57,0.37,0.11,0.63,0.41,0.16
2,0.53,0.16,0.15,0.57,0.37,0.11,0.63,0.41,0.16
2,0.53,0.16,0.15,0.57,0.37,0.11,0.63,0.41,0.16
2,0.53,0.16,0.15,0.57,0.37,0.11,0.63,0.41,0.16
2,0.53,0.16,0.15,0.57,0.37,0.11,0.63,0.41,0.16
2,0.53,0.16,0.15,0.57,0.37,0.11,0.63,0.41,0.16
2,0.53,0.16,0.15,0.57,0.37,0.11,0.63,0.41,0.16
2,0.84,0.35,0.09,0.51,0.58,0.29,0.63,0.29,0.11
2,0.84,0.35,0.09,0.51,0.58,0.29,0.63,0.29,0.11
2,0.84,0.35,0.09,0.51,0.58,0.29,0.63,0.29,0.11
2,0.84,0.35,0.09,0.51,0.58,0.29,0.63,0.29,0.11
2,0.84,0.35,0.09,0.51,0.58,0.29,0.63,0.29,0.11
2,0.84,0.35,0.09,0.51,0.58,0.29,0.63,0.29,0.11
2,0.84,0.35,0.09,0.51,0.58,0.29,0.63,0.29,0.11
2,0.84,0.35,0.09,0.51,0.58,0.29,0.63,0.29,0.11
2,0.84,0.35,0.09,0.51,0.58,0.29,0.63,0.29,0.11
2,0.84,0.35,0.09,0.51,0.58,0.29,0.63,0.29,0.11
2,0.84,0.35,0.09,0.51,0.58,0.29,0.63,0.29,0.11
2,0.84,0.35,0.09,0.51,0.58,0.29,0.63,0.29,0.11
2,0.6,0.11,0.13,0.55,0.42,0.05,0.64,0.36,0.21
2,0.6,0.11,0.13,0.55,0.42,0.05,0.64,0.36,0.21
2,0.6,0.11,0.13,0.55,0.42,0.05,0.64,0.36,0.21
2,0.6,0.11,0.13,0.55,0.42,0.05,0.64,0.36,0.21
2,0.6,0.11,0.13,0.55,0.42,0.05,0.64,0.36,0.21
2,0.6,0.11,0.13,0.55,0.42,0.05,0.64,0.36,0.21
2,0.6,0.11,0.13,0.55,0.42,0.05,0.64,0.36,0.21
2,0.6,0.11,0.13,0.55,0.42,0.05,0.64,0.36,0.21
2,0.6,0.11,0.13,0.55,0.42,0.05,0.64,0.36,0.21
2,0.6,0.11,0.13,0.55,0.42,0.05,0.64,0.36,0.21
2,0.6,0.11,0.13,0.55,0.42,0.05,0.64,0.36,0.21
2,0.6,0.11,0.13,0.55,0.42,0.05,0.64,0.36,0.21
2,0.06,0.09,0.23,0.8,0.47,0.04,0.72,0.32,0.23
2,0.06,0.09,0.23,0.8,0.47,0.04,0.72,0.32,0.23
2,0.06,0.09,0.23,0.8,0.47,0.04,0.72,0.32,0.23
2,0.06,0.09,0.23,0.8,0.47,0.04,0.72,0.32,0.23
2,0.06,0.09,0.23,0.8,0.47,0.04,0.72,0.32,0.23
2,0.06,0.09,0.23,0.8,0.47,0.04,0.72,0.32,0.23
2,0.06,0.09,0.23,0.8,0.47,0.04,0.72,0.32,0.23
2,0.06,0.09,0.23,0.8,0.47,0.04,0.72,0.32,0.23
2,0.06,0.09,0.23,0.8,0.47,0.04,0.72,0.32,0.23
2,0.06,0.09,0.23,0.8,0.47,0.04,0.72,0.32,0.23
2,0.06,0.09,0.23,0.8,0.47,0.04,0.72,0.32,0.23
2,0.06,0.09,0.23,0.8,0.47,0.04,0.72,0.32,0.23
2,0.03,0.02,0.14,0.49,0.48,0.05,0.71,0.31,0.13
2,0.03,0.02,0.14,0.49,0.48,0.05,0.71,0.31,0.13
2,0.03,0.02,0.14,0.49,0.48,0.05,0.71,0.31,0.13
2,0.03,0.02,0.14,0.49,0.48,0.05,0.71,0.31,0.13
2,0.03,0.02,0.14,0.49,0.48,0.05,0.71,0.31,0.13
2,0.03,0.02,0.14,0.49,0.48,0.05,0.71,0.31,0.13
2,0.03,0.02,0.14,0.49,0.48,0.05,0.71,0.31,0.13
2,0.03,0.02,0.14,0.49,0.48,0.05,0.71,0.31,0.13
2,0.03,0.02,0.14,0.49,0.48,0.05,0.71,0.31,0.13
2,0.03,0.02,0.14,0.49,0.48,0.05,0.71,0.31,0.13
2,0.03,0.02,0.14,0.49,0.48,0.05,0.71,0.31,0.13
2,0.03,0.02,0.14,0.49,0.48,0.05,0.71,0.31,0.13
2,0.06,0.19,0.13,0.53,0.37,0.07,0.74,0.39,0.15
2,0.06,0.19,0.13,0.53,0.37,0.07,0.74,0.39,0.15
2,0.06,0.19,0.13,0.53,0.37,0.07,0.74,0.39,0.15
2,0.06,0.19,0.13,0.53,0.37,0.07,0.74,0.39,0.15
2,0.06,0.19,0.13,0.53,0.37,0.07,0.74,0.39,0.15
2,0.06,0.19,0.13,0.53,0.37,0.07,0.74,0.39,0.15
2,0.06,0.19,0.13,0.53,0.37,0.07,0.74,0.39,0.15
2,0.06,0.19,0.13,0.53,0.37,0.07,0.74,0.39,0.15
2,0.06,0.19,0.13,0.53,0.37,0.07,0.74,0.39,0.15
2,0.06,0.19,0.13,0.53,0.37,0.07,0.74,0.39,0.15
2,0.06,0.19,0.13,0.53,0.37,0.07,0.74,0.39,0.15
2,0.06,0.19,0.13,0.53,0.37,0.07,0.74,0.39,0.15
2,0.1,0.27,0.18,0.25,0.45,0.6,0.74,0.4,0.23
2,0.1,0.27,0.18,0.25,0.45,0.6,0.74,0.4,0.23
2,0.1,0.27,0.18,0.25,0.45,0.6,0.74,0.4,0.23
2,0.1,0.27,0.18,0.25,0.45,0.6,0.74,0.4,0.23
2,0.1,0.27,0.18,0.25,0.45,0.6,0.74,0.4,0.23
2,0.1,0.27,0.18,0.25,0.45,0.6,0.74,0.4,0.23
2,0.1,0.27,0.18,0.25,0.45,0.6,0.74,0.4,0.23
2,0.1,0.27,0.18,0.25,0.45,0.6,0.74,0.4,0.23
2,0.1,0.27,0.18,0.25,0.45,0.6,0.74,0.4,0.23
2,0.1,0.27,0.18,0.25,0.45,0.6,0.74,0.4,0.23
2,0.1,0.27,0.18,0.25,0.45,0.6,0.74,0.4,0.23
2,0.1,0.27,0.18,0.25,0.45,0.6,0.74,0.4,0.23
2,0.05,0.04,0.25,0.44,0.53,0.07,0.87,0.23,0.17
2,0.05,0.04,0.25,0.44,0.53,0.07,0.87,0.23,0.17
2,0.05,0.04,0.25,0.44,0.53,0.07,0.87,0.23,0.17
2,0.05,0.04,0.25,0.44,0.53,0.07,0.87,0.23,0.17
2,0.05,0.04,0.25,0.44,0.53,0.07,0.87,0.23,0.17
2,0.05,0.04,0.25,0.44,0.53,0.07,0.87,0.23,0.17
2,0.05,0.04,0.25,0.44,0.53,0.07,0.87,0.23,0.17
2,0.05,0.04,0.25,0.44,0.53,0.07,0.87,0.23,0.17
2,0.05,0.04,0.25,0.44,0.53,0.07,0.87,0.23,0.17
2,0.05,0.04,0.25,0.44,0.53,0.07,0.87,0.23,0.17
2,0.05,0.04,0.25,0.44,0.53,0.07,0.87,0.23,0.17
2,0.05,0.04,0.25,0.44,0.53,0.07,0.87,0.23,0.17
2,0.08,0.24,0.15,0.66,0.68,0.22,0.81,0.27,0.14
2,0.08,0.24,0.15,0.66,0.68,0.22,0.81,0.27,0.14
2,0.08,0.24,0.15,0.66,0.68,0.22,0.81,0.27,0.14
2,0.08,0.24,0.15,0.66,0.68,0.22,0.81,0.27,0.14
2,0.08,0.24,0.15,0.66,0.68,0.22,0.81,0.27,0.14
2,0.08,0.24,0.15,0.66,0.68,0.22,0.81,0.27,0.14
2,0.08,0.24,0.15,0.66,0.68,0.22,0.81,0.27,0.14
2,0.08,0.24,0.15,0.66,0.68,0.22,0.81,0.27,0.14
2,0.08,0.24,0.15,0.66,0.68,0.22,0.81,0.27,0.14
2,0.08,0.24,0.15,0.66,0.68,0.22,0.81,0.27,0.14
2,0.08,0.24,0.15,0.66,0.68,0.22,0.81,0.27,0.14
2,0.08,0.24,0.15,0.66,0.68,0.22,0.81,0.27,0.14
2,0.41,0.47,0.18,0.55,0.56,0.07,0.57,0.37,0.18
2,0.41,0.47,0.18,0.55,0.56,0.07,0.57,0.37,0.18
2,0.41,0.47,0.18,0.55,0.56,0.07,0.57,0.37,0.18
2,0.41,0.47,0.18,0.55,0.56,0.07,0.57,0.37,0.18
2,0.41,0.47,0.18,0.55,0.56,0.07,0.57,0.37,0.18
2,0.41,0.47,0.18,0.55,0.56,0.07,0.57,0.37,0.18
2,0.41,0.47,0.18,0.55,0.56,0.07,0.57,0.37,0.18
2,0.41,0.47,0.18,0.55,0.56,0.07,0.57,0.37,0.18
2,0.41,0.47,0.18,0.55,0.56,0.07,0.57,0.37,0.18
2,0.41,0.47,0.18,0.55,0.56,0.07,0.57,0.37,0.18
2,0.41,0.47,0.18,0.55,0.56,0.07,0.57,0.37,0.18
2,0.41,0.47,0.18,0.55,0.56,0.07,0.57,0.37,0.18
2,0.08,0.07,0.12,0.76,0.57,0.28,0.69,0.4,0.11
2,0.08,0.07,0.12,0.76,0.57,0.28,0.69,0.4,0.11
2,0.08,0.07,0.12,0.76,0.57,0.28,0.69,0.4,0.11
2,0.08,0.07,0.12,0.76,0.57,0.28,0.69,0.4,0.11
2,0.08,0.07,0.12,0.76,0.57,0.28,0.69,0.4,0.11
2,0.08,0.07,0.12,0.76,0.57,0.28,0.69,0.4,0.11
2,0.08,0.07,0.12,0.76,0.57,0.28,0.69,0.4,0.11
2,0.08,0.07,0.12,0.76,0.57,0.28,0.69,0.4,0.11
2,0.08,0.07,0.12,0.76,0.57,0.28,0.69,0.4,0.11
2,0.08,0.07,0.12,0.76,0.57,0.28,0.69,0.4,0.11
2,0.08,0.07,0.12,0.76,0.57,0.28,0.69,0.4,0.11
2,0.08,0.07,0.12,0.76,0.57,0.28,0.69,0.4,0.11
2,0.03,0.01,0.15,0.52,0.46,0.06,0.64,0.31,0.13
2,0.03,0.01,0.15,0.52,0.46,0.06,0.64,0.31,0.13
2,0.03,0.01,0.15,0.52,0.46,0.06,0.64,0.31,0.13
2,0.03,0.01,0.15,0.52,0.46,0.06,0.64,0.31,0.13
2,0.03,0.01,0.15,0.52,0.46,0.06,0.64,0.31,0.13
2,0.03,0.01,0.15,0.52,0.46,0.06,0.64,0.31,0.13
2,0.03,0.01,0.15,0.52,0.46,0.06,0.64,0.31,0.13
2,0.03,0.01,0.15,0.52,0.46,0.06,0.64,0.31,0.13
2,0.03,0.01,0.15,0.52,0.46,0.06,0.64,0.31,0.13
2,0.03,0.01,0.15,0.52,0.46,0.06,0.64,0.31,0.13
2,0.03,0.01,0.15,0.52,0.46,0.06,0.64,0.31,0.13
2,0.03,0.01,0.15,0.52,0.46,0.06,0.64,0.31,0.13
2,0.03,0.02,0.15,0.34,0.35,0.08,0.76,0.23,0.16
2,0.03,0.02,0.15,0.34,0.35,0.08,0.76,0.23,0.16
2,0.03,0.02,0.15,0.34,0.35,0.08,0.76,0.23,0.16
2,0.03,0.02,0.15,0.34,0.35,0.08,0.76,0.23,0.16
2,0.03,0.02,0.15,0.34,0.35,0.08,0.76,0.23,0.16
2,0.03,0.02,0.15,0.34,0.35,0.08,0.76,0.23,0.16
2,0.03,0.02,0.15,0.34,0.35,0.08,0.76,0.23,0.16
2,0.03,0.02,0.15,0.34,0.35,0.08,0.76,0.23,0.16
2,0.03,0.02,0.15,0.34,0.35,0.08,0.76,0.23,0.16
2,0.03,0.02,0.15,0.34,0.35,0.08,0.76,0.23,0.16
2,0.03,0.02,0.15,0.34,0.35,0.08,0.76,0.23,0.16
2,0.03,0.02,0.15,0.34,0.35,0.08,0.76,0.23,0.16
2,0.06,0.02,0.15,0.66,0.67,0.08,0.89,0.27,0.12
2,0.06,0.02,0.15,0.66,0.67,0.08,0.89,0.27,0.12
2,0.06,0.02,0.15,0.66,0.67,0.08,0.89,0.27,0.12
2,0.06,0.02,0.15,0.66,0.67,0.08,0.89,0.27,0.12
2,0.06,0.02,0.15,0.66,0.67,0.08,0.89,0.27,0.12
2,0.06,0.02,0.15,0.66,0.67,0.08,0.89,0.27,0.12
2,0.06,0.02,0.15,0.66,0.67,0.08,0.89,0.27,0.12
2,0.06,0.02,0.15,0.66,0.67,0.08,0.89,0.27,0.12
2,0.06,0.02,0.15,0.66,0.67,0.08,0.89,0.27,0.12
2,0.06,0.02,0.15,0.66,0.67,0.08,0.89,0.27,0.12
2,0.06,0.02,0.15,0.66,0.67,0.08,0.89,0.27,0.12
2,0.06,0.02,0.15,0.66,0.67,0.08,0.89,0.27,0.12
2,0.24,0.41,0.15,0.59,0.69,0.06,0.89,0.29,0.12
2,0.24,0.41,0.15,0.59,0.69,0.06,0.89,0.29,0.12
2,0.24,0.41,0.15,0.59,0.69,0.06,0.89,0.29,0.12
2,0.24,0.41,0.15,0.59,0.69,0.06,0.89,0.29,0.12
2,0.24,0.41,0.15,0.59,0.69,0.06,0.89,0.29,0.12
2,0.24,0.41,0.15,0.59,0.69,0.06,0.89,0.29,0.12
2,0.24,0.41,0.15,0.59,0.69,0.06,0.89,0.29,0.12
2,0.24,0.41,0.15,0.59,0.69,0.06,0.89,0.29,0.12
2,0.24,0.41,0.15,0.59,0.69,0.06,0.89,0.29,0.12
2,0.24,0.41,0.15,0.59,0.69,0.06,0.89,0.29,0.12
2,0.24,0.41,0.15,0.59,0.69,0.06,0.89,0.29,0.12
2,0.24,0.41,0.15,0.59,0.69,0.06,0.89,0.29,0.12
2,0.62,0.47,0.16,0.69,0.59,0.43,0.65,0.34,0.15
2,0.62,0.47,0.16,0.69,0.59,0.43,0.65,0.34,0.15
2,0.62,0.47,0.16,0.69,0.59,0.43,0.65,0.34,0.15
2,0.62,0.47,0.16,0.69,0.59,0.43,0.65,0.34,0.15
2,0.62,0.47,0.16,0.69,0.59,0.43,0.65,0.34,0.15
2,0.62,0.47,0.16,0.69,0.59,0.43,0.65,0.34,0.15
2,0.62,0.47,0.16,0.69,0.59,0.43,0.65,0.34,0.15
2,0.62,0.47,0.16,0.69,0.59,0.43,0.65,0.34,0.15
2,0.62,0.47,0.16,0.69,0.59,0.43,0.65,0.34,0.15
2,0.62,0.47,0.16,0.69,0.59,0.43,0.65,0.34,0.15
2,0.62,0.47,0.16,0.69,0.59,0.43,0.65,0.34,0.15
2,0.62,0.47,0.16,0.69,0.59,0.43,0.65,0.34,0.15
2,0.37,0.44,0.22,0.6,0.41,0.23,0.66,0.33,0.16
2,0.37,0.44,0.22,0.6,0.41,0.23,0.66,0.33,0.16
2,0.37,0.44,0.22,0.6,0.41,0.23,0.66,0.33,0.16
2,0.37,0.44,0.22,0.6,0.41,0.23,0.66,0.33,0.16
2,0.37,0.44,0.22,0.6,0.41,0.23,0.66,0.33,0.16
2,0.37,0.44,0.22,0.6,0.41,0.23,0.66,0.33,0.16
2,0.37,0.44,0.22,0.6,0.41,0.23,0.66,0.33,0.16
2,0.37,0.44,0.22,0.6,0.41,0.23,0.66,0.33,0.16
2,0.37,0.44,0.22,0.6,0.41,0.23,0.66,0.33,0.16
2,0.37,0.44,0.22,0.6,0.41,0.23,0.66,0.33,0.16
2,0.37,0.44,0.22,0.6,0.41,0.23,0.66,0.33,0.16
2,0.37,0.44,0.22,0.6,0.41,0.23,0.66,0.33,0.16
2,0.17,0.07,0.2,0.52,0.67,0.09,0.59,0.34,0.1
2,0.17,0.07,0.2,0.52,0.67,0.09,0.59,0.34,0.1
2,0.17,0.07,0.2,0.52,0.67,0.09,0.59,0.34,0.1
2,0.17,0.07,0.2,0.52,0.67,0.09,0.59,0.34,0.1
2,0.17,0.07,0.2,0.52,0.67,0.09,0.59,0.34,0.1
2,0.17,0.07,0.2,0.52,0.67,0.09,0.59,0.34,0.1
2,0.17,0.07,0.2,0.52,0.67,0.09,0.59,0.34,0.1
2,0.17,0.07,0.2,0.52,0.67,0.09,0.59,0.34,0.1
2,0.17,0.07,0.2,0.52,0.67,0.09,0.59,0.34,0.1
2,0.17,0.07,0.2,0.52,0.67,0.09,0.59,0.34,0.1
2,0.17,0.07,0.2,0.52,0.67,0.09,0.59,0.34,0.1
2,0.17,0.07,0.2,0.52,0.67,0.09,0.59,0.34,0.1
2,0.03,0.02,0.13,0.67,0.77,0.17,0.43,0.38,0.06
2,0.03,0.02,0.13,0.67,0.77,0.17,0.43,0.38,0.06
2,0.03,0.02,0.13,0.67,0.77,0.17,0.43,0.38,0.06
2,0.03,0.02,0.13,0.67,0.77,0.17,0.43,0.38,0.06
2,0.03,0.02,0.13,0.67,0.77,0.17,0.43,0.38,0.06
2,0.03,0.02,0.13,0.67,0.77,0.17,0.43,0.38,0.06
2,0.03,0.02,0.13,0.67,0.77,0.17,0.43,0.38,0.06
2,0.03,0.02,0.13,0.67,0.77,0.17,0.43,0.38,0.06
2,0.03,0.02,0.13,0.67,0.77,0.17,0.43,0.38,0.06
2,0.03,0.02,0.13,0.67,0.77,0.17,0.43,0.38,0.06
2,0.03,0.02,0.13,0.67,0.77,0.17,0.43,0.38,0.06
2,0.03,0.02,0.13,0.67,0.77,0.17,0.43,0.38,0.06
2,0.59,0.47,0.16,0.46,0.7,0.13,0.77,0.29,0.12
2,0.59,0.47,0.16,0.46,0.7,0.13,0.77,0.29,0.12
2,0.59,0.47,0.16,0.46,0.7,0.13,0.77,0.29,0.12
2,0.59,0.47,0.16,0.46,0.7,0.13,0.77,0.29,0.12
2,0.59,0.47,0.16,0.46,0.7,0.13,0.77,0.29,0.12
2,0.59,0.47,0.16,0.46,0.7,0.13,0.77,0.29,0.12
2,0.59,0.47,0.16,0.46,0.7,0.13,0.77,0.29,0.12
2,0.59,0.47,0.16,0.46,0.7,0.13,0.77,0.29,0.12
2,0.59,0.47,0.16,0.46,0.7,0.13,0.77,0.29,0.12
2,0.59,0.47,0.16,0.46,0.7,0.13,0.77,0.29,0.12
2,0.59,0.47,0.16,0.46,0.7,0.13,0.77,0.29,0.12
2,0.59,0.47,0.16,0.46,0.7,0.13,0.77,0.29,0.12
2,0.45,0.49,0.17,0.55,0.7,0.25,0.56,0.38,0.14
2,0.45,0.49,0.17,0.55,0.7,0.25,0.56,0.38,0.14
2,0.45,0.49,0.17,0.55,0.7,0.25,0.56,0.38,0.14
2,0.45,0.49,0.17,0.55,0.7,0.25,0.56,0.38,0.14
2,0.45,0.49,0.17,0.55,0.7,0.25,0.56,0.38,0.14
2,0.45,0.49,0.17,0.55,0.7,0.25,0.56,0.38,0.14
2,0.45,0.49,0.17,0.55,0.7,0.25,0.56,0.38,0.14
2,0.45,0.49,0.17,0.55,0.7,0.25,0.56,0.38,0.14
2,0.45,0.49,0.17,0.55,0.7,0.25,0.56,0.38,0.14
2,0.45,0.49,0.17,0.55,0.7,0.25,0.56,0.38,0.14
2,0.45,0.49,0.17,0.55,0.7,0.25,0.56,0.38,0.14
2,0.45,0.49,0.17,0.55,0.7,0.25,0.56,0.38,0.14
2,0.05,0.06,0.1,0.8,0.66,0.04,0.57,0.3,0.13
2,0.05,0.06,0.1,0.8,0.66,0.04,0.57,0.3,0.13
2,0.05,0.06,0.1,0.8,0.66,0.04,0.57,0.3,0.13
2,0.05,0.06,0.1,0.8,0.66,0.04,0.57,0.3,0.13
2,0.05,0.06,0.1,0.8,0.66,0.04,0.57,0.3,0.13
2,0.05,0.06,0.1,0.8,0.66,0.04,0.57,0.3,0.13
2,0.05,0.06,0.1,0.8,0.66,0.04,0.57,0.3,0.13
2,0.05,0.06,0.1,0.8,0.66,0.04,0.57,0.3,0.13
2,0.05,0.06,0.1,0.8,0.66,0.04,0.57,0.3,0.13
2,0.05,0.06,0.1,0.8,0.66,0.04,0.57,0.3,0.13
2,0.05,0.06,0.1,0.8,0.66,0.04,0.57,0.3,0.13
2,0.05,0.06,0.1,0.8,0.66,0.04,0.57,0.3,0.13
2,0.24,0.4,0.12,0.51,0.73,0.16,0.47,0.33,0.12
2,0.24,0.4,0.12,0.51,0.73,0.16,0.47,0.33,0.12
2,0.24,0.4,0.12,0.51,0.73,0.16,0.47,0.33,0.12
2,0.24,0.4,0.12,0.51,0.73,0.16,0.47,0.33,0.12
2,0.24,0.4,0.12,0.51,0.73,0.16,0.47,0.33,0.12
2,0.24,0.4,0.12,0.51,0.73,0.16,0.47,0.33,0.12
2,0.24,0.4,0.12,0.51,0.73,0.16,0.47,0.33,0.12
2,0.24,0.4,0.12,0.51,0.73,0.16,0.47,0.33,0.12
2,0.24,0.4,0.12,0.51,0.73,0.16,0.47,0.33,0.12
2,0.24,0.4,0.12,0.51,0.73,0.16,0.47,0.33,0.12
2,0.24,0.4,0.12,0.51,0.73,0.16,0.47,0.33,0.12
2,0.24,0.4,0.12,0.51,0.73,0.16,0.47,0.33,0.12
2,0.49,0.21,0.2,0.5,0.36,0.16,0.56,0.27,0.18
2,0.49,0.21,0.2,0.5,0.36,0.16,0.56,0.27,0.18
2,0.49,0.21,0.2,0.5,0.36,0.16,0.56,0.27,0.18
2,0.49,0.21,0.2,0.5,0.36,0.16,0.56,0.27,0.18
2,0.49,0.21,0.2,0.5,0.36,0.16,0.56,0.27,0.18
2,0.49,0.21,0.2,0.5,0.36,0.16,0.56,0.27,0.18
2,0.49,0.21,0.2,0.5,0.36,0.16,0.56,0.27,0.18
2,0.49,0.21,0.2,0.5,0.36,0.16,0.56,0.27,0.18
2,0.49,0.21,0.2,0.5,0.36,0.16,0.56,0.27,0.18
2,0.49,0.21,0.2,0.5,0.36,0.16,0.56,0.27,0.18
2,0.49,0.21,0.2,0.5,0.36,0.16,0.56,0.27,0.18
2,0.49,0.21,0.2,0.5,0.36,0.16,0.56,0.27,0.18
2,0.03,0.03,0.14,0.45,0.37,0.14,0.78,0.24,0.17
2,0.03,0.03,0.14,0.45,0.37,0.14,0.78,0.24,0.17
2,0.03,0.03,0.14,0.45,0.37,0.14,0.78,0.24,0.17
2,0.03,0.03,0.14,0.45,0.37,0.14,0.78,0.24,0.17
2,0.03,0.03,0.14,0.45,0.37,0.14,0.78,0.24,0.17
2,0.03,0.03,0.14,0.45,0.37,0.14,0.78,0.24,0.17
2,0.03,0.03,0.14,0.45,0.37,0.14,0.78,0.24,0.17
2,0.03,0.03,0.14,0.45,0.37,0.14,0.78,0.24,0.17
2,0.03,0.03,0.14,0.45,0.37,0.14,0.78,0.24,0.17
2,0.03,0.03,0.14,0.45,0.37,0.14,0.78,0.24,0.17
2,0.03,0.03,0.14,0.45,0.37,0.14,0.78,0.24,0.17
2,0.03,0.03,0.14,0.45,0.37,0.14,0.78,0.24,0.17
2,0.92,0.17,0.12,0.56,0.79,0.06,0.55,0.35,0.13
2,0.92,0.17,0.12,0.56,0.79,0.06,0.55,0.35,0.13
2,0.92,0.17,0.12,0.56,0.79,0.06,0.55,0.35,0.13
2,0.92,0.17,0.12,0.56,0.79,0.06,0.55,0.35,0.13
2,0.92,0.17,0.12,0.56,0.79,0.06,0.55,0.35,0.13
2,0.92,0.17,0.12,0.56,0.79,0.06,0.55,0.35,0.13
2,0.92,0.17,0.12,0.56,0.79,0.06,0.55,0.35,0.13
2,0.92,0.17,0.12,0.56,0.79,0.06,0.55,0.35,0.13
2,0.92,0.17,0.12,0.56,0.79,0.06,0.55,0.35,0.13
2,0.92,0.17,0.12,0.56,0.79,0.06,0.55,0.35,0.13
2,0.92,0.17,0.12,0.56,0.79,0.06,0.55,0.35,0.13
2,0.92,0.17,0.12,0.56,0.79,0.06,0.55,0.35,0.13
2,0.88,0.26,0.14,0.57,0.74,0.11,0.75,0.3,0.15
2,0.88,0.26,0.14,0.57,0.74,0.11,0.75,0.3,0.15
2,0.88,0.26,0.14,0.57,0.74,0.11,0.75,0.3,0.15
2,0.88,0.26,0.14,0.57,0.74,0.11,0.75,0.3,0.15
2,0.88,0.26,0.14,0.57,0.74,0.11,0.75,0.3,0.15
2,0.88,0.26,0.14,0.57,0.74,0.11,0.75,0.3,0.15
2,0.88,0.26,0.14,0.57,0.74,0.11,0.75,0.3,0.15
2,0.88,0.26,0.14,0.57,0.74,0.11,0.75,0.3,0.15
2,0.88,0.26,0.14,0.57,0.74,0.11,0.75,0.3,0.15
2,0.88,0.26,0.14,0.57,0.74,0.11,0.75,0.3,0.15
2,0.88,0.26,0.14,0.57,0.74,0.11,0.75,0.3,0.15
2,0.88,0.26,0.14,0.57,0.74,0.11,0.75,0.3,0.15
2,0.58,0.18,0.18,0.53,0.41,0.15,0.52,0.37,0.2
2,0.58,0.18,0.18,0.53,0.41,0.15,0.52,0.37,0.2
2,0.58,0.18,0.18,0.53,0.41,0.15,0.52,0.37,0.2
2,0.58,0.18,0.18,0.53,0.41,0.15,0.52,0.37,0.2
2,0.58,0.18,0.18,0.53,0.41,0.15,0.52,0.37,0.2
2,0.58,0.18,0.18,0.53,0.41,0.15,0.52,0.37,0.2
2,0.58,0.18,0.18,0.53,0.41,0.15,0.52,0.37,0.2
2,0.58,0.18,0.18,0.53,0.41,0.15,0.52,0.37,0.2
2,0.58,0.18,0.18,0.53,0.41,0.15,0.52,0.37,0.2
2,0.58,0.18,0.18,0.53,0.41,0.15,0.52,0.37,0.2
2,0.58,0.18,0.18,0.53,0.41,0.15,0.52,0.37,0.2
2,0.58,0.18,0.18,0.53,0.41,0.15,0.52,0.37,0.2
2,0.17,0.35,0.11,0.59,0.57,0.41,0.6,0.34,0.16
2,0.17,0.35,0.11,0.59,0.57,0.41,0.6,0.34,0.16
2,0.17,0.35,0.11,0.59,0.57,0.41,0.6,0.34,0.16
2,0.17,0.35,0.11,0.59,0.57,0.41,0.6,0.34,0.16
2,0.17,0.35,0.11,0.59,0.57,0.41,0.6,0.34,0.16
2,0.17,0.35,0.11,0.59,0.57,0.41,0.6,0.34,0.16
2,0.17,0.35,0.11,0.59,0.57,0.41,0.6,0.34,0.16
2,0.17,0.35,0.11,0.59,0.57,0.41,0.6,0.34,0.16
2,0.17,0.35,0.11,0.59,0.57,0.41,0.6,0.34,0.16
2,0.17,0.35,0.11,0.59,0.57,0.41,0.6,0.34,0.16
2,0.17,0.35,0.11,0.59,0.57,0.41,0.6,0.34,0.16
2,0.17,0.35,0.11,0.59,0.57,0.41,0.6,0.34,0.16
2,0.43,0.16,0.15,0.46,0.41,0.09,0.8,0.16,0.18
2,0.43,0.16,0.15,0.46,0.41,0.09,0.8,0.16,0.18
2,0.43,0.16,0.15,0.46,0.41,0.09,0.8,0.16,0.18
2,0.43,0.16,0.15,0.46,0.41,0.09,0.8,0.16,0.18
2,0.43,0.16,0.15,0.46,0.41,0.09,0.8,0.16,0.18
2,0.43,0.16,0.15,0.46,0.41,0.09,0.8,0.16,0.18
2,0.43,0.16,0.15,0.46,0.41,0.09,0.8,0.16,0.18
2,0.43,0.16,0.15,0.46,0.41,0.09,0.8,0.16,0.18
2,0.43,0.16,0.15,0.46,0.41,0.09,0.8,0.16,0.18
2,0.43,0.16,0.15,0.46,0.41,0.09,0.8,0.16,0.18
2,0.43,0.16,0.15,0.46,0.41,0.09,0.8,0.16,0.18
2,0.43,0.16,0.15,0.46,0.41,0.09,0.8,0.16,0.18
2,0.6,0.48,0.15,0.55,0.77,0.05,0.75,0.34,0.09
2,0.6,0.48,0.15,0.55,0.77,0.05,0.75,0.34,0.09
2,0.6,0.48,0.15,0.55,0.77,0.05,0.75,0.34,0.09
2,0.6,0.48,0.15,0.55,0.77,0.05,0.75,0.34,0.09
2,0.6,0.48,0.15,0.55,0.77,0.05,0.75,0.34,0.09
2,0.6,0.48,0.15,0.55,0.77,0.05,0.75,0.34,0.09
2,0.6,0.48,0.15,0.55,0.77,0.05,0.75,0.34,0.09
2,0.6,0.48,0.15,0.55,0.77,0.05,0.75,0.34,0.09
2,0.6,0.48,0.15,0.55,0.77,0.05,0.75,0.34,0.09
2,0.6,0.48,0.15,0.55,0.77,0.05,0.75,0.34,0.09
2,0.6,0.48,0.15,0.55,0.77,0.05,0.75,0.34,0.09
2,0.6,0.48,0.15,0.55,0.77,0.05,0.75,0.34,0.09
2,0.53,0.18,0.17,0.38,0.35,0.16,0.71,0.28,0.18
2,0.53,0.18,0.17,0.38,0.35,0.16,0.71,0.28,0.18
2,0.53,0.18,0.17,0.38,0.35,0.16,0.71,0.28,0.18
2,0.53,0.18,0.17,0.38,0.35,0.16,0.71,0.28,0.18
2,0.53,0.18,0.17,0.38,0.35,0.16,0.71,0.28,0.18
2,0.53,0.18,0.17,0.38,0.35,0.16,0.71,0.28,0.18
2,0.53,0.18,0.17,0.38,0.35,0.16,0.71,0.28,0.18
2,0.53,0.18,0.17,0.38,0.35,0.16,0.71,0.28,0.18
2,0.53,0.18,0.17,0.38,0.35,0.16,0.71,0.28,0.18
2,0.53,0.18,0.17,0.38,0.35,0.16,0.71,0.28,0.18
2,0.53,0.18,0.17,0.38,0.35,0.16,0.71,0.28,0.18
2,0.53,0.18,0.17,0.38,0.35,0.16,0.71,0.28,0.18
2,0.3,0.4,0.22,0.47,0.47,0.23,0.63,0.34,0.19
2,0.3,0.4,0.22,0.47,0.47,0.23,0.63,0.34,0.19
2,0.3,0.4,0.22,0.47,0.47,0.23,0.63,0.34,0.19
2,0.3,0.4,0.22,0.47,0.47,0.23,0.63,0.34,0.19
2,0.3,0.4,0.22,0.47,0.47,0.23,0.63,0.34,0.19
2,0.3,0.4,0.22,0.47,0.47,0.23,0.63,0.34,0.19
2,0.3,0.4,0.22,0.47,0.47,0.23,0.63,0.34,0.19
2,0.3,0.4,0.22,0.47,0.47,0.23,0.63,0.34,0.19
2,0.3,0.4,0.22,0.47,0.47,0.23,0.63,0.34,0.19
2,0.3,0.4,0.22,0.47,0.47,0.23,0.63,0.34,0.19
2,0.3,0.4,0.22,0.47,0.47,0.23,0.63,0.34,0.19
2,0.3,0.4,0.22,0.47,0.47,0.23,0.63,0.34,0.19
2,0.55,0.15,0.15,0.55,0.5,0.06,0.76,0.28,0.2
2,0.55,0.15,0.15,0.55,0.5,0.06,0.76,0.28,0.2
2,0.55,0.15,0.15,0.55,0.5,0.06,0.76,0.28,0.2
2,0.55,0.15,0.15,0.55,0.5,0.06,0.76,0.28,0.2
2,0.55,0.15,0.15,0.55,0.5,0.06,0.76,0.28,0.2
2,0.55,0.15,0.15,0.55,0.5,0.06,0.76,0.28,0.2
2,0.55,0.15,0.15,0.55,0.5,0.06,0.76,0.28,0.2
2,0.55,0.15,0.15,0.55,0.5,0.06,0.76,0.28,0.2
2,0.55,0.15,0.15,0.55,0.5,0.06,0.76,0.28,0.2
2,0.55,0.15,0.15,0.55,0.5,0.06,0.76,0.28,0.2
2,0.55,0.15,0.15,0.55,0.5,0.06,0.76,0.28,0.2
2,0.55,0.15,0.15,0.55,0.5,0.06,0.76,0.28,0.2
2,0.05,0.08,0.09,0.52,0.56,0.06,0.81,0.32,0.1
2,0.05,0.08,0.09,0.52,0.56,0.06,0.81,0.32,0.1
2,0.05,0.08,0.09,0.52,0.56,0.06,0.81,0.32,0.1
2,0.05,0.08,0.09,0.52,0.56,0.06,0.81,0.32,0.1
2,0.05,0.08,0.09,0.52,0.56,0.06,0.81,0.32,0.1
2,0.05,0.08,0.09,0.52,0.56,0.06,0.81,0.32,0.1
2,0.05,0.08,0.09,0.52,0.56,0.06,0.81,0.32,0.1
2,0.05,0.08,0.09,0.52,0.56,0.06,0.81,0.32,0.1
2,0.05,0.08,0.09,0.52,0.56,0.06,0.81,0.32,0.1
2,0.05,0.08,0.09,0.52,0.56,0.06,0.81,0.32,0.1
2,0.05,0.08,0.09,0.52,0.56,0.06,0.81,0.32,0.1
2,0.05,0.08,0.09,0.52,0.56,0.06,0.81,0.32,0.1
2,0.07,0.06,0.14,0.83,0.62,0.28,0.67,0.37,0.17
2,0.07,0.06,0.14,0.83,0.62,0.28,0.67,0.37,0.17
2,0.07,0.06,0.14,0.83,0.62,0.28,0.67,0.37,0.17
2,0.07,0.06,0.14,0.83,0.62,0.28,0.67,0.37,0.17
2,0.07,0.06,0.14,0.83,0.62,0.28,0.67,0.37,0.17
2,0.07,0.06,0.14,0.83,0.62,0.28,0.67,0.37,0.17
2,0.07,0.06,0.14,0.83,0.62,0.28,0.67,0.37,0.17
2,0.07,0.06,0.14,0.83,0.62,0.28,0.67,0.37,0.17
2,0.07,0.06,0.14,0.83,0.62,0.28,0.67,0.37,0.17
2,0.07,0.06,0.14,0.83,0.62,0.28,0.67,0.37,0.17
2,0.07,0.06,0.14,0.83,0.62,0.28,0.67,0.37,0.17
2,0.07,0.06,0.14,0.83,0.62,0.28,0.67,0.37,0.17
2,0.05,0.02,0.16,0.5,0.26,0.14,0.62,0.35,0.14
2,0.05,0.02,0.16,0.5,0.26,0.14,0.62,0.35,0.14
2,0.05,0.02,0.16,0.5,0.26,0.14,0.62,0.35,0.14
2,0.05,0.02,0.16,0.5,0.26,0.14,0.62,0.35,0.14
2,0.05,0.02,0.16,0.5,0.26,0.14,0.62,0.35,0.14
2,0.05,0.02,0.16,0.5,0.26,0.14,0.62,0.35,0.14
2,0.05,0.02,0.16,0.5,0.26,0.14,0.62,0.35,0.14
2,0.05,0.02,0.16,0.5,0.26,0.14,0.62,0.35,0.14
2,0.05,0.02,0.16,0.5,0.26,0.14,0.62,0.35,0.14
2,0.05,0.02,0.16,0.5,0.26,0.14,0.62,0.35,0.14
2,0.05,0.02,0.16,0.5,0.26,0.14,0.62,0.35,0.14
2,0.05,0.02,0.16,0.5,0.26,0.14,0.62,0.35,0.14
2,0.62,0.48,0.09,0.52,0.74,0.06,0.56,0.37,0.09
2,0.62,0.48,0.09,0.52,0.74,0.06,0.56,0.37,0.09
2,0.62,0.48,0.09,0.52,0.74,0.06,0.56,0.37,0.09
2,0.62,0.48,0.09,0.52,0.74,0.06,0.56,0.37,0.09
2,0.62,0.48,0.09,0.52,0.74,0.06,0.56,0.37,0.09
2,0.62,0.48,0.09,0.52,0.74,0.06,0.56,0.37,0.09
2,0.62,0.48,0.09,0.52,0.74,0.06,0.56,0.37,0.09
2,0.62,0.48,0.09,0.52,0.74,0.06,0.56,0.37,0.09
2,0.62,0.48,0.09,0.52,0.74,0.06,0.56,0.37,0.09
2,0.62,0.48,0.09,0.52,0.74,0.06,0.56,0.37,0.09
2,0.62,0.48,0.09,0.52,0.74,0.06,0.56,0.37,0.09
2,0.62,0.48,0.09,0.52,0.74,0.06,0.56,0.37,0.09
2,0.46,0.49,0.1,0.52,0.71,0.11,0.68,0.34,0.09
2,0.46,0.49,0.1,0.52,0.71,0.11,0.68,0.34,0.09
2,0.46,0.49,0.1,0.52,0.71,0.11,0.68,0.34,0.09
2,0.46,0.49,0.1,0.52,0.71,0.11,0.68,0.34,0.09
2,0.46,0.49,0.1,0.52,0.71,0.11,0.68,0.34,0.09
2,0.46,0.49,0.1,0.52,0.71,0.11,0.68,0.34,0.09
2,0.46,0.49,0.1,0.52,0.71,0.11,0.68,0.34,0.09
2,0.46,0.49,0.1,0.52,0.71,0.11,0.68,0.34,0.09
2,0.46,0.49,0.1,0.52,0.71,0.11,0.68,0.34,0.09
2,0.46,0.49,0.1,0.52,0.71,0.11,0.68,0.34,0.09
2,0.46,0.49,0.1,0.52,0.71,0.11,0.68,0.34,0.09
2,0.46,0.49,0.1,0.52,0.71,0.11,0.68,0.34,0.09
2,0.17,0.37,0.16,0.51,0.53,0.09,0.74,0.4,0.2
2,0.17,0.37,0.16,0.51,0.53,0.09,0.74,0.4,0.2
2,0.17,0.37,0.16,0.51,0.53,0.09,0.74,0.4,0.2
2,0.17,0.37,0.16,0.51,0.53,0.09,0.74,0.4,0.2
2,0.17,0.37,0.16,0.51,0.53,0.09,0.74,0.4,0.2
2,0.17,0.37,0.16,0.51,0.53,0.09,0.74,0.4,0.2
2,0.17,0.37,0.16,0.51,0.53,0.09,0.74,0.4,0.2
2,0.17,0.37,0.16,0.51,0.53,0.09,0.74,0.4,0.2
2,0.17,0.37,0.16,0.51,0.53,0.09,0.74,0.4,0.2
2,0.17,0.37,0.16,0.51,0.53,0.09,0.74,0.4,0.2
2,0.17,0.37,0.16,0.51,0.53,0.09,0.74,0.4,0.2
2,0.17,0.37,0.16,0.51,0.53,0.09,0.74,0.4,0.2
2,0.09,0.28,0.1,0.39,0.48,0.05,0.71,0.35,0.15
2,0.09,0.28,0.1,0.39,0.48,0.05,0.71,0.35,0.15
2,0.09,0.28,0.1,0.39,0.48,0.05,0.71,0.35,0.15
2,0.09,0.28,0.1,0.39,0.48,0.05,0.71,0.35,0.15
2,0.09,0.28,0.1,0.39,0.48,0.05,0.71,0.35,0.15
2,0.09,0.28,0.1,0.39,0.48,0.05,0.71,0.35,0.15
2,0.09,0.28,0.1,0.39,0.48,0.05,0.71,0.35,0.15
2,0.09,0.28,0.1,0.39,0.48,0.05,0.71,0.35,0.15
2,0.09,0.28,0.1,0.39,0.48,0.05,0.71,0.35,0.15
2,0.09,0.28,0.1,0.39,0.48,0.05,0.71,0.35,0.15
2,0.09,0.28,0.1,0.39,0.48,0.05,0.71,0.35,0.15
2,0.09,0.28,0.1,0.39,0.48,0.05,0.71,0.35,0.15
2,0.35,0.12,0.2,0.47,0.61,0.09,0.5,0.33,0.1
2,0.35,0.12,0.2,0.47,0.61,0.09,0.5,0.33,0.1
2,0.35,0.12,0.2,0.47,0.61,0.09,0.5,0.33,0.1
2,0.35,0.12,0.2,0.47,0.61,0.09,0.5,0.33,0.1
2,0.35,0.12,0.2,0.47,0.61,0.09,0.5,0.33,0.1
2,0.35,0.12,0.2,0.47,0.61,0.09,0.5,0.33,0.1
2,0.35,0.12,0.2,0.47,0.61,0.09,0.5,0.33,0.1
2,0.35,0.12,0.2,0.47,0.61,0.09,0.5,0.33,0.1
2,0.35,0.12,0.2,0.47,0.61,0.09,0.5,0.33,0.1
2,0.35,0.12,0.2,0.47,0.61,0.09,0.5,0.33,0.1
2,0.35,0.12,0.2,0.47,0.61,0.09,0.5,0.33,0.1
2,0.35,0.12,0.2,0.47,0.61,0.09,0.5,0.33,0.1
2,0.05,0.15,0.13,0.43,0.62,0.29,0.72,0.21,0.08
2,0.05,0.15,0.13,0.43,0.62,0.29,0.72,0.21,0.08
2,0.05,0.15,0.13,0.43,0.62,0.29,0.72,0.21,0.08
2,0.05,0.15,0.13,0.43,0.62,0.29,0.72,0.21,0.08
2,0.05,0.15,0.13,0.43,0.62,0.29,0.72,0.21,0.08
2,0.05,0.15,0.13,0.43,0.62,0.29,0.72,0.21,0.08
2,0.05,0.15,0.13,0.43,0.62,0.29,0.72,0.21,0.08
2,0.05,0.15,0.13,0.43,0.62,0.29,0.72,0.21,0.08
2,0.05,0.15,0.13,0.43,0.62,0.29,0.72,0.21,0.08
2,0.05,0.15,0.13,0.43,0.62,0.29,0.72,0.21,0.08
2,0.05,0.15,0.13,0.43,0.62,0.29,0.72,0.21,0.08
2,0.05,0.15,0.13,0.43,0.62,0.29,0.72,0.21,0.08
2,0.42,0.49,0.09,0.53,0.63,0.04,0.65,0.36,0.11
2,0.42,0.49,0.09,0.53,0.63,0.04,0.65,0.36,0.11
2,0.42,0.49,0.09,0.53,0.63,0.04,0.65,0.36,0.11
2,0.42,0.49,0.09,0.53,0.63,0.04,0.65,0.36,0.11
2,0.42,0.49,0.09,0.53,0.63,0.04,0.65,0.36,0.11
2,0.42,0.49,0.09,0.53,0.63,0.04,0.65,0.36,0.11
2,0.42,0.49,0.09,0.53,0.63,0.04,0.65,0.36,0.11
2,0.42,0.49,0.09,0.53,0.63,0.04,0.65,0.36,0.11
2,0.42,0.49,0.09,0.53,0.63,0.04,0.65,0.36,0.11
2,0.42,0.49,0.09,0.53,0.63,0.04,0.65,0.36,0.11
2,0.42,0.49,0.09,0.53,0.63,0.04,0.65,0.36,0.11
2,0.42,0.49,0.09,0.53,0.63,0.04,0.65,0.36,0.11
2,0.43,0.48,0.17,0.35,0.54,0.11,0.73,0.27,0.14
2,0.43,0.48,0.17,0.35,0.54,0.11,0.73,0.27,0.14
2,0.43,0.48,0.17,0.35,0.54,0.11,0.73,0.27,0.14
2,0.43,0.48,0.17,0.35,0.54,0.11,0.73,0.27,0.14
2,0.43,0.48,0.17,0.35,0.54,0.11,0.73,0.27,0.14
2,0.43,0.48,0.17,0.35,0.54,0.11,0.73,0.27,0.14
2,0.43,0.48,0.17,0.35,0.54,0.11,0.73,0.27,0.14
2,0.43,0.48,0.17,0.35,0.54,0.11,0.73,0.27,0.14
2,0.43,0.48,0.17,0.35,0.54,0.11,0.73,0.27,0.14
2,0.43,0.48,0.17,0.35,0.54,0.11,0.73,0.27,0.14
2,0.43,0.48,0.17,0.35,0.54,0.11,0.73,0.27,0.14
2,0.43,0.48,0.17,0.35,0.54,0.11,0.73,0.27,0.14
2,0.3,0.43,0.2,0.45,0.44,0.15,0.76,0.2,0.15
2,0.3,0.43,0.2,0.45,0.44,0.15,0.76,0.2,0.15
2,0.3,0.43,0.2,0.45,0.44,0.15,0.76,0.2,0.15
2,0.3,0.43,0.2,0.45,0.44,0.15,0.76,0.2,0.15
2,0.3,0.43,0.2,0.45,0.44,0.15,0.76,0.2,0.15
2,0.3,0.43,0.2,0.45,0.44,0.15,0.76,0.2,0.15
2,0.3,0.43,0.2,0.45,0.44,0.15,0.76,0.2,0.15
2,0.3,0.43,0.2,0.45,0.44,0.15,0.76,0.2,0.15
2,0.3,0.43,0.2,0.45,0.44,0.15,0.76,0.2,0.15
2,0.3,0.43,0.2,0.45,0.44,0.15,0.76,0.2,0.15
2,0.3,0.43,0.2,0.45,0.44,0.15,0.76,0.2,0.15
2,0.3,0.43,0.2,0.45,0.44,0.15,0.76,0.2,0.15
2,0.33,0.45,0.11,0.41,0.65,0.24,0.49,0.3,0.1
2,0.33,0.45,0.11,0.41,0.65,0.24,0.49,0.3,0.1
2,0.33,0.45,0.11,0.41,0.65,0.24,0.49,0.3,0.1
2,0.33,0.45,0.11,0.41,0.65,0.24,0.49,0.3,0.1
2,0.33,0.45,0.11,0.41,0.65,0.24,0.49,0.3,0.1
2,0.33,0.45,0.11,0.41,0.65,0.24,0.49,0.3,0.1
2,0.33,0.45,0.11,0.41,0.65,0.24,0.49,0.3,0.1
2,0.33,0.45,0.11,0.41,0.65,0.24,0.49,0.3,0.1
2,0.33,0.45,0.11,0.41,0.65,0.24,0.49,0.3,0.1
2,0.33,0.45,0.11,0.41,0.65,0.24,0.49,0.3,0.1
2,0.33,0.45,0.11,0.41,0.65,0.24,0.49,0.3,0.1
2,0.33,0.45,0.11,0.41,0.65,0.24,0.49,0.3,0.1
2,0.04,0.13,0.18,0.27,0.46,0.17,0.69,0.29,0.13
2,0.04,0.13,0.18,0.27,0.46,0.17,0.69,0.29,0.13
2,0.04,0.13,0.18,0.27,0.46,0.17,0.69,0.29,0.13
2,0.04,0.13,0.18,0.27,0.46,0.17,0.69,0.29,0.13
2,0.04,0.13,0.18,0.27,0.46,0.17,0.69,0.29,0.13
2,0.04,0.13,0.18,0.27,0.46,0.17,0.69,0.29,0.13
2,0.04,0.13,0.18,0.27,0.46,0.17,0.69,0.29,0.13
2,0.04,0.13,0.18,0.27,0.46,0.17,0.69,0.29,0.13
2,0.04,0.13,0.18,0.27,0.46,0.17,0.69,0.29,0.13
2,0.04,0.13,0.18,0.27,0.46,0.17,0.69,0.29,0.13
2,0.04,0.13,0.18,0.27,0.46,0.17,0.69,0.29,0.13
2,0.04,0.13,0.18,0.27,0.46,0.17,0.69,0.29,0.13
2,0.07,0.07,0.14,0.82,0.62,0.28,0.68,0.37,0.17
2,0.07,0.07,0.14,0.82,0.62,0.28,0.68,0.37,0.17
2,0.07,0.07,0.14,0.82,0.62,0.28,0.68,0.37,0.17
2,0.07,0.07,0.14,0.82,0.62,0.28,0.68,0.37,0.17
2,0.07,0.07,0.14,0.82,0.62,0.28,0.68,0.37,0.17
2,0.07,0.07,0.14,0.82,0.62,0.28,0.68,0.37,0.17
2,0.07,0.07,0.14,0.82,0.62,0.28,0.68,0.37,0.17
2,0.07,0.07,0.14,0.82,0.62,0.28,0.68,0.37,0.17
2,0.07,0.07,0.14,0.82,0.62,0.28,0.68,0.37,0.17
2,0.07,0.07,0.14,0.82,0.62,0.28,0.68,0.37,0.17
2,0.07,0.07,0.14,0.82,0.62,0.28,0.68,0.37,0.17
2,0.07,0.07,0.14,0.82,0.62,0.28,0.68,0.37,0.17
2,0.53,0.18,0.17,0.38,0.35,0.16,0.71,0.28,0.18
2,0.53,0.18,0.17,0.38,0.35,0.16,0.71,0.28,0.18
2,0.53,0.18,0.17,0.38,0.35,0.16,0.71,0.28,0.18
2,0.53,0.18,0.17,0.38,0.35,0.16,0.71,0.28,0.18
2,0.53,0.18,0.17,0.38,0.35,0.16,0.71,0.28,0.18
2,0.53,0.18,0.17,0.38,0.35,0.16,0.71,0.28,0.18
2,0.53,0.18,0.17,0.38,0.35,0.16,0.71,0.28,0.18
2,0.53,0.18,0.17,0.38,0.35,0.16,0.71,0.28,0.18
2,0.53,0.18,0.17,0.38,0.35,0.16,0.71,0.28,0.18
2,0.53,0.18,0.17,0.38,0.35,0.16,0.71,0.28,0.18
2,0.53,0.18,0.17,0.38,0.35,0.16,0.71,0.28,0.18
2,0.53,0.18,0.17,0.38,0.35,0.16,0.71,0.28,0.18
2,0.05,0.15,0.13,0.48,0.41,0.15,0.7,0.39,0.17
2,0.05,0.15,0.13,0.48,0.41,0.15,0.7,0.39,0.17
2,0.05,0.15,0.13,0.48,0.41,0.15,0.7,0.39,0.17
2,0.05,0.15,0.13,0.48,0.41,0.15,0.7,0.39,0.17
2,0.05,0.15,0.13,0.48,0.41,0.15,0.7,0.39,0.17
2,0.05,0.15,0.13,0.48,0.41,0.15,0.7,0.39,0.17
2,0.05,0.15,0.13,0.48,0.41,0.15,0.7,0.39,0.17
2,0.05,0.15,0.13,0.48,0.41,0.15,0.7,0.39,0.17
2,0.05,0.15,0.13,0.48,0.41,0.15,0.7,0.39,0.17
2,0.05,0.15,0.13,0.48,0.41,0.15,0.7,0.39,0.17
2,0.05,0.15,0.13,0.48,0.41,0.15,0.7,0.39,0.17
2,0.05,0.15,0.13,0.48,0.41,0.15,0.7,0.39,0.17
2,0.9,0.25,0.16,0.38,0.54,0.09,0.68,0.28,0.11
2,0.9,0.25,0.16,0.38,0.54,0.09,0.68,0.28,0.11
2,0.9,0.25,0.16,0.38,0.54,0.09,0.68,0.28,0.11
2,0.9,0.25,0.16,0.38,0.54,0.09,0.68,0.28,0.11
2,0.9,0.25,0.16,0.38,0.54,0.09,0.68,0.28,0.11
2,0.9,0.25,0.16,0.38,0.54,0.09,0.68,0.28,0.11
2,0.9,0.25,0.16,0.38,0.54,0.09,0.68,0.28,0.11
2,0.9,0.25,0.16,0.38,0.54,0.09,0.68,0.28,0.11
2,0.9,0.25,0.16,0.38,0.54,0.09,0.68,0.28,0.11
2,0.9,0.25,0.16,0.38,0.54,0.09,0.68,0.28,0.11
2,0.9,0.25,0.16,0.38,0.54,0.09,0.68,0.28,0.11
2,0.9,0.25,0.16,0.38,0.54,0.09,0.68,0.28,0.11
2,0.88,0.28,0.12,0.38,0.55,0.11,0.63,0.22,0.1
2,0.88,0.28,0.12,0.38,0.55,0.11,0.63,0.22,0.1
2,0.88,0.28,0.12,0.38,0.55,0.11,0.63,0.22,0.1
2,0.88,0.28,0.12,0.38,0.55,0.11,0.63,0.22,0.1
2,0.88,0.28,0.12,0.38,0.55,0.11,0.63,0.22,0.1
2,0.88,0.28,0.12,0.38,0.55,0.11,0.63,0.22,0.1
2,0.88,0.28,0.12,0.38,0.55,0.11,0.63,0.22,0.1
2,0.88,0.28,0.12,0.38,0.55,0.11,0.63,0.22,0.1
2,0.88,0.28,0.12,0.38,0.55,0.11,0.63,0.22,0.1
2,0.88,0.28,0.12,0.38,0.55,0.11,0.63,0.22,0.1
2,0.88,0.28,0.12,0.38,0.55,0.11,0.63,0.22,0.1
2,0.88,0.28,0.12,0.38,0.55,0.11,0.63,0.22,0.1
2,0.93,0.2,0.12,0.36,0.61,0.11,0.62,0.33,0.1
2,0.93,0.2,0.12,0.36,0.61,0.11,0.62,0.33,0.1
2,0.93,0.2,0.12,0.36,0.61,0.11,0.62,0.33,0.1
2,0.93,0.2,0.12,0.36,0.61,0.11,0.62,0.33,0.1
2,0.93,0.2,0.12,0.36,0.61,0.11,0.62,0.33,0.1
2,0.93,0.2,0.12,0.36,0.61,0.11,0.62,0.33,0.1
2,0.93,0.2,0.12,0.36,0.61,0.11,0.62,0.33,0.1
2,0.93,0.2,0.12,0.36,0.61,0.11,0.62,0.33,0.1
2,0.93,0.2,0.12,0.36,0.61,0.11,0.62,0.33,0.1
2,0.93,0.2,0.12,0.36,0.61,0.11,0.62,0.33,0.1
2,0.93,0.2,0.12,0.36,0.61,0.11,0.62,0.33,0.1
2,0.93,0.2,0.12,0.36,0.61,0.11,0.62,0.33,0.1
2,0.94,0.18,0.14,0.35,0.29,0.07,0.69,0.3,0.13
2,0.94,0.18,0.14,0.35,0.29,0.07,0.69,0.3,0.13
2,0.94,0.18,0.14,0.35,0.29,0.07,0.69,0.3,0.13
2,0.94,0.18,0.14,0.35,0.29,0.07,0.69,0.3,0.13
2,0.94,0.18,0.14,0.35,0.29,0.07,0.69,0.3,0.13
2,0.94,0.18,0.14,0.35,0.29,0.07,0.69,0.3,0.13
2,0.94,0.18,0.14,0.35,0.29,0.07,0.69,0.3,0.13
2,0.94,0.18,0.14,0.35,0.29,0.07,0.69,0.3,0.13
2,0.94,0.18,0.14,0.35,0.29,0.07,0.69,0.3,0.13
2,0.94,0.18,0.14,0.35,0.29,0.07,0.69,0.3,0.13
2,0.94,0.18,0.14,0.35,0.29,0.07,0.69,0.3,0.13
2,0.94,0.18,0.14,0.35,0.29,0.07,0.69,0.3,0.13
2,0.83,0.34,0.18,0.42,0.31,0.05,0.85,0.2,0.15
2,0.83,0.34,0.18,0.42,0.31,0.05,0.85,0.2,0.15
2,0.83,0.34,0.18,0.42,0.31,0.05,0.85,0.2,0.15
2,0.83,0.34,0.18,0.42,0.31,0.05,0.85,0.2,0.15
2,0.83,0.34,0.18,0.42,0.31,0.05,0.85,0.2,0.15
2,0.83,0.34,0.18,0.42,0.31,0.05,0.85,0.2,0.15
2,0.83,0.34,0.18,0.42,0.31,0.05,0.85,0.2,0.15
2,0.83,0.34,0.18,0.42,0.31,0.05,0.85,0.2,0.15
2,0.83,0.34,0.18,0.42,0.31,0.05,0.85,0.2,0.15
2,0.83,0.34,0.18,0.42,0.31,0.05,0.85,0.2,0.15
2,0.83,0.34,0.18,0.42,0.31,0.05,0.85,0.2,0.15
2,0.83,0.34,0.18,0.42,0.31,0.05,0.85,0.2,0.15
2,0.12,0.3,0.21,0.48,0.67,0.14,0.79,0.37,0.11
2,0.12,0.3,0.21,0.48,0.67,0.14,0.79,0.37,0.11
2,0.12,0.3,0.21,0.48,0.67,0.14,0.79,0.37,0.11
2,0.12,0.3,0.21,0.48,0.67,0.14,0.79,0.37,0.11
2,0.12,0.3,0.21,0.48,0.67,0.14,0.79,0.37,0.11
2,0.12,0.3,0.21,0.48,0.67,0.14,0.79,0.37,0.11
2,0.12,0.3,0.21,0.48,0.67,0.14,0.79,0.37,0.11
2,0.12,0.3,0.21,0.48,0.67,0.14,0.79,0.37,0.11
2,0.12,0.3,0.21,0.48,0.67,0.14,0.79,0.37,0.11
2,0.12,0.3,0.21,0.48,0.67,0.14,0.79,0.37,0.11
2,0.12,0.3,0.21,0.48,0.67,0.14,0.79,0.37,0.11
2,0.12,0.3,0.21,0.48,0.67,0.14,0.79,0.37,0.11
2,0.13,0.3,0.19,0.5,0.67,0.12,0.81,0.37,0.1
2,0.13,0.3,0.19,0.5,0.67,0.12,0.81,0.37,0.1
2,0.13,0.3,0.19,0.5,0.67,0.12,0.81,0.37,0.1
2,0.13,0.3,0.19,0.5,0.67,0.12,0.81,0.37,0.1
2,0.13,0.3,0.19,0.5,0.67,0.12,0.81,0.37,0.1
2,0.13,0.3,0.19,0.5,0.67,0.12,0.81,0.37,0.1
2,0.13,0.3,0.19,0.5,0.67,0.12,0.81,0.37,0.1
2,0.13,0.3,0.19,0.5,0.67,0.12,0.81,0.37,0.1
2,0.13,0.3,0.19,0.5,0.67,0.12,0.81,0.37,0.1
2,0.13,0.3,0.19,0.5,0.67,0.12,0.81,0.37,0.1
2,0.13,0.3,0.19,0.5,0.67,0.12,0.81,0.37,0.1
2,0.13,0.3,0.19,0.5,0.67,0.12,0.81,0.37,0.1
2,0.24,0.41,0.14,0.59,0.37,0.43,0.55,0.28,0.2
2,0.24,0.41,0.14,0.59,0.37,0.43,0.55,0.28,0.2
2,0.24,0.41,0.14,0.59,0.37,0.43,0.55,0.28,0.2
2,0.24,0.41,0.14,0.59,0.37,0.43,0.55,0.28,0.2
2,0.24,0.41,0.14,0.59,0.37,0.43,0.55,0.28,0.2
2,0.24,0.41,0.14,0.59,0.37,0.43,0.55,0.28,0.2
2,0.24,0.41,0.14,0.59,0.37,0.43,0.55,0.28,0.2
2,0.24,0.41,0.14,0.59,0.37,0.43,0.55,0.28,0.2
2,0.24,0.41,0.14,0.59,0.37,0.43,0.55,0.28,0.2
2,0.24,0.41,0.14,0.59,0.37,0.43,0.55,0.28,0.2
2,0.24,0.41,0.14,0.59,0.37,0.43,0.55,0.28,0.2
2,0.24,0.41,0.14,0.59,0.37,0.43,0.55,0.28,0.2
2,0.04,0.12,0.16,0.7,0.64,0.31,0.66,0.37,0.11
2,0.04,0.12,0.16,0.7,0.64,0.31,0.66,0.37,0.11
2,0.04,0.12,0.16,0.7,0.64,0.31,0.66,0.37,0.11
2,0.04,0.12,0.16,0.7,0.64,0.31,0.66,0.37,0.11
2,0.04,0.12,0.16,0.7,0.64,0.31,0.66,0.37,0.11
2,0.04,0.12,0.16,0.7,0.64,0.31,0.66,0.37,0.11
2,0.04,0.12,0.16,0.7,0.64,0.31,0.66,0.37,0.11
2,0.04,0.12,0.16,0.7,0.64,0.31,0.66,0.37,0.11
2,0.04,0.12,0.16,0.7,0.64,0.31,0.66,0.37,0.11
2,0.04,0.12,0.16,0.7,0.64,0.31,0.66,0.37,0.11
2,0.04,0.12,0.16,0.7,0.64,0.31,0.66,0.37,0.11
2,0.04,0.12,0.16,0.7,0.64,0.31,0.66,0.37,0.11
2,0.08,0.23,0.15,0.62,0.6,0.21,0.73,0.34,0.12
2,0.08,0.23,0.15,0.62,0.6,0.21,0.73,0.34,0.12
2,0.08,0.23,0.15,0.62,0.6,0.21,0.73,0.34,0.12
2,0.08,0.23,0.15,0.62,0.6,0.21,0.73,0.34,0.12
2,0.08,0.23,0.15,0.62,0.6,0.21,0.73,0.34,0.12
2,0.08,0.23,0.15,0.62,0.6,0.21,0.73,0.34,0.12
2,0.08,0.23,0.15,0.62,0.6,0.21,0.73,0.34,0.12
2,0.08,0.23,0.15,0.62,0.6,0.21,0.73,0.34,0.12
2,0.08,0.23,0.15,0.62,0.6,0.21,0.73,0.34,0.12
2,0.08,0.23,0.15,0.62,0.6,0.21,0.73,0.34,0.12
2,0.08,0.23,0.15,0.62,0.6,0.21,0.73,0.34,0.12
2,0.08,0.23,0.15,0.62,0.6,0.21,0.73,0.34,0.12
2,0.03,0.01,0.16,0.83,0.62,0.14,0.59,0.37,0.13
2,0.03,0.01,0.16,0.83,0.62,0.14,0.59,0.37,0.13
2,0.03,0.01,0.16,0.83,0.62,0.14,0.59,0.37,0.13
2,0.03,0.01,0.16,0.83,0.62,0.14,0.59,0.37,0.13
2,0.03,0.01,0.16,0.83,0.62,0.14,0.59,0.37,0.13
2,0.03,0.01,0.16,0.83,0.62,0.14,0.59,0.37,0.13
2,0.03,0.01,0.16,0.83,0.62,0.14,0.59,0.37,0.13
2,0.03,0.01,0.16,0.83,0.62,0.14,0.59,0.37,0.13
2,0.03,0.01,0.16,0.83,0.62,0.14,0.59,0.37,0.13
2,0.03,0.01,0.16,0.83,0.62,0.14,0.59,0.37,0.13
2,0.03,0.01,0.16,0.83,0.62,0.14,0.59,0.37,0.13
2,0.03,0.01,0.16,0.83,0.62,0.14,0.59,0.37,0.13
2,0.03,0.03,0.14,0.5,0.34,0.15,0.76,0.31,0.16
2,0.03,0.03,0.14,0.5,0.34,0.15,0.76,0.31,0.16
2,0.03,0.03,0.14,0.5,0.34,0.15,0.76,0.31,0.16
2,0.03,0.03,0.14,0.5,0.34,0.15,0.76,0.31,0.16
2,0.03,0.03,0.14,0.5,0.34,0.15,0.76,0.31,0.16
2,0.03,0.03,0.14,0.5,0.34,0.15,0.76,0.31,0.16
2,0.03,0.03,0.14,0.5,0.34,0.15,0.76,0.31,0.16
2,0.03,0.03,0.14,0.5,0.34,0.15,0.76,0.31,0.16
2,0.03,0.03,0.14,0.5,0.34,0.15,0.76,0.31,0.16
2,0.03,0.03,0.14,0.5,0.34,0.15,0.76,0.31,0.16
2,0.03,0.03,0.14,0.5,0.34,0.15,0.76,0.31,0.16
2,0.03,0.03,0.14,0.5,0.34,0.15,0.76,0.31,0.16
2,0.35,0.46,0.2,0.45,0.44,0.22,0.77,0.34,0.29
2,0.35,0.46,0.2,0.45,0.44,0.22,0.77,0.34,0.29
2,0.35,0.46,0.2,0.45,0.44,0.22,0.77,0.34,0.29
2,0.35,0.46,0.2,0.45,0.44,0.22,0.77,0.34,0.29
2,0.35,0.46,0.2,0.45,0.44,0.22,0.77,0.34,0.29
2,0.35,0.46,0.2,0.45,0.44,0.22,0.77,0.34,0.29
2,0.35,0.46,0.2,0.45,0.44,0.22,0.77,0.34,0.29
2,0.35,0.46,0.2,0.45,0.44,0.22,0.77,0.34,0.29
2,0.35,0.46,0.2,0.45,0.44,0.22,0.77,0.34,0.29
2,0.35,0.46,0.2,0.45,0.44,0.22,0.77,0.34,0.29
2,0.35,0.46,0.2,0.45,0.44,0.22,0.77,0.34,0.29
2,0.35,0.46,0.2,0.45,0.44,0.22,0.77,0.34,0.29
2,0.05,0.19,0.15,0.39,0.37,0.18,0.71,0.28,0.18
2,0.05,0.19,0.15,0.39,0.37,0.18,0.71,0.28,0.18
2,0.05,0.19,0.15,0.39,0.37,0.18,0.71,0.28,0.18
2,0.05,0.19,0.15,0.39,0.37,0.18,0.71,0.28,0.18
2,0.05,0.19,0.15,0.39,0.37,0.18,0.71,0.28,0.18
2,0.05,0.19,0.15,0.39,0.37,0.18,0.71,0.28,0.18
2,0.05,0.19,0.15,0.39,0.37,0.18,0.71,0.28,0.18
2,0.05,0.19,0.15,0.39,0.37,0.18,0.71,0.28,0.18
2,0.05,0.19,0.15,0.39,0.37,0.18,0.71,0.28,0.18
2,0.05,0.19,0.15,0.39,0.37,0.18,0.71,0.28,0.18
2,0.05,0.19,0.15,0.39,0.37,0.18,0.71,0.28,0.18
2,0.05,0.19,0.15,0.39,0.37,0.18,0.71,0.28,0.18
2,0.06,0.04,0.1,0.8,0.71,0.1,0.51,0.35,0.08
2,0.06,0.04,0.1,0.8,0.71,0.1,0.51,0.35,0.08
2,0.06,0.04,0.1,0.8,0.71,0.1,0.51,0.35,0.08
2,0.06,0.04,0.1,0.8,0.71,0.1,0.51,0.35,0.08
2,0.06,0.04,0.1,0.8,0.71,0.1,0.51,0.35,0.08
2,0.06,0.04,0.1,0.8,0.71,0.1,0.51,0.35,0.08
2,0.06,0.04,0.1,0.8,0.71,0.1,0.51,0.35,0.08
2,0.06,0.04,0.1,0.8,0.71,0.1,0.51,0.35,0.08
2,0.06,0.04,0.1,0.8,0.71,0.1,0.51,0.35,0.08
2,0.06,0.04,0.1,0.8,0.71,0.1,0.51,0.35,0.08
2,0.06,0.04,0.1,0.8,0.71,0.1,0.51,0.35,0.08
2,0.06,0.04,0.1,0.8,0.71,0.1,0.51,0.35,0.08
2,0.47,0.22,0.19,0.47,0.4,0.1,0.62,0.39,0.2
2,0.47,0.22,0.19,0.47,0.4,0.1,0.62,0.39,0.2
2,0.47,0.22,0.19,0.47,0.4,0.1,0.62,0.39,0.2
2,0.47,0.22,0.19,0.47,0.4,0.1,0.62,0.39,0.2
2,0.47,0.22,0.19,0.47,0.4,0.1,0.62,0.39,0.2
2,0.47,0.22,0.19,0.47,0.4,0.1,0.62,0.39,0.2
2,0.47,0.22,0.19,0.47,0.4,0.1,0.62,0.39,0.2
2,0.47,0.22,0.19,0.47,0.4,0.1,0.62,0.39,0.2
2,0.47,0.22,0.19,0.47,0.4,0.1,0.62,0.39,0.2
2,0.47,0.22,0.19,0.47,0.4,0.1,0.62,0.39,0.2
2,0.47,0.22,0.19,0.47,0.4,0.1,0.62,0.39,0.2
2,0.47,0.22,0.19,0.47,0.4,0.1,0.62,0.39,0.2
2,0.47,0.22,0.19,0.47,0.42,0.1,0.62,0.39,0.2
2,0.47,0.22,0.19,0.47,0.42,0.1,0.62,0.39,0.2
2,0.47,0.22,0.19,0.47,0.42,0.1,0.62,0.39,0.2
2,0.47,0.22,0.19,0.47,0.42,0.1,0.62,0.39,0.2
2,0.47,0.22,0.19,0.47,0.42,0.1,0.62,0.39,0.2
2,0.47,0.22,0.19,0.47,0.42,0.1,0.62,0.39,0.2
2,0.47,0.22,0.19,0.47,0.42,0.1,0.62,0.39,0.2
2,0.47,0.22,0.19,0.47,0.42,0.1,0.62,0.39,0.2
2,0.47,0.22,0.19,0.47,0.42,0.1,0.62,0.39,0.2
2,0.47,0.22,0.19,0.47,0.42,0.1,0.62,0.39,0.2
2,0.47,0.22,0.19,0.47,0.42,0.1,0.62,0.39,0.2
2,0.47,0.22,0.19,0.47,0.42,0.1,0.62,0.39,0.2
2,0.47,0.22,0.19,0.45,0.39,0.17,0.58,0.39,0.19
2,0.47,0.22,0.19,0.45,0.39,0.17,0.58,0.39,0.19
2,0.47,0.22,0.19,0.45,0.39,0.17,0.58,0.39,0.19
2,0.47,0.22,0.19,0.45,0.39,0.17,0.58,0.39,0.19
2,0.47,0.22,0.19,0.45,0.39,0.17,0.58,0.39,0.19
2,0.47,0.22,0.19,0.45,0.39,0.17,0.58,0.39,0.19
2,0.47,0.22,0.19,0.45,0.39,0.17,0.58,0.39,0.19
2,0.47,0.22,0.19,0.45,0.39,0.17,0.58,0.39,0.19
2,0.47,0.22,0.19,0.45,0.39,0.17,0.58,0.39,0.19
2,0.47,0.22,0.19,0.45,0.39,0.17,0.58,0.39,0.19
2,0.47,0.22,0.19,0.45,0.39,0.17,0.58,0.39,0.19
2,0.47,0.22,0.19,0.45,0.39,0.17,0.58,0.39,0.19
2,0.45,0.49,0.17,0.55,0.7,0.25,0.56,0.38,0.14
2,0.45,0.49,0.17,0.55,0.7,0.25,0.56,0.38,0.14
2,0.45,0.49,0.17,0.55,0.7,0.25,0.56,0.38,0.14
2,0.45,0.49,0.17,0.55,0.7,0.25,0.56,0.38,0.14
2,0.45,0.49,0.17,0.55,0.7,0.25,0.56,0.38,0.14
2,0.45,0.49,0.17,0.55,0.7,0.25,0.56,0.38,0.14
2,0.45,0.49,0.17,0.55,0.7,0.25,0.56,0.38,0.14
2,0.45,0.49,0.17,0.55,0.7,0.25,0.56,0.38,0.14
2,0.45,0.49,0.17,0.55,0.7,0.25,0.56,0.38,0.14
2,0.45,0.49,0.17,0.55,0.7,0.25,0.56,0.38,0.14
2,0.45,0.49,0.17,0.55,0.7,0.25,0.56,0.38,0.14
2,0.45,0.49,0.17,0.55,0.7,0.25,0.56,0.38,0.14
2,0.06,0.11,0.16,0.76,0.61,0.19,0.54,0.4,0.14
2,0.06,0.11,0.16,0.76,0.61,0.19,0.54,0.4,0.14
2,0.06,0.11,0.16,0.76,0.61,0.19,0.54,0.4,0.14
2,0.06,0.11,0.16,0.76,0.61,0.19,0.54,0.4,0.14
2,0.06,0.11,0.16,0.76,0.61,0.19,0.54,0.4,0.14
2,0.06,0.11,0.16,0.76,0.61,0.19,0.54,0.4,0.14
2,0.06,0.11,0.16,0.76,0.61,0.19,0.54,0.4,0.14
2,0.06,0.11,0.16,0.76,0.61,0.19,0.54,0.4,0.14
2,0.06,0.11,0.16,0.76,0.61,0.19,0.54,0.4,0.14
2,0.06,0.11,0.16,0.76,0.61,0.19,0.54,0.4,0.14
2,0.06,0.11,0.16,0.76,0.61,0.19,0.54,0.4,0.14
2,0.06,0.11,0.16,0.76,0.61,0.19,0.54,0.4,0.14
2,0.04,0.1,0.17,0.71,0.68,0.28,0.62,0.41,0.1
2,0.04,0.1,0.17,0.71,0.68,0.28,0.62,0.41,0.1
2,0.04,0.1,0.17,0.71,0.68,0.28,0.62,0.41,0.1
2,0.04,0.1,0.17,0.71,0.68,0.28,0.62,0.41,0.1
2,0.04,0.1,0.17,0.71,0.68,0.28,0.62,0.41,0.1
2,0.04,0.1,0.17,0.71,0.68,0.28,0.62,0.41,0.1
2,0.04,0.1,0.17,0.71,0.68,0.28,0.62,0.41,0.1
2,0.04,0.1,0.17,0.71,0.68,0.28,0.62,0.41,0.1
2,0.04,0.1,0.17,0.71,0.68,0.28,0.62,0.41,0.1
2,0.04,0.1,0.17,0.71,0.68,0.28,0.62,0.41,0.1
2,0.04,0.1,0.17,0.71,0.68,0.28,0.62,0.41,0.1
2,0.04,0.1,0.17,0.71,0.68,0.28,0.62,0.41,0.1
2,0.06,0.03,0.21,0.46,0.47,0.18,0.72,0.32,0.18
2,0.06,0.03,0.21,0.46,0.47,0.18,0.72,0.32,0.18
2,0.06,0.03,0.21,0.46,0.47,0.18,0.72,0.32,0.18
2,0.06,0.03,0.21,0.46,0.47,0.18,0.72,0.32,0.18
2,0.06,0.03,0.21,0.46,0.47,0.18,0.72,0.32,0.18
2,0.06,0.03,0.21,0.46,0.47,0.18,0.72,0.32,0.18
2,0.06,0.03,0.21,0.46,0.47,0.18,0.72,0.32,0.18
2,0.06,0.03,0.21,0.46,0.47,0.18,0.72,0.32,0.18
2,0.06,0.03,0.21,0.46,0.47,0.18,0.72,0.32,0.18
2,0.06,0.03,0.21,0.46,0.47,0.18,0.72,0.32,0.18
2,0.06,0.03,0.21,0.46,0.47,0.18,0.72,0.32,0.18
2,0.06,0.03,0.21,0.46,0.47,0.18,0.72,0.32,0.18
2,0.24,0.41,0.14,0.59,0.37,0.43,0.55,0.28,0.2
2,0.24,0.41,0.14,0.59,0.37,0.43,0.55,0.28,0.2
2,0.24,0.41,0.14,0.59,0.37,0.43,0.55,0.28,0.2
2,0.24,0.41,0.14,0.59,0.37,0.43,0.55,0.28,0.2
2,0.24,0.41,0.14,0.59,0.37,0.43,0.55,0.28,0.2
2,0.24,0.41,0.14,0.59,0.37,0.43,0.55,0.28,0.2
2,0.24,0.41,0.14,0.59,0.37,0.43,0.55,0.28,0.2
2,0.24,0.41,0.14,0.59,0.37,0.43,0.55,0.28,0.2
2,0.24,0.41,0.14,0.59,0.37,0.43,0.55,0.28,0.2
2,0.24,0.41,0.14,0.59,0.37,0.43,0.55,0.28,0.2
2,0.24,0.41,0.14,0.59,0.37,0.43,0.55,0.28,0.2
2,0.24,0.41,0.14,0.59,0.37,0.43,0.55,0.28,0.2
2,0.05,0.18,0.11,0.49,0.44,0.4,0.46,0.37,0.18
2,0.05,0.18,0.11,0.49,0.44,0.4,0.46,0.37,0.18
2,0.05,0.18,0.11,0.49,0.44,0.4,0.46,0.37,0.18
2,0.05,0.18,0.11,0.49,0.44,0.4,0.46,0.37,0.18
2,0.05,0.18,0.11,0.49,0.44,0.4,0.46,0.37,0.18
2,0.05,0.18,0.11,0.49,0.44,0.4,0.46,0.37,0.18
2,0.05,0.18,0.11,0.49,0.44,0.4,0.46,0.37,0.18
2,0.05,0.18,0.11,0.49,0.44,0.4,0.46,0.37,0.18
2,0.05,0.18,0.11,0.49,0.44,0.4,0.46,0.37,0.18
2,0.05,0.18,0.11,0.49,0.44,0.4,0.46,0.37,0.18
2,0.05,0.18,0.11,0.49,0.44,0.4,0.46,0.37,0.18
2,0.05,0.18,0.11,0.49,0.44,0.4,0.46,0.37,0.18
2,0.14,0.29,0.17,0.74,0.52,0.23,0.66,0.35,0.14
2,0.14,0.29,0.17,0.74,0.52,0.23,0.66,0.35,0.14
2,0.14,0.29,0.17,0.74,0.52,0.23,0.66,0.35,0.14
2,0.14,0.29,0.17,0.74,0.52,0.23,0.66,0.35,0.14
2,0.14,0.29,0.17,0.74,0.52,0.23,0.66,0.35,0.14
2,0.14,0.29,0.17,0.74,0.52,0.23,0.66,0.35,0.14
2,0.14,0.29,0.17,0.74,0.52,0.23,0.66,0.35,0.14
2,0.14,0.29,0.17,0.74,0.52,0.23,0.66,0.35,0.14
2,0.14,0.29,0.17,0.74,0.52,0.23,0.66,0.35,0.14
2,0.14,0.29,0.17,0.74,0.52,0.23,0.66,0.35,0.14
2,0.14,0.29,0.17,0.74,0.52,0.23,0.66,0.35,0.14
2,0.14,0.29,0.17,0.74,0.52,0.23,0.66,0.35,0.14
2,0.34,0.46,0.15,0.46,0.73,0.31,0.57,0.37,0.16
2,0.34,0.46,0.15,0.46,0.73,0.31,0.57,0.37,0.16
2,0.34,0.46,0.15,0.46,0.73,0.31,0.57,0.37,0.16
2,0.34,0.46,0.15,0.46,0.73,0.31,0.57,0.37,0.16
2,0.34,0.46,0.15,0.46,0.73,0.31,0.57,0.37,0.16
2,0.34,0.46,0.15,0.46,0.73,0.31,0.57,0.37,0.16
2,0.34,0.46,0.15,0.46,0.73,0.31,0.57,0.37,0.16
2,0.34,0.46,0.15,0.46,0.73,0.31,0.57,0.37,0.16
2,0.34,0.46,0.15,0.46,0.73,0.31,0.57,0.37,0.16
2,0.34,0.46,0.15,0.46,0.73,0.31,0.57,0.37,0.16
2,0.34,0.46,0.15,0.46,0.73,0.31,0.57,0.37,0.16
2,0.34,0.46,0.15,0.46,0.73,0.31,0.57,0.37,0.16
2,0.07,0.05,0.12,0.74,0.49,0.22,0.38,0.28,0.15
2,0.07,0.05,0.12,0.74,0.49,0.22,0.38,0.28,0.15
2,0.07,0.05,0.12,0.74,0.49,0.22,0.38,0.28,0.15
2,0.07,0.05,0.12,0.74,0.49,0.22,0.38,0.28,0.15
2,0.07,0.05,0.12,0.74,0.49,0.22,0.38,0.28,0.15
2,0.07,0.05,0.12,0.74,0.49,0.22,0.38,0.28,0.15
2,0.07,0.05,0.12,0.74,0.49,0.22,0.38,0.28,0.15
2,0.07,0.05,0.12,0.74,0.49,0.22,0.38,0.28,0.15
2,0.07,0.05,0.12,0.74,0.49,0.22,0.38,0.28,0.15
2,0.07,0.05,0.12,0.74,0.49,0.22,0.38,0.28,0.15
2,0.07,0.05,0.12,0.74,0.49,0.22,0.38,0.28,0.15
2,0.07,0.05,0.12,0.74,0.49,0.22,0.38,0.28,0.15
2,0.04,0.13,0.18,0.27,0.46,0.17,0.69,0.29,0.13
2,0.04,0.13,0.18,0.27,0.46,0.17,0.69,0.29,0.13
2,0.04,0.13,0.18,0.27,0.46,0.17,0.69,0.29,0.13
2,0.04,0.13,0.18,0.27,0.46,0.17,0.69,0.29,0.13
2,0.04,0.13,0.18,0.27,0.46,0.17,0.69,0.29,0.13
2,0.04,0.13,0.18,0.27,0.46,0.17,0.69,0.29,0.13
2,0.04,0.13,0.18,0.27,0.46,0.17,0.69,0.29,0.13
2,0.04,0.13,0.18,0.27,0.46,0.17,0.69,0.29,0.13
2,0.04,0.13,0.18,0.27,0.46,0.17,0.69,0.29,0.13
2,0.04,0.13,0.18,0.27,0.46,0.17,0.69,0.29,0.13
2,0.04,0.13,0.18,0.27,0.46,0.17,0.69,0.29,0.13
2,0.04,0.13,0.18,0.27,0.46,0.17,0.69,0.29,0.13
2,0.28,0.43,0.12,0.53,0.64,0.16,0.74,0.35,0.11
2,0.28,0.43,0.12,0.53,0.64,0.16,0.74,0.35,0.11
2,0.28,0.43,0.12,0.53,0.64,0.16,0.74,0.35,0.11
2,0.28,0.43,0.12,0.53,0.64,0.16,0.74,0.35,0.11
2,0.28,0.43,0.12,0.53,0.64,0.16,0.74,0.35,0.11
2,0.28,0.43,0.12,0.53,0.64,0.16,0.74,0.35,0.11
2,0.28,0.43,0.12,0.53,0.64,0.16,0.74,0.35,0.11
2,0.28,0.43,0.12,0.53,0.64,0.16,0.74,0.35,0.11
2,0.28,0.43,0.12,0.53,0.64,0.16,0.74,0.35,0.11
2,0.28,0.43,0.12,0.53,0.64,0.16,0.74,0.35,0.11
2,0.28,0.43,0.12,0.53,0.64,0.16,0.74,0.35,0.11
2,0.28,0.43,0.12,0.53,0.64,0.16,0.74,0.35,0.11
2,0.48,0.49,0.1,0.42,0.72,0.12,0.4,0.33,0.1
2,0.48,0.49,0.1,0.42,0.72,0.12,0.4,0.33,0.1
2,0.48,0.49,0.1,0.42,0.72,0.12,0.4,0.33,0.1
2,0.48,0.49,0.1,0.42,0.72,0.12,0.4,0.33,0.1
2,0.48,0.49,0.1,0.42,0.72,0.12,0.4,0.33,0.1
2,0.48,0.49,0.1,0.42,0.72,0.12,0.4,0.33,0.1
2,0.48,0.49,0.1,0.42,0.72,0.12,0.4,0.33,0.1
2,0.48,0.49,0.1,0.42,0.72,0.12,0.4,0.33,0.1
2,0.48,0.49,0.1,0.42,0.72,0.12,0.4,0.33,0.1
2,0.48,0.49,0.1,0.42,0.72,0.12,0.4,0.33,0.1
2,0.48,0.49,0.1,0.42,0.72,0.12,0.4,0.33,0.1
2,0.48,0.49,0.1,0.42,0.72,0.12,0.4,0.33,0.1
2,0.27,0.43,0.11,0.51,0.58,0.14,0.74,0.35,0.1
2,0.27,0.43,0.11,0.51,0.58,0.14,0.74,0.35,0.1
2,0.27,0.43,0.11,0.51,0.58,0.14,0.74,0.35,0.1
2,0.27,0.43,0.11,0.51,0.58,0.14,0.74,0.35,0.1
2,0.27,0.43,0.11,0.51,0.58,0.14,0.74,0.35,0.1
2,0.27,0.43,0.11,0.51,0.58,0.14,0.74,0.35,0.1
2,0.27,0.43,0.11,0.51,0.58,0.14,0.74,0.35,0.1
2,0.27,0.43,0.11,0.51,0.58,0.14,0.74,0.35,0.1
2,0.27,0.43,0.11,0.51,0.58,0.14,0.74,0.35,0.1
2,0.27,0.43,0.11,0.51,0.58,0.14,0.74,0.35,0.1
2,0.27,0.43,0.11,0.51,0.58,0.14,0.74,0.35,0.1
2,0.27,0.43,0.11,0.51,0.58,0.14,0.74,0.35,0.1
2,0.05,0.11,0.23,0.66,0.6,0.41,0.47,0.32,0.18
2,0.05,0.11,0.23,0.66,0.6,0.41,0.47,0.32,0.18
2,0.05,0.11,0.23,0.66,0.6,0.41,0.47,0.32,0.18
2,0.05,0.11,0.23,0.66,0.6,0.41,0.47,0.32,0.18
2,0.05,0.11,0.23,0.66,0.6,0.41,0.47,0.32,0.18
2,0.05,0.11,0.23,0.66,0.6,0.41,0.47,0.32,0.18
2,0.05,0.11,0.23,0.66,0.6,0.41,0.47,0.32,0.18
2,0.05,0.11,0.23,0.66,0.6,0.41,0.47,0.32,0.18
2,0.05,0.11,0.23,0.66,0.6,0.41,0.47,0.32,0.18
2,0.05,0.11,0.23,0.66,0.6,0.41,0.47,0.32,0.18
2,0.05,0.11,0.23,0.66,0.6,0.41,0.47,0.32,0.18
2,0.05,0.11,0.23,0.66,0.6,0.41,0.47,0.32,0.18
2,0.03,0.06,0.16,0.3,0.42,0.14,0.71,0.35,0.12
2,0.03,0.06,0.16,0.3,0.42,0.14,0.71,0.35,0.12
2,0.03,0.06,0.16,0.3,0.42,0.14,0.71,0.35,0.12
2,0.03,0.06,0.16,0.3,0.42,0.14,0.71,0.35,0.12
2,0.03,0.06,0.16,0.3,0.42,0.14,0.71,0.35,0.12
2,0.03,0.06,0.16,0.3,0.42,0.14,0.71,0.35,0.12
2,0.03,0.06,0.16,0.3,0.42,0.14,0.71,0.35,0.12
2,0.03,0.06,0.16,0.3,0.42,0.14,0.71,0.35,0.12
2,0.03,0.06,0.16,0.3,0.42,0.14,0.71,0.35,0.12
2,0.03,0.06,0.16,0.3,0.42,0.14,0.71,0.35,0.12
2,0.03,0.06,0.16,0.3,0.42,0.14,0.71,0.35,0.12
2,0.03,0.06,0.16,0.3,0.42,0.14,0.71,0.35,0.12
2,0.05,0.13,0.09,0.43,0.51,0.18,0.46,0.32,0.14
2,0.05,0.13,0.09,0.43,0.51,0.18,0.46,0.32,0.14
2,0.05,0.13,0.09,0.43,0.51,0.18,0.46,0.32,0.14
2,0.05,0.13,0.09,0.43,0.51,0.18,0.46,0.32,0.14
2,0.05,0.13,0.09,0.43,0.51,0.18,0.46,0.32,0.14
2,0.05,0.13,0.09,0.43,0.51,0.18,0.46,0.32,0.14
2,0.05,0.13,0.09,0.43,0.51,0.18,0.46,0.32,0.14
2,0.05,0.13,0.09,0.43,0.51,0.18,0.46,0.32,0.14
2,0.05,0.13,0.09,0.43,0.51,0.18,0.46,0.32,0.14
2,0.05,0.13,0.09,0.43,0.51,0.18,0.46,0.32,0.14
2,0.05,0.13,0.09,0.43,0.51,0.18,0.46,0.32,0.14
2,0.05,0.13,0.09,0.43,0.51,0.18,0.46,0.32,0.14
2,0.08,0.12,0.13,0.45,0.5,0.48,0.57,0.32,0.15
2,0.08,0.12,0.13,0.45,0.5,0.48,0.57,0.32,0.15
2,0.08,0.12,0.13,0.45,0.5,0.48,0.57,0.32,0.15
2,0.08,0.12,0.13,0.45,0.5,0.48,0.57,0.32,0.15
2,0.08,0.12,0.13,0.45,0.5,0.48,0.57,0.32,0.15
2,0.08,0.12,0.13,0.45,0.5,0.48,0.57,0.32,0.15
2,0.08,0.12,0.13,0.45,0.5,0.48,0.57,0.32,0.15
2,0.08,0.12,0.13,0.45,0.5,0.48,0.57,0.32,0.15
2,0.08,0.12,0.13,0.45,0.5,0.48,0.57,0.32,0.15
2,0.08,0.12,0.13,0.45,0.5,0.48,0.57,0.32,0.15
2,0.08,0.12,0.13,0.45,0.5,0.48,0.57,0.32,0.15
2,0.08,0.12,0.13,0.45,0.5,0.48,0.57,0.32,0.15
2,0.04,0.13,0.18,0.27,0.46,0.17,0.69,0.29,0.13
2,0.04,0.13,0.18,0.27,0.46,0.17,0.69,0.29,0.13
2,0.04,0.13,0.18,0.27,0.46,0.17,0.69,0.29,0.13
2,0.04,0.13,0.18,0.27,0.46,0.17,0.69,0.29,0.13
2,0.04,0.13,0.18,0.27,0.46,0.17,0.69,0.29,0.13
2,0.04,0.13,0.18,0.27,0.46,0.17,0.69,0.29,0.13
2,0.04,0.13,0.18,0.27,0.46,0.17,0.69,0.29,0.13
2,0.04,0.13,0.18,0.27,0.46,0.17,0.69,0.29,0.13
2,0.04,0.13,0.18,0.27,0.46,0.17,0.69,0.29,0.13
2,0.04,0.13,0.18,0.27,0.46,0.17,0.69,0.29,0.13
2,0.04,0.13,0.18,0.27,0.46,0.17,0.69,0.29,0.13
2,0.04,0.13,0.18,0.27,0.46,0.17,0.69,0.29,0.13
2,0.09,0.14,0.12,0.6,0.46,0.13,0.65,0.34,0.22
2,0.09,0.14,0.12,0.6,0.46,0.13,0.65,0.34,0.22
2,0.09,0.14,0.12,0.6,0.46,0.13,0.65,0.34,0.22
2,0.09,0.14,0.12,0.6,0.46,0.13,0.65,0.34,0.22
2,0.09,0.14,0.12,0.6,0.46,0.13,0.65,0.34,0.22
2,0.09,0.14,0.12,0.6,0.46,0.13,0.65,0.34,0.22
2,0.09,0.14,0.12,0.6,0.46,0.13,0.65,0.34,0.22
2,0.09,0.14,0.12,0.6,0.46,0.13,0.65,0.34,0.22
2,0.09,0.14,0.12,0.6,0.46,0.13,0.65,0.34,0.22
2,0.09,0.14,0.12,0.6,0.46,0.13,0.65,0.34,0.22
2,0.09,0.14,0.12,0.6,0.46,0.13,0.65,0.34,0.22
2,0.09,0.14,0.12,0.6,0.46,0.13,0.65,0.34,0.22
2,0.09,0.1,0.18,0.64,0.54,0.11,0.83,0.28,0.19
2,0.09,0.1,0.18,0.64,0.54,0.11,0.83,0.28,0.19
2,0.09,0.1,0.18,0.64,0.54,0.11,0.83,0.28,0.19
2,0.09,0.1,0.18,0.64,0.54,0.11,0.83,0.28,0.19
2,0.09,0.1,0.18,0.64,0.54,0.11,0.83,0.28,0.19
2,0.09,0.1,0.18,0.64,0.54,0.11,0.83,0.28,0.19
2,0.09,0.1,0.18,0.64,0.54,0.11,0.83,0.28,0.19
2,0.09,0.1,0.18,0.64,0.54,0.11,0.83,0.28,0.19
2,0.09,0.1,0.18,0.64,0.54,0.11,0.83,0.28,0.19
2,0.09,0.1,0.18,0.64,0.54,0.11,0.83,0.28,0.19
2,0.09,0.1,0.18,0.64,0.54,0.11,0.83,0.28,0.19
2,0.09,0.1,0.18,0.64,0.54,0.11,0.83,0.28,0.19
2,0.08,0.1,0.18,0.66,0.57,0.13,0.82,0.28,0.19
2,0.08,0.1,0.18,0.66,0.57,0.13,0.82,0.28,0.19
2,0.08,0.1,0.18,0.66,0.57,0.13,0.82,0.28,0.19
2,0.08,0.1,0.18,0.66,0.57,0.13,0.82,0.28,0.19
2,0.08,0.1,0.18,0.66,0.57,0.13,0.82,0.28,0.19
2,0.08,0.1,0.18,0.66,0.57,0.13,0.82,0.28,0.19
2,0.08,0.1,0.18,0.66,0.57,0.13,0.82,0.28,0.19
2,0.08,0.1,0.18,0.66,0.57,0.13,0.82,0.28,0.19
2,0.08,0.1,0.18,0.66,0.57,0.13,0.82,0.28,0.19
2,0.08,0.1,0.18,0.66,0.57,0.13,0.82,0.28,0.19
2,0.08,0.1,0.18,0.66,0.57,0.13,0.82,0.28,0.19
2,0.08,0.1,0.18,0.66,0.57,0.13,0.82,0.28,0.19
2,0.06,0.08,0.13,0.6,0.65,0.12,0.42,0.37,0.16
2,0.06,0.08,0.13,0.6,0.65,0.12,0.42,0.37,0.16
2,0.06,0.08,0.13,0.6,0.65,0.12,0.42,0.37,0.16
2,0.06,0.08,0.13,0.6,0.65,0.12,0.42,0.37,0.16
2,0.06,0.08,0.13,0.6,0.65,0.12,0.42,0.37,0.16
2,0.06,0.08,0.13,0.6,0.65,0.12,0.42,0.37,0.16
2,0.06,0.08,0.13,0.6,0.65,0.12,0.42,0.37,0.16
2,0.06,0.08,0.13,0.6,0.65,0.12,0.42,0.37,0.16
2,0.06,0.08,0.13,0.6,0.65,0.12,0.42,0.37,0.16
2,0.06,0.08,0.13,0.6,0.65,0.12,0.42,0.37,0.16
2,0.06,0.08,0.13,0.6,0.65,0.12,0.42,0.37,0.16
2,0.06,0.08,0.13,0.6,0.65,0.12,0.42,0.37,0.16
2,0.08,0.17,0.21,0.59,0.62,0.29,0.71,0.26,0.15
2,0.08,0.17,0.21,0.59,0.62,0.29,0.71,0.26,0.15
2,0.08,0.17,0.21,0.59,0.62,0.29,0.71,0.26,0.15
2,0.08,0.17,0.21,0.59,0.62,0.29,0.71,0.26,0.15
2,0.08,0.17,0.21,0.59,0.62,0.29,0.71,0.26,0.15
2,0.08,0.17,0.21,0.59,0.62,0.29,0.71,0.26,0.15
2,0.08,0.17,0.21,0.59,0.62,0.29,0.71,0.26,0.15
2,0.08,0.17,0.21,0.59,0.62,0.29,0.71,0.26,0.15
2,0.08,0.17,0.21,0.59,0.62,0.29,0.71,0.26,0.15
2,0.08,0.17,0.21,0.59,0.62,0.29,0.71,0.26,0.15
2,0.08,0.17,0.21,0.59,0.62,0.29,0.71,0.26,0.15
2,0.08,0.17,0.21,0.59,0.62,0.29,0.71,0.26,0.15
2,0.23,0.41,0.14,0.78,0.74,0.07,0.44,0.32,0.11
2,0.23,0.41,0.14,0.78,0.74,0.07,0.44,0.32,0.11
2,0.23,0.41,0.14,0.78,0.74,0.07,0.44,0.32,0.11
2,0.23,0.41,0.14,0.78,0.74,0.07,0.44,0.32,0.11
2,0.23,0.41,0.14,0.78,0.74,0.07,0.44,0.32,0.11
2,0.23,0.41,0.14,0.78,0.74,0.07,0.44,0.32,0.11
2,0.23,0.41,0.14,0.78,0.74,0.07,0.44,0.32,0.11
2,0.23,0.41,0.14,0.78,0.74,0.07,0.44,0.32,0.11
2,0.23,0.41,0.14,0.78,0.74,0.07,0.44,0.32,0.11
2,0.23,0.41,0.14,0.78,0.74,0.07,0.44,0.32,0.11
2,0.23,0.41,0.14,0.78,0.74,0.07,0.44,0.32,0.11
2,0.23,0.41,0.14,0.78,0.74,0.07,0.44,0.32,0.11
2,0.15,0.33,0.16,0.24,0.64,0.22,0.45,0.41,0.12
2,0.15,0.33,0.16,0.24,0.64,0.22,0.45,0.41,0.12
2,0.15,0.33,0.16,0.24,0.64,0.22,0.45,0.41,0.12
2,0.15,0.33,0.16,0.24,0.64,0.22,0.45,0.41,0.12
2,0.15,0.33,0.16,0.24,0.64,0.22,0.45,0.41,0.12
2,0.15,0.33,0.16,0.24,0.64,0.22,0.45,0.41,0.12
2,0.15,0.33,0.16,0.24,0.64,0.22,0.45,0.41,0.12
2,0.15,0.33,0.16,0.24,0.64,0.22,0.45,0.41,0.12
2,0.15,0.33,0.16,0.24,0.64,0.22,0.45,0.41,0.12
2,0.15,0.33,0.16,0.24,0.64,0.22,0.45,0.41,0.12
2,0.15,0.33,0.16,0.24,0.64,0.22,0.45,0.41,0.12
2,0.15,0.33,0.16,0.24,0.64,0.22,0.45,0.41,0.12
2,0.57,0.47,0.18,0.53,0.78,0.09,0.74,0.29,0.1
2,0.57,0.47,0.18,0.53,0.78,0.09,0.74,0.29,0.1
2,0.57,0.47,0.18,0.53,0.78,0.09,0.74,0.29,0.1
2,0.57,0.47,0.18,0.53,0.78,0.09,0.74,0.29,0.1
2,0.57,0.47,0.18,0.53,0.78,0.09,0.74,0.29,0.1
2,0.57,0.47,0.18,0.53,0.78,0.09,0.74,0.29,0.1
2,0.57,0.47,0.18,0.53,0.78,0.09,0.74,0.29,0.1
2,0.57,0.47,0.18,0.53,0.78,0.09,0.74,0.29,0.1
2,0.57,0.47,0.18,0.53,0.78,0.09,0.74,0.29,0.1
2,0.57,0.47,0.18,0.53,0.78,0.09,0.74,0.29,0.1
2,0.57,0.47,0.18,0.53,0.78,0.09,0.74,0.29,0.1
2,0.57,0.47,0.18,0.53,0.78,0.09,0.74,0.29,0.1
2,0.52,0.47,0.18,0.62,0.61,0.36,0.73,0.27,0.18
2,0.52,0.47,0.18,0.62,0.61,0.36,0.73,0.27,0.18
2,0.52,0.47,0.18,0.62,0.61,0.36,0.73,0.27,0.18
2,0.52,0.47,0.18,0.62,0.61,0.36,0.73,0.27,0.18
2,0.52,0.47,0.18,0.62,0.61,0.36,0.73,0.27,0.18
2,0.52,0.47,0.18,0.62,0.61,0.36,0.73,0.27,0.18
2,0.52,0.47,0.18,0.62,0.61,0.36,0.73,0.27,0.18
2,0.52,0.47,0.18,0.62,0.61,0.36,0.73,0.27,0.18
2,0.52,0.47,0.18,0.62,0.61,0.36,0.73,0.27,0.18
2,0.52,0.47,0.18,0.62,0.61,0.36,0.73,0.27,0.18
2,0.52,0.47,0.18,0.62,0.61,0.36,0.73,0.27,0.18
2,0.52,0.47,0.18,0.62,0.61,0.36,0.73,0.27,0.18
2,0.75,0.41,0.2,0.25,0.47,0.12,0.74,0.23,0.16
2,0.75,0.41,0.2,0.25,0.47,0.12,0.74,0.23,0.16
2,0.75,0.41,0.2,0.25,0.47,0.12,0.74,0.23,0.16
2,0.75,0.41,0.2,0.25,0.47,0.12,0.74,0.23,0.16
2,0.75,0.41,0.2,0.25,0.47,0.12,0.74,0.23,0.16
2,0.75,0.41,0.2,0.25,0.47,0.12,0.74,0.23,0.16
2,0.75,0.41,0.2,0.25,0.47,0.12,0.74,0.23,0.16
2,0.75,0.41,0.2,0.25,0.47,0.12,0.74,0.23,0.16
2,0.75,0.41,0.2,0.25,0.47,0.12,0.74,0.23,0.16
2,0.75,0.41,0.2,0.25,0.47,0.12,0.74,0.23,0.16
2,0.75,0.41,0.2,0.25,0.47,0.12,0.74,0.23,0.16
2,0.75,0.41,0.2,0.25,0.47,0.12,0.74,0.23,0.16
2,0.66,0.44,0.26,0.53,0.57,0.06,0.29,0.27,0.21
2,0.66,0.44,0.26,0.53,0.57,0.06,0.29,0.27,0.21
2,0.66,0.44,0.26,0.53,0.57,0.06,0.29,0.27,0.21
2,0.66,0.44,0.26,0.53,0.57,0.06,0.29,0.27,0.21
2,0.66,0.44,0.26,0.53,0.57,0.06,0.29,0.27,0.21
2,0.66,0.44,0.26,0.53,0.57,0.06,0.29,0.27,0.21
2,0.66,0.44,0.26,0.53,0.57,0.06,0.29,0.27,0.21
2,0.66,0.44,0.26,0.53,0.57,0.06,0.29,0.27,0.21
2,0.66,0.44,0.26,0.53,0.57,0.06,0.29,0.27,0.21
2,0.66,0.44,0.26,0.53,0.57,0.06,0.29,0.27,0.21
2,0.66,0.44,0.26,0.53,0.57,0.06,0.29,0.27,0.21
2,0.66,0.44,0.26,0.53,0.57,0.06,0.29,0.27,0.21
2,0.03,0.06,0.14,0.43,0.5,0.19,0.36,0.39,0.14
2,0.03,0.06,0.14,0.43,0.5,0.19,0.36,0.39,0.14
2,0.03,0.06,0.14,0.43,0.5,0.19,0.36,0.39,0.14
2,0.03,0.06,0.14,0.43,0.5,0.19,0.36,0.39,0.14
2,0.03,0.06,0.14,0.43,0.5,0.19,0.36,0.39,0.14
2,0.03,0.06,0.14,0.43,0.5,0.19,0.36,0.39,0.14
2,0.03,0.06,0.14,0.43,0.5,0.19,0.36,0.39,0.14
2,0.03,0.06,0.14,0.43,0.5,0.19,0.36,0.39,0.14
2,0.03,0.06,0.14,0.43,0.5,0.19,0.36,0.39,0.14
2,0.03,0.06,0.14,0.43,0.5,0.19,0.36,0.39,0.14
2,0.03,0.06,0.14,0.43,0.5,0.19,0.36,0.39,0.14
2,0.03,0.06,0.14,0.43,0.5,0.19,0.36,0.39,0.14
2,0.05,0.17,0.13,0.66,0.62,0.06,0.66,0.3,0.1
2,0.05,0.17,0.13,0.66,0.62,0.06,0.66,0.3,0.1
2,0.05,0.17,0.13,0.66,0.62,0.06,0.66,0.3,0.1
2,0.05,0.17,0.13,0.66,0.62,0.06,0.66,0.3,0.1
2,0.05,0.17,0.13,0.66,0.62,0.06,0.66,0.3,0.1
2,0.05,0.17,0.13,0.66,0.62,0.06,0.66,0.3,0.1
2,0.05,0.17,0.13,0.66,0.62,0.06,0.66,0.3,0.1
2,0.05,0.17,0.13,0.66,0.62,0.06,0.66,0.3,0.1
2,0.05,0.17,0.13,0.66,0.62,0.06,0.66,0.3,0.1
2,0.05,0.17,0.13,0.66,0.62,0.06,0.66,0.3,0.1
2,0.05,0.17,0.13,0.66,0.62,0.06,0.66,0.3,0.1
2,0.05,0.17,0.13,0.66,0.62,0.06,0.66,0.3,0.1
2,0.04,0.04,0.11,0.68,0.51,0.25,0.75,0.3,0.09
2,0.04,0.04,0.11,0.68,0.51,0.25,0.75,0.3,0.09
2,0.04,0.04,0.11,0.68,0.51,0.25,0.75,0.3,0.09
2,0.04,0.04,0.11,0.68,0.51,0.25,0.75,0.3,0.09
2,0.04,0.04,0.11,0.68,0.51,0.25,0.75,0.3,0.09
2,0.04,0.04,0.11,0.68,0.51,0.25,0.75,0.3,0.09
2,0.04,0.04,0.11,0.68,0.51,0.25,0.75,0.3,0.09
2,0.04,0.04,0.11,0.68,0.51,0.25,0.75,0.3,0.09
2,0.04,0.04,0.11,0.68,0.51,0.25,0.75,0.3,0.09
2,0.04,0.04,0.11,0.68,0.51,0.25,0.75,0.3,0.09
2,0.04,0.04,0.11,0.68,0.51,0.25,0.75,0.3,0.09
2,0.04,0.04,0.11,0.68,0.51,0.25,0.75,0.3,0.09
2,0.86,0.27,0.12,0.22,0.49,0.09,0.54,0.25,0.13
2,0.86,0.27,0.12,0.22,0.49,0.09,0.54,0.25,0.13
2,0.86,0.27,0.12,0.22,0.49,0.09,0.54,0.25,0.13
2,0.86,0.27,0.12,0.22,0.49,0.09,0.54,0.25,0.13
2,0.86,0.27,0.12,0.22,0.49,0.09,0.54,0.25,0.13
2,0.86,0.27,0.12,0.22,0.49,0.09,0.54,0.25,0.13
2,0.86,0.27,0.12,0.22,0.49,0.09,0.54,0.25,0.13
2,0.86,0.27,0.12,0.22,0.49,0.09,0.54,0.25,0.13
2,0.86,0.27,0.12,0.22,0.49,0.09,0.54,0.25,0.13
2,0.86,0.27,0.12,0.22,0.49,0.09,0.54,0.25,0.13
2,0.86,0.27,0.12,0.22,0.49,0.09,0.54,0.25,0.13
2,0.86,0.27,0.12,0.22,0.49,0.09,0.54,0.25,0.13
2,0.78,0.4,0.12,0.5,0.65,0.06,0.72,0.25,0.12
2,0.78,0.4,0.12,0.5,0.65,0.06,0.72,0.25,0.12
2,0.78,0.4,0.12,0.5,0.65,0.06,0.72,0.25,0.12
2,0.78,0.4,0.12,0.5,0.65,0.06,0.72,0.25,0.12
2,0.78,0.4,0.12,0.5,0.65,0.06,0.72,0.25,0.12
2,0.78,0.4,0.12,0.5,0.65,0.06,0.72,0.25,0.12
2,0.78,0.4,0.12,0.5,0.65,0.06,0.72,0.25,0.12
2,0.78,0.4,0.12,0.5,0.65,0.06,0.72,0.25,0.12
2,0.78,0.4,0.12,0.5,0.65,0.06,0.72,0.25,0.12
2,0.78,0.4,0.12,0.5,0.65,0.06,0.72,0.25,0.12
2,0.78,0.4,0.12,0.5,0.65,0.06,0.72,0.25,0.12
2,0.78,0.4,0.12,0.5,0.65,0.06,0.72,0.25,0.12
2,0.79,0.4,0.16,0.47,0.45,0.17,0.59,0.26,0.17
2,0.79,0.4,0.16,0.47,0.45,0.17,0.59,0.26,0.17
2,0.79,0.4,0.16,0.47,0.45,0.17,0.59,0.26,0.17
2,0.79,0.4,0.16,0.47,0.45,0.17,0.59,0.26,0.17
2,0.79,0.4,0.16,0.47,0.45,0.17,0.59,0.26,0.17
2,0.79,0.4,0.16,0.47,0.45,0.17,0.59,0.26,0.17
2,0.79,0.4,0.16,0.47,0.45,0.17,0.59,0.26,0.17
2,0.79,0.4,0.16,0.47,0.45,0.17,0.59,0.26,0.17
2,0.79,0.4,0.16,0.47,0.45,0.17,0.59,0.26,0.17
2,0.79,0.4,0.16,0.47,0.45,0.17,0.59,0.26,0.17
2,0.79,0.4,0.16,0.47,0.45,0.17,0.59,0.26,0.17
2,0.79,0.4,0.16,0.47,0.45,0.17,0.59,0.26,0.17
2,0.05,0.03,0.13,0.83,0.69,0.19,0.67,0.36,0.11
2,0.05,0.03,0.13,0.83,0.69,0.19,0.67,0.36,0.11
2,0.05,0.03,0.13,0.83,0.69,0.19,0.67,0.36,0.11
2,0.05,0.03,0.13,0.83,0.69,0.19,0.67,0.36,0.11
2,0.05,0.03,0.13,0.83,0.69,0.19,0.67,0.36,0.11
2,0.05,0.03,0.13,0.83,0.69,0.19,0.67,0.36,0.11
2,0.05,0.03,0.13,0.83,0.69,0.19,0.67,0.36,0.11
2,0.05,0.03,0.13,0.83,0.69,0.19,0.67,0.36,0.11
2,0.05,0.03,0.13,0.83,0.69,0.19,0.67,0.36,0.11
2,0.05,0.03,0.13,0.83,0.69,0.19,0.67,0.36,0.11
2,0.05,0.03,0.13,0.83,0.69,0.19,0.67,0.36,0.11
2,0.05,0.03,0.13,0.83,0.69,0.19,0.67,0.36,0.11
2,0.07,0.06,0.13,0.8,0.63,0.28,0.67,0.36,0.17
2,0.07,0.06,0.13,0.8,0.63,0.28,0.67,0.36,0.17
2,0.07,0.06,0.13,0.8,0.63,0.28,0.67,0.36,0.17
2,0.07,0.06,0.13,0.8,0.63,0.28,0.67,0.36,0.17
2,0.07,0.06,0.13,0.8,0.63,0.28,0.67,0.36,0.17
2,0.07,0.06,0.13,0.8,0.63,0.28,0.67,0.36,0.17
2,0.07,0.06,0.13,0.8,0.63,0.28,0.67,0.36,0.17
2,0.07,0.06,0.13,0.8,0.63,0.28,0.67,0.36,0.17
2,0.07,0.06,0.13,0.8,0.63,0.28,0.67,0.36,0.17
2,0.07,0.06,0.13,0.8,0.63,0.28,0.67,0.36,0.17
2,0.07,0.06,0.13,0.8,0.63,0.28,0.67,0.36,0.17
2,0.07,0.06,0.13,0.8,0.63,0.28,0.67,0.36,0.17
2,0.05,0.04,0.1,0.57,0.63,0.13,0.48,0.33,0.09
2,0.05,0.04,0.1,0.57,0.63,0.13,0.48,0.33,0.09
2,0.05,0.04,0.1,0.57,0.63,0.13,0.48,0.33,0.09
2,0.05,0.04,0.1,0.57,0.63,0.13,0.48,0.33,0.09
2,0.05,0.04,0.1,0.57,0.63,0.13,0.48,0.33,0.09
2,0.05,0.04,0.1,0.57,0.63,0.13,0.48,0.33,0.09
2,0.05,0.04,0.1,0.57,0.63,0.13,0.48,0.33,0.09
2,0.05,0.04,0.1,0.57,0.63,0.13,0.48,0.33,0.09
2,0.05,0.04,0.1,0.57,0.63,0.13,0.48,0.33,0.09
2,0.05,0.04,0.1,0.57,0.63,0.13,0.48,0.33,0.09
2,0.05,0.04,0.1,0.57,0.63,0.13,0.48,0.33,0.09
2,0.05,0.04,0.1,0.57,0.63,0.13,0.48,0.33,0.09
2,0.05,0.04,0.12,0.52,0.61,0.07,0.71,0.35,0.09
2,0.05,0.04,0.12,0.52,0.61,0.07,0.71,0.35,0.09
2,0.05,0.04,0.12,0.52,0.61,0.07,0.71,0.35,0.09
2,0.05,0.04,0.12,0.52,0.61,0.07,0.71,0.35,0.09
2,0.05,0.04,0.12,0.52,0.61,0.07,0.71,0.35,0.09
2,0.05,0.04,0.12,0.52,0.61,0.07,0.71,0.35,0.09
2,0.05,0.04,0.12,0.52,0.61,0.07,0.71,0.35,0.09
2,0.05,0.04,0.12,0.52,0.61,0.07,0.71,0.35,0.09
2,0.05,0.04,0.12,0.52,0.61,0.07,0.71,0.35,0.09
2,0.05,0.04,0.12,0.52,0.61,0.07,0.71,0.35,0.09
2,0.05,0.04,0.12,0.52,0.61,0.07,0.71,0.35,0.09
2,0.05,0.04,0.12,0.52,0.61,0.07,0.71,0.35,0.09
2,0.05,0.1,0.09,0.54,0.64,0.05,0.93,0.23,0.14
2,0.05,0.1,0.09,0.54,0.64,0.05,0.93,0.23,0.14
2,0.05,0.1,0.09,0.54,0.64,0.05,0.93,0.23,0.14
2,0.05,0.1,0.09,0.54,0.64,0.05,0.93,0.23,0.14
2,0.05,0.1,0.09,0.54,0.64,0.05,0.93,0.23,0.14
2,0.05,0.1,0.09,0.54,0.64,0.05,0.93,0.23,0.14
2,0.05,0.1,0.09,0.54,0.64,0.05,0.93,0.23,0.14
2,0.05,0.1,0.09,0.54,0.64,0.05,0.93,0.23,0.14
2,0.05,0.1,0.09,0.54,0.64,0.05,0.93,0.23,0.14
2,0.05,0.1,0.09,0.54,0.64,0.05,0.93,0.23,0.14
2,0.05,0.1,0.09,0.54,0.64,0.05,0.93,0.23,0.14
2,0.05,0.1,0.09,0.54,0.64,0.05,0.93,0.23,0.14
2,0.03,0.02,0.11,0.63,0.65,0.04,0.85,0.31,0.09
2,0.03,0.02,0.11,0.63,0.65,0.04,0.85,0.31,0.09
2,0.03,0.02,0.11,0.63,0.65,0.04,0.85,0.31,0.09
2,0.03,0.02,0.11,0.63,0.65,0.04,0.85,0.31,0.09
2,0.03,0.02,0.11,0.63,0.65,0.04,0.85,0.31,0.09
2,0.03,0.02,0.11,0.63,0.65,0.04,0.85,0.31,0.09
2,0.03,0.02,0.11,0.63,0.65,0.04,0.85,0.31,0.09
2,0.03,0.02,0.11,0.63,0.65,0.04,0.85,0.31,0.09
2,0.03,0.02,0.11,0.63,0.65,0.04,0.85,0.31,0.09
2,0.03,0.02,0.11,0.63,0.65,0.04,0.85,0.31,0.09
2,0.03,0.02,0.11,0.63,0.65,0.04,0.85,0.31,0.09
2,0.03,0.02,0.11,0.63,0.65,0.04,0.85,0.31,0.09
2,0.08,0.17,0.21,0.59,0.62,0.29,0.71,0.26,0.15
2,0.08,0.17,0.21,0.59,0.62,0.29,0.71,0.26,0.15
2,0.08,0.17,0.21,0.59,0.62,0.29,0.71,0.26,0.15
2,0.08,0.17,0.21,0.59,0.62,0.29,0.71,0.26,0.15
2,0.08,0.17,0.21,0.59,0.62,0.29,0.71,0.26,0.15
2,0.08,0.17,0.21,0.59,0.62,0.29,0.71,0.26,0.15
2,0.08,0.17,0.21,0.59,0.62,0.29,0.71,0.26,0.15
2,0.08,0.17,0.21,0.59,0.62,0.29,0.71,0.26,0.15
2,0.08,0.17,0.21,0.59,0.62,0.29,0.71,0.26,0.15
2,0.08,0.17,0.21,0.59,0.62,0.29,0.71,0.26,0.15
2,0.08,0.17,0.21,0.59,0.62,0.29,0.71,0.26,0.15
2,0.08,0.17,0.21,0.59,0.62,0.29,0.71,0.26,0.15
2,0.04,0.13,0.18,0.27,0.46,0.17,0.69,0.29,0.13
2,0.04,0.13,0.18,0.27,0.46,0.17,0.69,0.29,0.13
2,0.04,0.13,0.18,0.27,0.46,0.17,0.69,0.29,0.13
2,0.04,0.13,0.18,0.27,0.46,0.17,0.69,0.29,0.13
2,0.04,0.13,0.18,0.27,0.46,0.17,0.69,0.29,0.13
2,0.04,0.13,0.18,0.27,0.46,0.17,0.69,0.29,0.13
2,0.04,0.13,0.18,0.27,0.46,0.17,0.69,0.29,0.13
2,0.04,0.13,0.18,0.27,0.46,0.17,0.69,0.29,0.13
2,0.04,0.13,0.18,0.27,0.46,0.17,0.69,0.29,0.13
2,0.04,0.13,0.18,0.27,0.46,0.17,0.69,0.29,0.13
2,0.04,0.13,0.18,0.27,0.46,0.17,0.69,0.29,0.13
2,0.04,0.13,0.18,0.27,0.46,0.17,0.69,0.29,0.13
2,0.1,0.27,0.15,0.59,0.5,0.11,0.75,0.29,0.11
2,0.1,0.27,0.15,0.59,0.5,0.11,0.75,0.29,0.11
2,0.1,0.27,0.15,0.59,0.5,0.11,0.75,0.29,0.11
2,0.1,0.27,0.15,0.59,0.5,0.11,0.75,0.29,0.11
2,0.1,0.27,0.15,0.59,0.5,0.11,0.75,0.29,0.11
2,0.1,0.27,0.15,0.59,0.5,0.11,0.75,0.29,0.11
2,0.1,0.27,0.15,0.59,0.5,0.11,0.75,0.29,0.11
2,0.1,0.27,0.15,0.59,0.5,0.11,0.75,0.29,0.11
2,0.1,0.27,0.15,0.59,0.5,0.11,0.75,0.29,0.11
2,0.1,0.27,0.15,0.59,0.5,0.11,0.75,0.29,0.11
2,0.1,0.27,0.15,0.59,0.5,0.11,0.75,0.29,0.11
2,0.1,0.27,0.15,0.59,0.5,0.11,0.75,0.29,0.11
2,0.91,0.28,0.08,0.52,0.52,0.05,0.56,0.39,0.15
2,0.91,0.28,0.08,0.52,0.52,0.05,0.56,0.39,0.15
2,0.91,0.28,0.08,0.52,0.52,0.05,0.56,0.39,0.15
2,0.91,0.28,0.08,0.52,0.52,0.05,0.56,0.39,0.15
2,0.91,0.28,0.08,0.52,0.52,0.05,0.56,0.39,0.15
2,0.91,0.28,0.08,0.52,0.52,0.05,0.56,0.39,0.15
2,0.91,0.28,0.08,0.52,0.52,0.05,0.56,0.39,0.15
2,0.91,0.28,0.08,0.52,0.52,0.05,0.56,0.39,0.15
2,0.91,0.28,0.08,0.52,0.52,0.05,0.56,0.39,0.15
2,0.91,0.28,0.08,0.52,0.52,0.05,0.56,0.39,0.15
2,0.91,0.28,0.08,0.52,0.52,0.05,0.56,0.39,0.15
2,0.91,0.28,0.08,0.52,0.52,0.05,0.56,0.39,0.15
2,0.88,0.31,0.09,0.52,0.54,0.19,0.53,0.36,0.17
2,0.88,0.31,0.09,0.52,0.54,0.19,0.53,0.36,0.17
2,0.88,0.31,0.09,0.52,0.54,0.19,0.53,0.36,0.17
2,0.88,0.31,0.09,0.52,0.54,0.19,0.53,0.36,0.17
2,0.88,0.31,0.09,0.52,0.54,0.19,0.53,0.36,0.17
2,0.88,0.31,0.09,0.52,0.54,0.19,0.53,0.36,0.17
2,0.88,0.31,0.09,0.52,0.54,0.19,0.53,0.36,0.17
2,0.88,0.31,0.09,0.52,0.54,0.19,0.53,0.36,0.17
2,0.88,0.31,0.09,0.52,0.54,0.19,0.53,0.36,0.17
2,0.88,0.31,0.09,0.52,0.54,0.19,0.53,0.36,0.17
2,0.88,0.31,0.09,0.52,0.54,0.19,0.53,0.36,0.17
2,0.88,0.31,0.09,0.52,0.54,0.19,0.53,0.36,0.17
2,0.15,0.3,0.17,0.54,0.54,0.15,0.84,0.26,0.14
2,0.15,0.3,0.17,0.54,0.54,0.15,0.84,0.26,0.14
2,0.15,0.3,0.17,0.54,0.54,0.15,0.84,0.26,0.14
2,0.15,0.3,0.17,0.54,0.54,0.15,0.84,0.26,0.14
2,0.15,0.3,0.17,0.54,0.54,0.15,0.84,0.26,0.14
2,0.15,0.3,0.17,0.54,0.54,0.15,0.84,0.26,0.14
2,0.15,0.3,0.17,0.54,0.54,0.15,0.84,0.26,0.14
2,0.15,0.3,0.17,0.54,0.54,0.15,0.84,0.26,0.14
2,0.15,0.3,0.17,0.54,0.54,0.15,0.84,0.26,0.14
2,0.15,0.3,0.17,0.54,0.54,0.15,0.84,0.26,0.14
2,0.15,0.3,0.17,0.54,0.54,0.15,0.84,0.26,0.14
2,0.15,0.3,0.17,0.54,0.54,0.15,0.84,0.26,0.14
2,0.53,0.18,0.17,0.38,0.35,0.16,0.71,0.28,0.18
2,0.53,0.18,0.17,0.38,0.35,0.16,0.71,0.28,0.18
2,0.53,0.18,0.17,0.38,0.35,0.16,0.71,0.28,0.18
2,0.53,0.18,0.17,0.38,0.35,0.16,0.71,0.28,0.18
2,0.53,0.18,0.17,0.38,0.35,0.16,0.71,0.28,0.18
2,0.53,0.18,0.17,0.38,0.35,0.16,0.71,0.28,0.18
2,0.53,0.18,0.17,0.38,0.35,0.16,0.71,0.28,0.18
2,0.53,0.18,0.17,0.38,0.35,0.16,0.71,0.28,0.18
2,0.53,0.18,0.17,0.38,0.35,0.16,0.71,0.28,0.18
2,0.53,0.18,0.17,0.38,0.35,0.16,0.71,0.28,0.18
2,0.53,0.18,0.17,0.38,0.35,0.16,0.71,0.28,0.18
2,0.53,0.18,0.17,0.38,0.35,0.16,0.71,0.28,0.18
2,0.09,0.09,0.14,0.33,0.59,0.15,0.79,0.29,0.1
2,0.09,0.09,0.14,0.33,0.59,0.15,0.79,0.29,0.1
2,0.09,0.09,0.14,0.33,0.59,0.15,0.79,0.29,0.1
2,0.09,0.09,0.14,0.33,0.59,0.15,0.79,0.29,0.1
2,0.09,0.09,0.14,0.33,0.59,0.15,0.79,0.29,0.1
2,0.09,0.09,0.14,0.33,0.59,0.15,0.79,0.29,0.1
2,0.09,0.09,0.14,0.33,0.59,0.15,0.79,0.29,0.1
2,0.09,0.09,0.14,0.33,0.59,0.15,0.79,0.29,0.1
2,0.09,0.09,0.14,0.33,0.59,0.15,0.79,0.29,0.1
2,0.09,0.09,0.14,0.33,0.59,0.15,0.79,0.29,0.1
2,0.09,0.09,0.14,0.33,0.59,0.15,0.79,0.29,0.1
2,0.09,0.09,0.14,0.33,0.59,0.15,0.79,0.29,0.1
2,0.06,0.06,0.17,0.54,0.52,0.22,0.43,0.31,0.16
2,0.06,0.06,0.17,0.54,0.52,0.22,0.43,0.31,0.16
2,0.06,0.06,0.17,0.54,0.52,0.22,0.43,0.31,0.16
2,0.06,0.06,0.17,0.54,0.52,0.22,0.43,0.31,0.16
2,0.06,0.06,0.17,0.54,0.52,0.22,0.43,0.31,0.16
2,0.06,0.06,0.17,0.54,0.52,0.22,0.43,0.31,0.16
2,0.06,0.06,0.17,0.54,0.52,0.22,0.43,0.31,0.16
2,0.06,0.06,0.17,0.54,0.52,0.22,0.43,0.31,0.16
2,0.06,0.06,0.17,0.54,0.52,0.22,0.43,0.31,0.16
2,0.06,0.06,0.17,0.54,0.52,0.22,0.43,0.31,0.16
2,0.06,0.06,0.17,0.54,0.52,0.22,0.43,0.31,0.16
2,0.06,0.06,0.17,0.54,0.52,0.22,0.43,0.31,0.16
2,0.06,0.12,0.18,0.65,0.62,0.22,0.35,0.26,0.17
2,0.06,0.12,0.18,0.65,0.62,0.22,0.35,0.26,0.17
2,0.06,0.12,0.18,0.65,0.62,0.22,0.35,0.26,0.17
2,0.06,0.12,0.18,0.65,0.62,0.22,0.35,0.26,0.17
2,0.06,0.12,0.18,0.65,0.62,0.22,0.35,0.26,0.17
2,0.06,0.12,0.18,0.65,0.62,0.22,0.35,0.26,0.17
2,0.06,0.12,0.18,0.65,0.62,0.22,0.35,0.26,0.17
2,0.06,0.12,0.18,0.65,0.62,0.22,0.35,0.26,0.17
2,0.06,0.12,0.18,0.65,0.62,0.22,0.35,0.26,0.17
2,0.06,0.12,0.18,0.65,0.62,0.22,0.35,0.26,0.17
2,0.06,0.12,0.18,0.65,0.62,0.22,0.35,0.26,0.17
2,0.06,0.12,0.18,0.65,0.62,0.22,0.35,0.26,0.17
2,0.04,0.07,0.15,0.39,0.37,0.15,0.64,0.34,0.13
2,0.04,0.07,0.15,0.39,0.37,0.15,0.64,0.34,0.13
2,0.04,0.07,0.15,0.39,0.37,0.15,0.64,0.34,0.13
2,0.04,0.07,0.15,0.39,0.37,0.15,0.64,0.34,0.13
2,0.04,0.07,0.15,0.39,0.37,0.15,0.64,0.34,0.13
2,0.04,0.07,0.15,0.39,0.37,0.15,0.64,0.34,0.13
2,0.04,0.07,0.15,0.39,0.37,0.15,0.64,0.34,0.13
2,0.04,0.07,0.15,0.39,0.37,0.15,0.64,0.34,0.13
2,0.04,0.07,0.15,0.39,0.37,0.15,0.64,0.34,0.13
2,0.04,0.07,0.15,0.39,0.37,0.15,0.64,0.34,0.13
2,0.04,0.07,0.15,0.39,0.37,0.15,0.64,0.34,0.13
2,0.04,0.07,0.15,0.39,0.37,0.15,0.64,0.34,0.13
2,0.55,0.49,0.18,0.49,0.38,0.03,0.88,0.26,0.15
2,0.55,0.49,0.18,0.49,0.38,0.03,0.88,0.26,0.15
2,0.55,0.49,0.18,0.49,0.38,0.03,0.88,0.26,0.15
2,0.55,0.49,0.18,0.49,0.38,0.03,0.88,0.26,0.15
2,0.55,0.49,0.18,0.49,0.38,0.03,0.88,0.26,0.15
2,0.55,0.49,0.18,0.49,0.38,0.03,0.88,0.26,0.15
2,0.55,0.49,0.18,0.49,0.38,0.03,0.88,0.26,0.15
2,0.55,0.49,0.18,0.49,0.38,0.03,0.88,0.26,0.15
2,0.55,0.49,0.18,0.49,0.38,0.03,0.88,0.26,0.15
2,0.55,0.49,0.18,0.49,0.38,0.03,0.88,0.26,0.15
2,0.55,0.49,0.18,0.49,0.38,0.03,0.88,0.26,0.15
2,0.55,0.49,0.18,0.49,0.38,0.03,0.88,0.26,0.15
2,0.65,0.47,0.14,0.58,0.5,0.06,0.65,0.36,0.19
2,0.65,0.47,0.14,0.58,0.5,0.06,0.65,0.36,0.19
2,0.65,0.47,0.14,0.58,0.5,0.06,0.65,0.36,0.19
2,0.65,0.47,0.14,0.58,0.5,0.06,0.65,0.36,0.19
2,0.65,0.47,0.14,0.58,0.5,0.06,0.65,0.36,0.19
2,0.65,0.47,0.14,0.58,0.5,0.06,0.65,0.36,0.19
2,0.65,0.47,0.14,0.58,0.5,0.06,0.65,0.36,0.19
2,0.65,0.47,0.14,0.58,0.5,0.06,0.65,0.36,0.19
2,0.65,0.47,0.14,0.58,0.5,0.06,0.65,0.36,0.19
2,0.65,0.47,0.14,0.58,0.5,0.06,0.65,0.36,0.19
2,0.65,0.47,0.14,0.58,0.5,0.06,0.65,0.36,0.19
2,0.65,0.47,0.14,0.58,0.5,0.06,0.65,0.36,0.19
2,0.68,0.46,0.15,0.49,0.5,0.04,0.66,0.3,0.19
2,0.68,0.46,0.15,0.49,0.5,0.04,0.66,0.3,0.19
2,0.68,0.46,0.15,0.49,0.5,0.04,0.66,0.3,0.19
2,0.68,0.46,0.15,0.49,0.5,0.04,0.66,0.3,0.19
2,0.68,0.46,0.15,0.49,0.5,0.04,0.66,0.3,0.19
2,0.68,0.46,0.15,0.49,0.5,0.04,0.66,0.3,0.19
2,0.68,0.46,0.15,0.49,0.5,0.04,0.66,0.3,0.19
2,0.68,0.46,0.15,0.49,0.5,0.04,0.66,0.3,0.19
2,0.68,0.46,0.15,0.49,0.5,0.04,0.66,0.3,0.19
2,0.68,0.46,0.15,0.49,0.5,0.04,0.66,0.3,0.19
2,0.68,0.46,0.15,0.49,0.5,0.04,0.66,0.3,0.19
2,0.68,0.46,0.15,0.49,0.5,0.04,0.66,0.3,0.19
2,0.19,0.38,0.16,0.32,0.55,0.13,0.6,0.28,0.2
2,0.19,0.38,0.16,0.32,0.55,0.13,0.6,0.28,0.2
2,0.19,0.38,0.16,0.32,0.55,0.13,0.6,0.28,0.2
2,0.19,0.38,0.16,0.32,0.55,0.13,0.6,0.28,0.2
2,0.19,0.38,0.16,0.32,0.55,0.13,0.6,0.28,0.2
2,0.19,0.38,0.16,0.32,0.55,0.13,0.6,0.28,0.2
2,0.19,0.38,0.16,0.32,0.55,0.13,0.6,0.28,0.2
2,0.19,0.38,0.16,0.32,0.55,0.13,0.6,0.28,0.2
2,0.19,0.38,0.16,0.32,0.55,0.13,0.6,0.28,0.2
2,0.19,0.38,0.16,0.32,0.55,0.13,0.6,0.28,0.2
2,0.19,0.38,0.16,0.32,0.55,0.13,0.6,0.28,0.2
2,0.19,0.38,0.16,0.32,0.55,0.13,0.6,0.28,0.2
2,0.19,0.38,0.16,0.32,0.55,0.13,0.6,0.28,0.2
2,0.19,0.38,0.16,0.32,0.55,0.13,0.6,0.28,0.2
2,0.19,0.38,0.16,0.32,0.55,0.13,0.6,0.28,0.2
2,0.19,0.38,0.16,0.32,0.55,0.13,0.6,0.28,0.2
2,0.19,0.38,0.16,0.32,0.55,0.13,0.6,0.28,0.2
2,0.19,0.38,0.16,0.32,0.55,0.13,0.6,0.28,0.2
2,0.19,0.38,0.16,0.32,0.55,0.13,0.6,0.28,0.2
2,0.19,0.38,0.16,0.32,0.55,0.13,0.6,0.28,0.2
2,0.19,0.38,0.16,0.32,0.55,0.13,0.6,0.28,0.2
2,0.19,0.38,0.16,0.32,0.55,0.13,0.6,0.28,0.2
2,0.19,0.38,0.16,0.32,0.55,0.13,0.6,0.28,0.2
2,0.19,0.38,0.16,0.32,0.55,0.13,0.6,0.28,0.2
2,0.1,0.25,0.23,0.48,0.46,0.03,0.81,0.37,0.17
2,0.1,0.25,0.23,0.48,0.46,0.03,0.81,0.37,0.17
2,0.1,0.25,0.23,0.48,0.46,0.03,0.81,0.37,0.17
2,0.1,0.25,0.23,0.48,0.46,0.03,0.81,0.37,0.17
2,0.1,0.25,0.23,0.48,0.46,0.03,0.81,0.37,0.17
2,0.1,0.25,0.23,0.48,0.46,0.03,0.81,0.37,0.17
2,0.1,0.25,0.23,0.48,0.46,0.03,0.81,0.37,0.17
2,0.1,0.25,0.23,0.48,0.46,0.03,0.81,0.37,0.17
2,0.1,0.25,0.23,0.48,0.46,0.03,0.81,0.37,0.17
2,0.1,0.25,0.23,0.48,0.46,0.03,0.81,0.37,0.17
2,0.1,0.25,0.23,0.48,0.46,0.03,0.81,0.37,0.17
2,0.1,0.25,0.23,0.48,0.46,0.03,0.81,0.37,0.17
2,0.19,0.37,0.16,0.32,0.56,0.28,0.44,0.28,0.19
2,0.19,0.37,0.16,0.32,0.56,0.28,0.44,0.28,0.19
2,0.19,0.37,0.16,0.32,0.56,0.28,0.44,0.28,0.19
2,0.19,0.37,0.16,0.32,0.56,0.28,0.44,0.28,0.19
2,0.19,0.37,0.16,0.32,0.56,0.28,0.44,0.28,0.19
2,0.19,0.37,0.16,0.32,0.56,0.28,0.44,0.28,0.19
2,0.19,0.37,0.16,0.32,0.56,0.28,0.44,0.28,0.19
2,0.19,0.37,0.16,0.32,0.56,0.28,0.44,0.28,0.19
2,0.19,0.37,0.16,0.32,0.56,0.28,0.44,0.28,0.19
2,0.19,0.37,0.16,0.32,0.56,0.28,0.44,0.28,0.19
2,0.19,0.37,0.16,0.32,0.56,0.28,0.44,0.28,0.19
2,0.19,0.37,0.16,0.32,0.56,0.28,0.44,0.28,0.19
2,0.22,0.39,0.18,0.36,0.56,0.08,0.86,0.18,0.12
2,0.22,0.39,0.18,0.36,0.56,0.08,0.86,0.18,0.12
2,0.22,0.39,0.18,0.36,0.56,0.08,0.86,0.18,0.12
2,0.22,0.39,0.18,0.36,0.56,0.08,0.86,0.18,0.12
2,0.22,0.39,0.18,0.36,0.56,0.08,0.86,0.18,0.12
2,0.22,0.39,0.18,0.36,0.56,0.08,0.86,0.18,0.12
2,0.22,0.39,0.18,0.36,0.56,0.08,0.86,0.18,0.12
2,0.22,0.39,0.18,0.36,0.56,0.08,0.86,0.18,0.12
2,0.22,0.39,0.18,0.36,0.56,0.08,0.86,0.18,0.12
2,0.22,0.39,0.18,0.36,0.56,0.08,0.86,0.18,0.12
2,0.22,0.39,0.18,0.36,0.56,0.08,0.86,0.18,0.12
2,0.22,0.39,0.18,0.36,0.56,0.08,0.86,0.18,0.12
2,0.05,0.13,0.17,0.77,0.64,0.34,0.63,0.33,0.2
2,0.05,0.13,0.17,0.77,0.64,0.34,0.63,0.33,0.2
2,0.05,0.13,0.17,0.77,0.64,0.34,0.63,0.33,0.2
2,0.05,0.13,0.17,0.77,0.64,0.34,0.63,0.33,0.2
2,0.05,0.13,0.17,0.77,0.64,0.34,0.63,0.33,0.2
2,0.05,0.13,0.17,0.77,0.64,0.34,0.63,0.33,0.2
2,0.05,0.13,0.17,0.77,0.64,0.34,0.63,0.33,0.2
2,0.05,0.13,0.17,0.77,0.64,0.34,0.63,0.33,0.2
2,0.05,0.13,0.17,0.77,0.64,0.34,0.63,0.33,0.2
2,0.05,0.13,0.17,0.77,0.64,0.34,0.63,0.33,0.2
2,0.05,0.13,0.17,0.77,0.64,0.34,0.63,0.33,0.2
2,0.05,0.13,0.17,0.77,0.64,0.34,0.63,0.33,0.2
2,0.7,0.14,0.16,0.59,0.39,0.19,0.65,0.41,0.18
2,0.7,0.14,0.16,0.59,0.39,0.19,0.65,0.41,0.18
2,0.7,0.14,0.16,0.59,0.39,0.19,0.65,0.41,0.18
2,0.7,0.14,0.16,0.59,0.39,0.19,0.65,0.41,0.18
2,0.7,0.14,0.16,0.59,0.39,0.19,0.65,0.41,0.18
2,0.7,0.14,0.16,0.59,0.39,0.19,0.65,0.41,0.18
2,0.7,0.14,0.16,0.59,0.39,0.19,0.65,0.41,0.18
2,0.7,0.14,0.16,0.59,0.39,0.19,0.65,0.41,0.18
2,0.7,0.14,0.16,0.59,0.39,0.19,0.65,0.41,0.18
2,0.7,0.14,0.16,0.59,0.39,0.19,0.65,0.41,0.18
2,0.7,0.14,0.16,0.59,0.39,0.19,0.65,0.41,0.18
2,0.7,0.14,0.16,0.59,0.39,0.19,0.65,0.41,0.18
2,0.87,0.26,0.21,0.52,0.77,0.46,0.71,0.3,0.09
2,0.87,0.26,0.21,0.52,0.77,0.46,0.71,0.3,0.09
2,0.87,0.26,0.21,0.52,0.77,0.46,0.71,0.3,0.09
2,0.87,0.26,0.21,0.52,0.77,0.46,0.71,0.3,0.09
2,0.87,0.26,0.21,0.52,0.77,0.46,0.71,0.3,0.09
2,0.87,0.26,0.21,0.52,0.77,0.46,0.71,0.3,0.09
2,0.87,0.26,0.21,0.52,0.77,0.46,0.71,0.3,0.09
2,0.87,0.26,0.21,0.52,0.77,0.46,0.71,0.3,0.09
2,0.87,0.26,0.21,0.52,0.77,0.46,0.71,0.3,0.09
2,0.87,0.26,0.21,0.52,0.77,0.46,0.71,0.3,0.09
2,0.87,0.26,0.21,0.52,0.77,0.46,0.71,0.3,0.09
2,0.87,0.26,0.21,0.52,0.77,0.46,0.71,0.3,0.09
2,0.08,0.24,0.09,0.39,0.5,0.15,0.81,0.28,0.09
2,0.08,0.24,0.09,0.39,0.5,0.15,0.81,0.28,0.09
2,0.08,0.24,0.09,0.39,0.5,0.15,0.81,0.28,0.09
2,0.08,0.24,0.09,0.39,0.5,0.15,0.81,0.28,0.09
2,0.08,0.24,0.09,0.39,0.5,0.15,0.81,0.28,0.09
2,0.08,0.24,0.09,0.39,0.5,0.15,0.81,0.28,0.09
2,0.08,0.24,0.09,0.39,0.5,0.15,0.81,0.28,0.09
2,0.08,0.24,0.09,0.39,0.5,0.15,0.81,0.28,0.09
2,0.08,0.24,0.09,0.39,0.5,0.15,0.81,0.28,0.09
2,0.08,0.24,0.09,0.39,0.5,0.15,0.81,0.28,0.09
2,0.08,0.24,0.09,0.39,0.5,0.15,0.81,0.28,0.09
2,0.08,0.24,0.09,0.39,0.5,0.15,0.81,0.28,0.09
2,0.06,0.11,0.13,0.41,0.3,0.06,0.8,0.28,0.05
2,0.06,0.11,0.13,0.41,0.3,0.06,0.8,0.28,0.05
2,0.06,0.11,0.13,0.41,0.3,0.06,0.8,0.28,0.05
2,0.06,0.11,0.13,0.41,0.3,0.06,0.8,0.28,0.05
2,0.06,0.11,0.13,0.41,0.3,0.06,0.8,0.28,0.05
2,0.06,0.11,0.13,0.41,0.3,0.06,0.8,0.28,0.05
2,0.06,0.11,0.13,0.41,0.3,0.06,0.8,0.28,0.05
2,0.06,0.11,0.13,0.41,0.3,0.06,0.8,0.28,0.05
2,0.06,0.11,0.13,0.41,0.3,0.06,0.8,0.28,0.05
2,0.06,0.11,0.13,0.41,0.3,0.06,0.8,0.28,0.05
2,0.06,0.11,0.13,0.41,0.3,0.06,0.8,0.28,0.05
2,0.06,0.11,0.13,0.41,0.3,0.06,0.8,0.28,0.05
2,0.07,0.08,0.13,0.57,0.42,0.05,0.8,0.3,0.05
2,0.07,0.08,0.13,0.57,0.42,0.05,0.8,0.3,0.05
2,0.07,0.08,0.13,0.57,0.42,0.05,0.8,0.3,0.05
2,0.07,0.08,0.13,0.57,0.42,0.05,0.8,0.3,0.05
2,0.07,0.08,0.13,0.57,0.42,0.05,0.8,0.3,0.05
2,0.07,0.08,0.13,0.57,0.42,0.05,0.8,0.3,0.05
2,0.07,0.08,0.13,0.57,0.42,0.05,0.8,0.3,0.05
2,0.07,0.08,0.13,0.57,0.42,0.05,0.8,0.3,0.05
2,0.07,0.08,0.13,0.57,0.42,0.05,0.8,0.3,0.05
2,0.07,0.08,0.13,0.57,0.42,0.05,0.8,0.3,0.05
2,0.07,0.08,0.13,0.57,0.42,0.05,0.8,0.3,0.05
2,0.07,0.08,0.13,0.57,0.42,0.05,0.8,0.3,0.05
2,0.37,0.45,0.21,0.56,0.26,0.05,0.73,0.28,0.16
2,0.37,0.45,0.21,0.56,0.26,0.05,0.73,0.28,0.16
2,0.37,0.45,0.21,0.56,0.26,0.05,0.73,0.28,0.16
2,0.37,0.45,0.21,0.56,0.26,0.05,0.73,0.28,0.16
2,0.37,0.45,0.21,0.56,0.26,0.05,0.73,0.28,0.16
2,0.37,0.45,0.21,0.56,0.26,0.05,0.73,0.28,0.16
2,0.37,0.45,0.21,0.56,0.26,0.05,0.73,0.28,0.16
2,0.37,0.45,0.21,0.56,0.26,0.05,0.73,0.28,0.16
2,0.37,0.45,0.21,0.56,0.26,0.05,0.73,0.28,0.16
2,0.37,0.45,0.21,0.56,0.26,0.05,0.73,0.28,0.16
2,0.37,0.45,0.21,0.56,0.26,0.05,0.73,0.28,0.16
2,0.37,0.45,0.21,0.56,0.26,0.05,0.73,0.28,0.16
2,0.13,0.31,0.12,0.37,0.41,0.09,0.67,0.24,0.09
2,0.13,0.31,0.12,0.37,0.41,0.09,0.67,0.24,0.09
2,0.13,0.31,0.12,0.37,0.41,0.09,0.67,0.24,0.09
2,0.13,0.31,0.12,0.37,0.41,0.09,0.67,0.24,0.09
2,0.13,0.31,0.12,0.37,0.41,0.09,0.67,0.24,0.09
2,0.13,0.31,0.12,0.37,0.41,0.09,0.67,0.24,0.09
2,0.13,0.31,0.12,0.37,0.41,0.09,0.67,0.24,0.09
2,0.13,0.31,0.12,0.37,0.41,0.09,0.67,0.24,0.09
2,0.13,0.31,0.12,0.37,0.41,0.09,0.67,0.24,0.09
2,0.13,0.31,0.12,0.37,0.41,0.09,0.67,0.24,0.09
2,0.13,0.31,0.12,0.37,0.41,0.09,0.67,0.24,0.09
2,0.13,0.31,0.12,0.37,0.41,0.09,0.67,0.24,0.09
2,0.55,0.2,0.2,0.43,0.36,0.06,0.72,0.31,0.2
2,0.55,0.2,0.2,0.43,0.36,0.06,0.72,0.31,0.2
2,0.55,0.2,0.2,0.43,0.36,0.06,0.72,0.31,0.2
2,0.55,0.2,0.2,0.43,0.36,0.06,0.72,0.31,0.2
2,0.55,0.2,0.2,0.43,0.36,0.06,0.72,0.31,0.2
2,0.55,0.2,0.2,0.43,0.36,0.06,0.72,0.31,0.2
2,0.55,0.2,0.2,0.43,0.36,0.06,0.72,0.31,0.2
2,0.55,0.2,0.2,0.43,0.36,0.06,0.72,0.31,0.2
2,0.55,0.2,0.2,0.43,0.36,0.06,0.72,0.31,0.2
2,0.55,0.2,0.2,0.43,0.36,0.06,0.72,0.31,0.2
2,0.55,0.2,0.2,0.43,0.36,0.06,0.72,0.31,0.2
2,0.55,0.2,0.2,0.43,0.36,0.06,0.72,0.31,0.2
2,0.06,0.02,0.13,0.75,0.64,0.1,0.81,0.36,0.1
2,0.06,0.02,0.13,0.75,0.64,0.1,0.81,0.36,0.1
2,0.06,0.02,0.13,0.75,0.64,0.1,0.81,0.36,0.1
2,0.06,0.02,0.13,0.75,0.64,0.1,0.81,0.36,0.1
2,0.06,0.02,0.13,0.75,0.64,0.1,0.81,0.36,0.1
2,0.06,0.02,0.13,0.75,0.64,0.1,0.81,0.36,0.1
2,0.06,0.02,0.13,0.75,0.64,0.1,0.81,0.36,0.1
2,0.06,0.02,0.13,0.75,0.64,0.1,0.81,0.36,0.1
2,0.06,0.02,0.13,0.75,0.64,0.1,0.81,0.36,0.1
2,0.06,0.02,0.13,0.75,0.64,0.1,0.81,0.36,0.1
2,0.06,0.02,0.13,0.75,0.64,0.1,0.81,0.36,0.1
2,0.06,0.02,0.13,0.75,0.64,0.1,0.81,0.36,0.1
2,0.04,0.03,0.11,0.59,0.66,0.19,0.58,0.33,0.1
2,0.04,0.03,0.11,0.59,0.66,0.19,0.58,0.33,0.1
2,0.04,0.03,0.11,0.59,0.66,0.19,0.58,0.33,0.1
2,0.04,0.03,0.11,0.59,0.66,0.19,0.58,0.33,0.1
2,0.04,0.03,0.11,0.59,0.66,0.19,0.58,0.33,0.1
2,0.04,0.03,0.11,0.59,0.66,0.19,0.58,0.33,0.1
2,0.04,0.03,0.11,0.59,0.66,0.19,0.58,0.33,0.1
2,0.04,0.03,0.11,0.59,0.66,0.19,0.58,0.33,0.1
2,0.04,0.03,0.11,0.59,0.66,0.19,0.58,0.33,0.1
2,0.04,0.03,0.11,0.59,0.66,0.19,0.58,0.33,0.1
2,0.04,0.03,0.11,0.59,0.66,0.19,0.58,0.33,0.1
2,0.04,0.03,0.11,0.59,0.66,0.19,0.58,0.33,0.1
2,0.04,0.09,0.13,0.61,0.38,0.17,0.54,0.37,0.17
2,0.04,0.09,0.13,0.61,0.38,0.17,0.54,0.37,0.17
2,0.04,0.09,0.13,0.61,0.38,0.17,0.54,0.37,0.17
2,0.04,0.09,0.13,0.61,0.38,0.17,0.54,0.37,0.17
2,0.04,0.09,0.13,0.61,0.38,0.17,0.54,0.37,0.17
2,0.04,0.09,0.13,0.61,0.38,0.17,0.54,0.37,0.17
2,0.04,0.09,0.13,0.61,0.38,0.17,0.54,0.37,0.17
2,0.04,0.09,0.13,0.61,0.38,0.17,0.54,0.37,0.17
2,0.04,0.09,0.13,0.61,0.38,0.17,0.54,0.37,0.17
2,0.04,0.09,0.13,0.61,0.38,0.17,0.54,0.37,0.17
2,0.04,0.09,0.13,0.61,0.38,0.17,0.54,0.37,0.17
2,0.04,0.09,0.13,0.61,0.38,0.17,0.54,0.37,0.17
2,0.24,0.08,0.15,0.57,0.76,0.13,0.6,0.35,0.09
2,0.24,0.08,0.15,0.57,0.76,0.13,0.6,0.35,0.09
2,0.24,0.08,0.15,0.57,0.76,0.13,0.6,0.35,0.09
2,0.24,0.08,0.15,0.57,0.76,0.13,0.6,0.35,0.09
2,0.24,0.08,0.15,0.57,0.76,0.13,0.6,0.35,0.09
2,0.24,0.08,0.15,0.57,0.76,0.13,0.6,0.35,0.09
2,0.24,0.08,0.15,0.57,0.76,0.13,0.6,0.35,0.09
2,0.24,0.08,0.15,0.57,0.76,0.13,0.6,0.35,0.09
2,0.24,0.08,0.15,0.57,0.76,0.13,0.6,0.35,0.09
2,0.24,0.08,0.15,0.57,0.76,0.13,0.6,0.35,0.09
2,0.24,0.08,0.15,0.57,0.76,0.13,0.6,0.35,0.09
2,0.24,0.08,0.15,0.57,0.76,0.13,0.6,0.35,0.09
2,0.12,0.3,0.18,0.45,0.81,0.27,0.73,0.38,0.07
2,0.12,0.3,0.18,0.45,0.81,0.27,0.73,0.38,0.07
2,0.12,0.3,0.18,0.45,0.81,0.27,0.73,0.38,0.07
2,0.12,0.3,0.18,0.45,0.81,0.27,0.73,0.38,0.07
2,0.12,0.3,0.18,0.45,0.81,0.27,0.73,0.38,0.07
2,0.12,0.3,0.18,0.45,0.81,0.27,0.73,0.38,0.07
2,0.12,0.3,0.18,0.45,0.81,0.27,0.73,0.38,0.07
2,0.12,0.3,0.18,0.45,0.81,0.27,0.73,0.38,0.07
2,0.12,0.3,0.18,0.45,0.81,0.27,0.73,0.38,0.07
2,0.12,0.3,0.18,0.45,0.81,0.27,0.73,0.38,0.07
2,0.12,0.3,0.18,0.45,0.81,0.27,0.73,0.38,0.07
2,0.12,0.3,0.18,0.45,0.81,0.27,0.73,0.38,0.07
2,0.13,0.31,0.14,0.3,0.74,0.07,0.71,0.37,0.08
2,0.13,0.31,0.14,0.3,0.74,0.07,0.71,0.37,0.08
2,0.13,0.31,0.14,0.3,0.74,0.07,0.71,0.37,0.08
2,0.13,0.31,0.14,0.3,0.74,0.07,0.71,0.37,0.08
2,0.13,0.31,0.14,0.3,0.74,0.07,0.71,0.37,0.08
2,0.13,0.31,0.14,0.3,0.74,0.07,0.71,0.37,0.08
2,0.13,0.31,0.14,0.3,0.74,0.07,0.71,0.37,0.08
2,0.13,0.31,0.14,0.3,0.74,0.07,0.71,0.37,0.08
2,0.13,0.31,0.14,0.3,0.74,0.07,0.71,0.37,0.08
2,0.13,0.31,0.14,0.3,0.74,0.07,0.71,0.37,0.08
2,0.13,0.31,0.14,0.3,0.74,0.07,0.71,0.37,0.08
2,0.13,0.31,0.14,0.3,0.74,0.07,0.71,0.37,0.08
2,0.83,0.35,0.11,0.41,0.68,0.06,0.46,0.23,0.11
2,0.83,0.35,0.11,0.41,0.68,0.06,0.46,0.23,0.11
2,0.83,0.35,0.11,0.41,0.68,0.06,0.46,0.23,0.11
2,0.83,0.35,0.11,0.41,0.68,0.06,0.46,0.23,0.11
2,0.83,0.35,0.11,0.41,0.68,0.06,0.46,0.23,0.11
2,0.83,0.35,0.11,0.41,0.68,0.06,0.46,0.23,0.11
2,0.83,0.35,0.11,0.41,0.68,0.06,0.46,0.23,0.11
2,0.83,0.35,0.11,0.41,0.68,0.06,0.46,0.23,0.11
2,0.83,0.35,0.11,0.41,0.68,0.06,0.46,0.23,0.11
2,0.83,0.35,0.11,0.41,0.68,0.06,0.46,0.23,0.11
2,0.83,0.35,0.11,0.41,0.68,0.06,0.46,0.23,0.11
2,0.83,0.35,0.11,0.41,0.68,0.06,0.46,0.23,0.11
2,0.05,0.07,0.14,0.46,0.29,0.07,0.83,0.27,0.15
2,0.05,0.07,0.14,0.46,0.29,0.07,0.83,0.27,0.15
2,0.05,0.07,0.14,0.46,0.29,0.07,0.83,0.27,0.15
2,0.05,0.07,0.14,0.46,0.29,0.07,0.83,0.27,0.15
2,0.05,0.07,0.14,0.46,0.29,0.07,0.83,0.27,0.15
2,0.05,0.07,0.14,0.46,0.29,0.07,0.83,0.27,0.15
2,0.05,0.07,0.14,0.46,0.29,0.07,0.83,0.27,0.15
2,0.05,0.07,0.14,0.46,0.29,0.07,0.83,0.27,0.15
2,0.05,0.07,0.14,0.46,0.29,0.07,0.83,0.27,0.15
2,0.05,0.07,0.14,0.46,0.29,0.07,0.83,0.27,0.15
2,0.05,0.07,0.14,0.46,0.29,0.07,0.83,0.27,0.15
2,0.05,0.07,0.14,0.46,0.29,0.07,0.83,0.27,0.15
3,0.06,0.05,0.14,0.55,0.44,0.22,0.73,0.35,0.11
3,0.06,0.05,0.14,0.55,0.44,0.22,0.73,0.35,0.11
3,0.06,0.05,0.14,0.55,0.44,0.22,0.73,0.35,0.11
3,0.06,0.05,0.14,0.55,0.44,0.22,0.73,0.35,0.11
3,0.06,0.05,0.14,0.55,0.44,0.22,0.73,0.35,0.11
3,0.06,0.05,0.14,0.55,0.44,0.22,0.73,0.35,0.11
3,0.06,0.05,0.14,0.55,0.44,0.22,0.73,0.35,0.11
3,0.06,0.05,0.14,0.55,0.44,0.22,0.73,0.35,0.11
3,0.06,0.05,0.14,0.55,0.44,0.22,0.73,0.35,0.11
3,0.06,0.05,0.14,0.55,0.44,0.22,0.73,0.35,0.11
3,0.06,0.05,0.14,0.55,0.44,0.22,0.73,0.35,0.11
3,0.06,0.05,0.14,0.55,0.44,0.22,0.73,0.35,0.11
3,0.55,0.4,0.11,0.41,0.44,0.16,0.67,0.38,0.2
3,0.55,0.4,0.11,0.41,0.44,0.16,0.67,0.38,0.2
3,0.55,0.4,0.11,0.41,0.44,0.16,0.67,0.38,0.2
3,0.55,0.4,0.11,0.41,0.44,0.16,0.67,0.38,0.2
3,0.55,0.4,0.11,0.41,0.44,0.16,0.67,0.38,0.2
3,0.55,0.4,0.11,0.41,0.44,0.16,0.67,0.38,0.2
3,0.55,0.4,0.11,0.41,0.44,0.16,0.67,0.38,0.2
3,0.55,0.4,0.11,0.41,0.44,0.16,0.67,0.38,0.2
3,0.55,0.4,0.11,0.41,0.44,0.16,0.67,0.38,0.2
3,0.55,0.4,0.11,0.41,0.44,0.16,0.67,0.38,0.2
3,0.55,0.4,0.11,0.41,0.44,0.16,0.67,0.38,0.2
3,0.55,0.4,0.11,0.41,0.44,0.16,0.67,0.38,0.2
3,0.09,0.08,0.11,0.47,0.37,0.14,0.6,0.32,0.15
3,0.09,0.08,0.11,0.47,0.37,0.14,0.6,0.32,0.15
3,0.09,0.08,0.11,0.47,0.37,0.14,0.6,0.32,0.15
3,0.09,0.08,0.11,0.47,0.37,0.14,0.6,0.32,0.15
3,0.09,0.08,0.11,0.47,0.37,0.14,0.6,0.32,0.15
3,0.09,0.08,0.11,0.47,0.37,0.14,0.6,0.32,0.15
3,0.09,0.08,0.11,0.47,0.37,0.14,0.6,0.32,0.15
3,0.09,0.08,0.11,0.47,0.37,0.14,0.6,0.32,0.15
3,0.09,0.08,0.11,0.47,0.37,0.14,0.6,0.32,0.15
3,0.09,0.08,0.11,0.47,0.37,0.14,0.6,0.32,0.15
3,0.09,0.08,0.11,0.47,0.37,0.14,0.6,0.32,0.15
3,0.09,0.08,0.11,0.47,0.37,0.14,0.6,0.32,0.15
3,0.31,0.43,0.14,0.64,0.61,0.16,0.88,0.25,0.17
3,0.31,0.43,0.14,0.64,0.61,0.16,0.88,0.25,0.17
3,0.31,0.43,0.14,0.64,0.61,0.16,0.88,0.25,0.17
3,0.31,0.43,0.14,0.64,0.61,0.16,0.88,0.25,0.17
3,0.31,0.43,0.14,0.64,0.61,0.16,0.88,0.25,0.17
3,0.31,0.43,0.14,0.64,0.61,0.16,0.88,0.25,0.17
3,0.31,0.43,0.14,0.64,0.61,0.16,0.88,0.25,0.17
3,0.31,0.43,0.14,0.64,0.61,0.16,0.88,0.25,0.17
3,0.31,0.43,0.14,0.64,0.61,0.16,0.88,0.25,0.17
3,0.31,0.43,0.14,0.64,0.61,0.16,0.88,0.25,0.17
3,0.31,0.43,0.14,0.64,0.61,0.16,0.88,0.25,0.17
3,0.31,0.43,0.14,0.64,0.61,0.16,0.88,0.25,0.17
3,0.18,0.23,0.13,0.43,0.53,0.5,0.72,0.34,0.19
3,0.18,0.23,0.13,0.43,0.53,0.5,0.72,0.34,0.19
3,0.18,0.23,0.13,0.43,0.53,0.5,0.72,0.34,0.19
3,0.18,0.23,0.13,0.43,0.53,0.5,0.72,0.34,0.19
3,0.18,0.23,0.13,0.43,0.53,0.5,0.72,0.34,0.19
3,0.18,0.23,0.13,0.43,0.53,0.5,0.72,0.34,0.19
3,0.18,0.23,0.13,0.43,0.53,0.5,0.72,0.34,0.19
3,0.18,0.23,0.13,0.43,0.53,0.5,0.72,0.34,0.19
3,0.18,0.23,0.13,0.43,0.53,0.5,0.72,0.34,0.19
3,0.18,0.23,0.13,0.43,0.53,0.5,0.72,0.34,0.19
3,0.18,0.23,0.13,0.43,0.53,0.5,0.72,0.34,0.19
3,0.18,0.23,0.13,0.43,0.53,0.5,0.72,0.34,0.19
3,0.57,0.48,0.1,0.58,0.66,0.23,0.68,0.35,0.13
3,0.57,0.48,0.1,0.58,0.66,0.23,0.68,0.35,0.13
3,0.57,0.48,0.1,0.58,0.66,0.23,0.68,0.35,0.13
3,0.57,0.48,0.1,0.58,0.66,0.23,0.68,0.35,0.13
3,0.57,0.48,0.1,0.58,0.66,0.23,0.68,0.35,0.13
3,0.57,0.48,0.1,0.58,0.66,0.23,0.68,0.35,0.13
3,0.57,0.48,0.1,0.58,0.66,0.23,0.68,0.35,0.13
3,0.57,0.48,0.1,0.58,0.66,0.23,0.68,0.35,0.13
3,0.57,0.48,0.1,0.58,0.66,0.23,0.68,0.35,0.13
3,0.57,0.48,0.1,0.58,0.66,0.23,0.68,0.35,0.13
3,0.57,0.48,0.1,0.58,0.66,0.23,0.68,0.35,0.13
3,0.57,0.48,0.1,0.58,0.66,0.23,0.68,0.35,0.13
3,0.06,0.1,0.17,0.53,0.49,0.12,0.7,0.33,0.14
3,0.06,0.1,0.17,0.53,0.49,0.12,0.7,0.33,0.14
3,0.06,0.1,0.17,0.53,0.49,0.12,0.7,0.33,0.14
3,0.06,0.1,0.17,0.53,0.49,0.12,0.7,0.33,0.14
3,0.06,0.1,0.17,0.53,0.49,0.12,0.7,0.33,0.14
3,0.06,0.1,0.17,0.53,0.49,0.12,0.7,0.33,0.14
3,0.06,0.1,0.17,0.53,0.49,0.12,0.7,0.33,0.14
3,0.06,0.1,0.17,0.53,0.49,0.12,0.7,0.33,0.14
3,0.06,0.1,0.17,0.53,0.49,0.12,0.7,0.33,0.14
3,0.06,0.1,0.17,0.53,0.49,0.12,0.7,0.33,0.14
3,0.06,0.1,0.17,0.53,0.49,0.12,0.7,0.33,0.14
3,0.06,0.1,0.17,0.53,0.49,0.12,0.7,0.33,0.14
3,0.3,0.43,0.13,0.53,0.48,0.39,0.72,0.37,0.19
3,0.3,0.43,0.13,0.53,0.48,0.39,0.72,0.37,0.19
3,0.3,0.43,0.13,0.53,0.48,0.39,0.72,0.37,0.19
3,0.3,0.43,0.13,0.53,0.48,0.39,0.72,0.37,0.19
3,0.3,0.43,0.13,0.53,0.48,0.39,0.72,0.37,0.19
3,0.3,0.43,0.13,0.53,0.48,0.39,0.72,0.37,0.19
3,0.3,0.43,0.13,0.53,0.48,0.39,0.72,0.37,0.19
3,0.3,0.43,0.13,0.53,0.48,0.39,0.72,0.37,0.19
3,0.3,0.43,0.13,0.53,0.48,0.39,0.72,0.37,0.19
3,0.3,0.43,0.13,0.53,0.48,0.39,0.72,0.37,0.19
3,0.3,0.43,0.13,0.53,0.48,0.39,0.72,0.37,0.19
3,0.3,0.43,0.13,0.53,0.48,0.39,0.72,0.37,0.19
3,0.2,0.34,0.11,0.49,0.4,0.31,0.54,0.39,0.16
3,0.2,0.34,0.11,0.49,0.4,0.31,0.54,0.39,0.16
3,0.2,0.34,0.11,0.49,0.4,0.31,0.54,0.39,0.16
3,0.2,0.34,0.11,0.49,0.4,0.31,0.54,0.39,0.16
3,0.2,0.34,0.11,0.49,0.4,0.31,0.54,0.39,0.16
3,0.2,0.34,0.11,0.49,0.4,0.31,0.54,0.39,0.16
3,0.2,0.34,0.11,0.49,0.4,0.31,0.54,0.39,0.16
3,0.2,0.34,0.11,0.49,0.4,0.31,0.54,0.39,0.16
3,0.2,0.34,0.11,0.49,0.4,0.31,0.54,0.39,0.16
3,0.2,0.34,0.11,0.49,0.4,0.31,0.54,0.39,0.16
3,0.2,0.34,0.11,0.49,0.4,0.31,0.54,0.39,0.16
3,0.2,0.34,0.11,0.49,0.4,0.31,0.54,0.39,0.16
3,0.32,0.41,0.13,0.36,0.4,0.89,0.47,0.3,0.14
3,0.32,0.41,0.13,0.36,0.4,0.89,0.47,0.3,0.14
3,0.32,0.41,0.13,0.36,0.4,0.89,0.47,0.3,0.14
3,0.32,0.41,0.13,0.36,0.4,0.89,0.47,0.3,0.14
3,0.32,0.41,0.13,0.36,0.4,0.89,0.47,0.3,0.14
3,0.32,0.41,0.13,0.36,0.4,0.89,0.47,0.3,0.14
3,0.32,0.41,0.13,0.36,0.4,0.89,0.47,0.3,0.14
3,0.32,0.41,0.13,0.36,0.4,0.89,0.47,0.3,0.14
3,0.32,0.41,0.13,0.36,0.4,0.89,0.47,0.3,0.14
3,0.32,0.41,0.13,0.36,0.4,0.89,0.47,0.3,0.14
3,0.32,0.41,0.13,0.36,0.4,0.89,0.47,0.3,0.14
3,0.32,0.41,0.13,0.36,0.4,0.89,0.47,0.3,0.14
3,0.32,0.42,0.13,0.37,0.4,0.82,0.51,0.3,0.15
3,0.32,0.42,0.13,0.37,0.4,0.82,0.51,0.3,0.15
3,0.32,0.42,0.13,0.37,0.4,0.82,0.51,0.3,0.15
3,0.32,0.42,0.13,0.37,0.4,0.82,0.51,0.3,0.15
3,0.32,0.42,0.13,0.37,0.4,0.82,0.51,0.3,0.15
3,0.32,0.42,0.13,0.37,0.4,0.82,0.51,0.3,0.15
3,0.32,0.42,0.13,0.37,0.4,0.82,0.51,0.3,0.15
3,0.32,0.42,0.13,0.37,0.4,0.82,0.51,0.3,0.15
3,0.32,0.42,0.13,0.37,0.4,0.82,0.51,0.3,0.15
3,0.32,0.42,0.13,0.37,0.4,0.82,0.51,0.3,0.15
3,0.32,0.42,0.13,0.37,0.4,0.82,0.51,0.3,0.15
3,0.32,0.42,0.13,0.37,0.4,0.82,0.51,0.3,0.15
3,0.34,0.43,0.12,0.37,0.42,0.53,0.7,0.24,0.13
3,0.34,0.43,0.12,0.37,0.42,0.53,0.7,0.24,0.13
3,0.34,0.43,0.12,0.37,0.42,0.53,0.7,0.24,0.13
3,0.34,0.43,0.12,0.37,0.42,0.53,0.7,0.24,0.13
3,0.34,0.43,0.12,0.37,0.42,0.53,0.7,0.24,0.13
3,0.34,0.43,0.12,0.37,0.42,0.53,0.7,0.24,0.13
3,0.34,0.43,0.12,0.37,0.42,0.53,0.7,0.24,0.13
3,0.34,0.43,0.12,0.37,0.42,0.53,0.7,0.24,0.13
3,0.34,0.43,0.12,0.37,0.42,0.53,0.7,0.24,0.13
3,0.34,0.43,0.12,0.37,0.42,0.53,0.7,0.24,0.13
3,0.34,0.43,0.12,0.37,0.42,0.53,0.7,0.24,0.13
3,0.34,0.43,0.12,0.37,0.42,0.53,0.7,0.24,0.13
3,0.07,0.11,0.15,0.57,0.57,0.36,0.62,0.33,0.15
3,0.07,0.11,0.15,0.57,0.57,0.36,0.62,0.33,0.15
3,0.07,0.11,0.15,0.57,0.57,0.36,0.62,0.33,0.15
3,0.07,0.11,0.15,0.57,0.57,0.36,0.62,0.33,0.15
3,0.07,0.11,0.15,0.57,0.57,0.36,0.62,0.33,0.15
3,0.07,0.11,0.15,0.57,0.57,0.36,0.62,0.33,0.15
3,0.07,0.11,0.15,0.57,0.57,0.36,0.62,0.33,0.15
3,0.07,0.11,0.15,0.57,0.57,0.36,0.62,0.33,0.15
3,0.07,0.11,0.15,0.57,0.57,0.36,0.62,0.33,0.15
3,0.07,0.11,0.15,0.57,0.57,0.36,0.62,0.33,0.15
3,0.07,0.11,0.15,0.57,0.57,0.36,0.62,0.33,0.15
3,0.07,0.11,0.15,0.57,0.57,0.36,0.62,0.33,0.15
3,0.12,0.18,0.14,0.54,0.46,0.29,0.44,0.34,0.17
3,0.12,0.18,0.14,0.54,0.46,0.29,0.44,0.34,0.17
3,0.12,0.18,0.14,0.54,0.46,0.29,0.44,0.34,0.17
3,0.12,0.18,0.14,0.54,0.46,0.29,0.44,0.34,0.17
3,0.12,0.18,0.14,0.54,0.46,0.29,0.44,0.34,0.17
3,0.12,0.18,0.14,0.54,0.46,0.29,0.44,0.34,0.17
3,0.12,0.18,0.14,0.54,0.46,0.29,0.44,0.34,0.17
3,0.12,0.18,0.14,0.54,0.46,0.29,0.44,0.34,0.17
3,0.12,0.18,0.14,0.54,0.46,0.29,0.44,0.34,0.17
3,0.12,0.18,0.14,0.54,0.46,0.29,0.44,0.34,0.17
3,0.12,0.18,0.14,0.54,0.46,0.29,0.44,0.34,0.17
3,0.12,0.18,0.14,0.54,0.46,0.29,0.44,0.34,0.17
3,0.16,0.31,0.16,0.62,0.5,0.14,0.4,0.32,0.16
3,0.16,0.31,0.16,0.62,0.5,0.14,0.4,0.32,0.16
3,0.16,0.31,0.16,0.62,0.5,0.14,0.4,0.32,0.16
3,0.16,0.31,0.16,0.62,0.5,0.14,0.4,0.32,0.16
3,0.16,0.31,0.16,0.62,0.5,0.14,0.4,0.32,0.16
3,0.16,0.31,0.16,0.62,0.5,0.14,0.4,0.32,0.16
3,0.16,0.31,0.16,0.62,0.5,0.14,0.4,0.32,0.16
3,0.16,0.31,0.16,0.62,0.5,0.14,0.4,0.32,0.16
3,0.16,0.31,0.16,0.62,0.5,0.14,0.4,0.32,0.16
3,0.16,0.31,0.16,0.62,0.5,0.14,0.4,0.32,0.16
3,0.16,0.31,0.16,0.62,0.5,0.14,0.4,0.32,0.16
3,0.16,0.31,0.16,0.62,0.5,0.14,0.4,0.32,0.16
3,0.22,0.37,0.15,0.6,0.5,0.23,0.68,0.35,0.16
3,0.22,0.37,0.15,0.6,0.5,0.23,0.68,0.35,0.16
3,0.22,0.37,0.15,0.6,0.5,0.23,0.68,0.35,0.16
3,0.22,0.37,0.15,0.6,0.5,0.23,0.68,0.35,0.16
3,0.22,0.37,0.15,0.6,0.5,0.23,0.68,0.35,0.16
3,0.22,0.37,0.15,0.6,0.5,0.23,0.68,0.35,0.16
3,0.22,0.37,0.15,0.6,0.5,0.23,0.68,0.35,0.16
3,0.22,0.37,0.15,0.6,0.5,0.23,0.68,0.35,0.16
3,0.22,0.37,0.15,0.6,0.5,0.23,0.68,0.35,0.16
3,0.22,0.37,0.15,0.6,0.5,0.23,0.68,0.35,0.16
3,0.22,0.37,0.15,0.6,0.5,0.23,0.68,0.35,0.16
3,0.22,0.37,0.15,0.6,0.5,0.23,0.68,0.35,0.16
3,0.06,0.1,0.11,0.5,0.37,0.15,0.62,0.33,0.13
3,0.06,0.1,0.11,0.5,0.37,0.15,0.62,0.33,0.13
3,0.06,0.1,0.11,0.5,0.37,0.15,0.62,0.33,0.13
3,0.06,0.1,0.11,0.5,0.37,0.15,0.62,0.33,0.13
3,0.06,0.1,0.11,0.5,0.37,0.15,0.62,0.33,0.13
3,0.06,0.1,0.11,0.5,0.37,0.15,0.62,0.33,0.13
3,0.06,0.1,0.11,0.5,0.37,0.15,0.62,0.33,0.13
3,0.06,0.1,0.11,0.5,0.37,0.15,0.62,0.33,0.13
3,0.06,0.1,0.11,0.5,0.37,0.15,0.62,0.33,0.13
3,0.06,0.1,0.11,0.5,0.37,0.15,0.62,0.33,0.13
3,0.06,0.1,0.11,0.5,0.37,0.15,0.62,0.33,0.13
3,0.06,0.1,0.11,0.5,0.37,0.15,0.62,0.33,0.13
3,0.06,0.1,0.1,0.48,0.3,0.16,0.68,0.32,0.12
3,0.06,0.1,0.1,0.48,0.3,0.16,0.68,0.32,0.12
3,0.06,0.1,0.1,0.48,0.3,0.16,0.68,0.32,0.12
3,0.06,0.1,0.1,0.48,0.3,0.16,0.68,0.32,0.12
3,0.06,0.1,0.1,0.48,0.3,0.16,0.68,0.32,0.12
3,0.06,0.1,0.1,0.48,0.3,0.16,0.68,0.32,0.12
3,0.06,0.1,0.1,0.48,0.3,0.16,0.68,0.32,0.12
3,0.06,0.1,0.1,0.48,0.3,0.16,0.68,0.32,0.12
3,0.06,0.1,0.1,0.48,0.3,0.16,0.68,0.32,0.12
3,0.06,0.1,0.1,0.48,0.3,0.16,0.68,0.32,0.12
3,0.06,0.1,0.1,0.48,0.3,0.16,0.68,0.32,0.12
3,0.06,0.1,0.1,0.48,0.3,0.16,0.68,0.32,0.12
3,0.07,0.17,0.19,0.61,0.53,0.18,0.71,0.35,0.24
3,0.07,0.17,0.19,0.61,0.53,0.18,0.71,0.35,0.24
3,0.07,0.17,0.19,0.61,0.53,0.18,0.71,0.35,0.24
3,0.07,0.17,0.19,0.61,0.53,0.18,0.71,0.35,0.24
3,0.07,0.17,0.19,0.61,0.53,0.18,0.71,0.35,0.24
3,0.07,0.17,0.19,0.61,0.53,0.18,0.71,0.35,0.24
3,0.07,0.17,0.19,0.61,0.53,0.18,0.71,0.35,0.24
3,0.07,0.17,0.19,0.61,0.53,0.18,0.71,0.35,0.24
3,0.07,0.17,0.19,0.61,0.53,0.18,0.71,0.35,0.24
3,0.07,0.17,0.19,0.61,0.53,0.18,0.71,0.35,0.24
3,0.07,0.17,0.19,0.61,0.53,0.18,0.71,0.35,0.24
3,0.07,0.17,0.19,0.61,0.53,0.18,0.71,0.35,0.24
3,0.05,0.18,0.17,0.63,0.65,0.1,0.72,0.36,0.18
3,0.05,0.18,0.17,0.63,0.65,0.1,0.72,0.36,0.18
3,0.05,0.18,0.17,0.63,0.65,0.1,0.72,0.36,0.18
3,0.05,0.18,0.17,0.63,0.65,0.1,0.72,0.36,0.18
3,0.05,0.18,0.17,0.63,0.65,0.1,0.72,0.36,0.18
3,0.05,0.18,0.17,0.63,0.65,0.1,0.72,0.36,0.18
3,0.05,0.18,0.17,0.63,0.65,0.1,0.72,0.36,0.18
3,0.05,0.18,0.17,0.63,0.65,0.1,0.72,0.36,0.18
3,0.05,0.18,0.17,0.63,0.65,0.1,0.72,0.36,0.18
3,0.05,0.18,0.17,0.63,0.65,0.1,0.72,0.36,0.18
3,0.05,0.18,0.17,0.63,0.65,0.1,0.72,0.36,0.18
3,0.05,0.18,0.17,0.63,0.65,0.1,0.72,0.36,0.18
3,0.2,0.07,0.13,0.61,0.56,0.11,0.82,0.2,0.13
3,0.2,0.07,0.13,0.61,0.56,0.11,0.82,0.2,0.13
3,0.2,0.07,0.13,0.61,0.56,0.11,0.82,0.2,0.13
3,0.2,0.07,0.13,0.61,0.56,0.11,0.82,0.2,0.13
3,0.2,0.07,0.13,0.61,0.56,0.11,0.82,0.2,0.13
3,0.2,0.07,0.13,0.61,0.56,0.11,0.82,0.2,0.13
3,0.2,0.07,0.13,0.61,0.56,0.11,0.82,0.2,0.13
3,0.2,0.07,0.13,0.61,0.56,0.11,0.82,0.2,0.13
3,0.2,0.07,0.13,0.61,0.56,0.11,0.82,0.2,0.13
3,0.2,0.07,0.13,0.61,0.56,0.11,0.82,0.2,0.13
3,0.2,0.07,0.13,0.61,0.56,0.11,0.82,0.2,0.13
3,0.2,0.07,0.13,0.61,0.56,0.11,0.82,0.2,0.13
3,0.06,0.03,0.14,0.54,0.49,0.24,0.66,0.37,0.1
3,0.06,0.03,0.14,0.54,0.49,0.24,0.66,0.37,0.1
3,0.06,0.03,0.14,0.54,0.49,0.24,0.66,0.37,0.1
3,0.06,0.03,0.14,0.54,0.49,0.24,0.66,0.37,0.1
3,0.06,0.03,0.14,0.54,0.49,0.24,0.66,0.37,0.1
3,0.06,0.03,0.14,0.54,0.49,0.24,0.66,0.37,0.1
3,0.06,0.03,0.14,0.54,0.49,0.24,0.66,0.37,0.1
3,0.06,0.03,0.14,0.54,0.49,0.24,0.66,0.37,0.1
3,0.06,0.03,0.14,0.54,0.49,0.24,0.66,0.37,0.1
3,0.06,0.03,0.14,0.54,0.49,0.24,0.66,0.37,0.1
3,0.06,0.03,0.14,0.54,0.49,0.24,0.66,0.37,0.1
3,0.06,0.03,0.14,0.54,0.49,0.24,0.66,0.37,0.1
3,0.09,0.16,0.16,0.48,0.4,0.53,0.3,0.33,0.15
3,0.09,0.16,0.16,0.48,0.4,0.53,0.3,0.33,0.15
3,0.09,0.16,0.16,0.48,0.4,0.53,0.3,0.33,0.15
3,0.09,0.16,0.16,0.48,0.4,0.53,0.3,0.33,0.15
3,0.09,0.16,0.16,0.48,0.4,0.53,0.3,0.33,0.15
3,0.09,0.16,0.16,0.48,0.4,0.53,0.3,0.33,0.15
3,0.09,0.16,0.16,0.48,0.4,0.53,0.3,0.33,0.15
3,0.09,0.16,0.16,0.48,0.4,0.53,0.3,0.33,0.15
3,0.09,0.16,0.16,0.48,0.4,0.53,0.3,0.33,0.15
3,0.09,0.16,0.16,0.48,0.4,0.53,0.3,0.33,0.15
3,0.09,0.16,0.16,0.48,0.4,0.53,0.3,0.33,0.15
3,0.09,0.16,0.16,0.48,0.4,0.53,0.3,0.33,0.15
3,0.05,0.08,0.13,0.59,0.52,0.2,0.78,0.28,0.12
3,0.05,0.08,0.13,0.59,0.52,0.2,0.78,0.28,0.12
3,0.05,0.08,0.13,0.59,0.52,0.2,0.78,0.28,0.12
3,0.05,0.08,0.13,0.59,0.52,0.2,0.78,0.28,0.12
3,0.05,0.08,0.13,0.59,0.52,0.2,0.78,0.28,0.12
3,0.05,0.08,0.13,0.59,0.52,0.2,0.78,0.28,0.12
3,0.05,0.08,0.13,0.59,0.52,0.2,0.78,0.28,0.12
3,0.05,0.08,0.13,0.59,0.52,0.2,0.78,0.28,0.12
3,0.05,0.08,0.13,0.59,0.52,0.2,0.78,0.28,0.12
3,0.05,0.08,0.13,0.59,0.52,0.2,0.78,0.28,0.12
3,0.05,0.08,0.13,0.59,0.52,0.2,0.78,0.28,0.12
3,0.05,0.08,0.13,0.59,0.52,0.2,0.78,0.28,0.12
3,0.05,0.07,0.14,0.56,0.51,0.29,0.8,0.2,0.12
3,0.05,0.07,0.14,0.56,0.51,0.29,0.8,0.2,0.12
3,0.05,0.07,0.14,0.56,0.51,0.29,0.8,0.2,0.12
3,0.05,0.07,0.14,0.56,0.51,0.29,0.8,0.2,0.12
3,0.05,0.07,0.14,0.56,0.51,0.29,0.8,0.2,0.12
3,0.05,0.07,0.14,0.56,0.51,0.29,0.8,0.2,0.12
3,0.05,0.07,0.14,0.56,0.51,0.29,0.8,0.2,0.12
3,0.05,0.07,0.14,0.56,0.51,0.29,0.8,0.2,0.12
3,0.05,0.07,0.14,0.56,0.51,0.29,0.8,0.2,0.12
3,0.05,0.07,0.14,0.56,0.51,0.29,0.8,0.2,0.12
3,0.05,0.07,0.14,0.56,0.51,0.29,0.8,0.2,0.12
3,0.05,0.07,0.14,0.56,0.51,0.29,0.8,0.2,0.12
3,0.08,0.21,0.12,0.52,0.5,0.14,0.7,0.32,0.13
3,0.08,0.21,0.12,0.52,0.5,0.14,0.7,0.32,0.13
3,0.08,0.21,0.12,0.52,0.5,0.14,0.7,0.32,0.13
3,0.08,0.21,0.12,0.52,0.5,0.14,0.7,0.32,0.13
3,0.08,0.21,0.12,0.52,0.5,0.14,0.7,0.32,0.13
3,0.08,0.21,0.12,0.52,0.5,0.14,0.7,0.32,0.13
3,0.08,0.21,0.12,0.52,0.5,0.14,0.7,0.32,0.13
3,0.08,0.21,0.12,0.52,0.5,0.14,0.7,0.32,0.13
3,0.08,0.21,0.12,0.52,0.5,0.14,0.7,0.32,0.13
3,0.08,0.21,0.12,0.52,0.5,0.14,0.7,0.32,0.13
3,0.08,0.21,0.12,0.52,0.5,0.14,0.7,0.32,0.13
3,0.08,0.21,0.12,0.52,0.5,0.14,0.7,0.32,0.13
3,0.14,0.32,0.12,0.45,0.54,0.35,0.72,0.24,0.16
3,0.14,0.32,0.12,0.45,0.54,0.35,0.72,0.24,0.16
3,0.14,0.32,0.12,0.45,0.54,0.35,0.72,0.24,0.16
3,0.14,0.32,0.12,0.45,0.54,0.35,0.72,0.24,0.16
3,0.14,0.32,0.12,0.45,0.54,0.35,0.72,0.24,0.16
3,0.14,0.32,0.12,0.45,0.54,0.35,0.72,0.24,0.16
3,0.14,0.32,0.12,0.45,0.54,0.35,0.72,0.24,0.16
3,0.14,0.32,0.12,0.45,0.54,0.35,0.72,0.24,0.16
3,0.14,0.32,0.12,0.45,0.54,0.35,0.72,0.24,0.16
3,0.14,0.32,0.12,0.45,0.54,0.35,0.72,0.24,0.16
3,0.14,0.32,0.12,0.45,0.54,0.35,0.72,0.24,0.16
3,0.14,0.32,0.12,0.45,0.54,0.35,0.72,0.24,0.16
3,0.03,0.05,0.09,0.55,0.59,0.32,0.55,0.39,0.09
3,0.03,0.05,0.09,0.55,0.59,0.32,0.55,0.39,0.09
3,0.03,0.05,0.09,0.55,0.59,0.32,0.55,0.39,0.09
3,0.03,0.05,0.09,0.55,0.59,0.32,0.55,0.39,0.09
3,0.03,0.05,0.09,0.55,0.59,0.32,0.55,0.39,0.09
3,0.03,0.05,0.09,0.55,0.59,0.32,0.55,0.39,0.09
3,0.03,0.05,0.09,0.55,0.59,0.32,0.55,0.39,0.09
3,0.03,0.05,0.09,0.55,0.59,0.32,0.55,0.39,0.09
3,0.03,0.05,0.09,0.55,0.59,0.32,0.55,0.39,0.09
3,0.03,0.05,0.09,0.55,0.59,0.32,0.55,0.39,0.09
3,0.03,0.05,0.09,0.55,0.59,0.32,0.55,0.39,0.09
3,0.03,0.05,0.09,0.55,0.59,0.32,0.55,0.39,0.09
3,0.1,0.09,0.18,0.65,0.43,0.22,0.81,0.29,0.18
3,0.1,0.09,0.18,0.65,0.43,0.22,0.81,0.29,0.18
3,0.1,0.09,0.18,0.65,0.43,0.22,0.81,0.29,0.18
3,0.1,0.09,0.18,0.65,0.43,0.22,0.81,0.29,0.18
3,0.1,0.09,0.18,0.65,0.43,0.22,0.81,0.29,0.18
3,0.1,0.09,0.18,0.65,0.43,0.22,0.81,0.29,0.18
3,0.1,0.09,0.18,0.65,0.43,0.22,0.81,0.29,0.18
3,0.1,0.09,0.18,0.65,0.43,0.22,0.81,0.29,0.18
3,0.1,0.09,0.18,0.65,0.43,0.22,0.81,0.29,0.18
3,0.1,0.09,0.18,0.65,0.43,0.22,0.81,0.29,0.18
3,0.1,0.09,0.18,0.65,0.43,0.22,0.81,0.29,0.18
3,0.1,0.09,0.18,0.65,0.43,0.22,0.81,0.29,0.18
3,0.17,0.32,0.17,0.47,0.47,0.3,0.75,0.36,0.2
3,0.17,0.32,0.17,0.47,0.47,0.3,0.75,0.36,0.2
3,0.17,0.32,0.17,0.47,0.47,0.3,0.75,0.36,0.2
3,0.17,0.32,0.17,0.47,0.47,0.3,0.75,0.36,0.2
3,0.17,0.32,0.17,0.47,0.47,0.3,0.75,0.36,0.2
3,0.17,0.32,0.17,0.47,0.47,0.3,0.75,0.36,0.2
3,0.17,0.32,0.17,0.47,0.47,0.3,0.75,0.36,0.2
3,0.17,0.32,0.17,0.47,0.47,0.3,0.75,0.36,0.2
3,0.17,0.32,0.17,0.47,0.47,0.3,0.75,0.36,0.2
3,0.17,0.32,0.17,0.47,0.47,0.3,0.75,0.36,0.2
3,0.17,0.32,0.17,0.47,0.47,0.3,0.75,0.36,0.2
3,0.17,0.32,0.17,0.47,0.47,0.3,0.75,0.36,0.2
3,0.04,0.12,0.06,0.68,0.58,0.25,0.79,0.35,0.15
3,0.04,0.12,0.06,0.68,0.58,0.25,0.79,0.35,0.15
3,0.04,0.12,0.06,0.68,0.58,0.25,0.79,0.35,0.15
3,0.04,0.12,0.06,0.68,0.58,0.25,0.79,0.35,0.15
3,0.04,0.12,0.06,0.68,0.58,0.25,0.79,0.35,0.15
3,0.04,0.12,0.06,0.68,0.58,0.25,0.79,0.35,0.15
3,0.04,0.12,0.06,0.68,0.58,0.25,0.79,0.35,0.15
3,0.04,0.12,0.06,0.68,0.58,0.25,0.79,0.35,0.15
3,0.04,0.12,0.06,0.68,0.58,0.25,0.79,0.35,0.15
3,0.04,0.12,0.06,0.68,0.58,0.25,0.79,0.35,0.15
3,0.04,0.12,0.06,0.68,0.58,0.25,0.79,0.35,0.15
3,0.04,0.12,0.06,0.68,0.58,0.25,0.79,0.35,0.15
3,0.07,0.07,0.17,0.6,0.52,0.24,0.61,0.38,0.15
3,0.07,0.07,0.17,0.6,0.52,0.24,0.61,0.38,0.15
3,0.07,0.07,0.17,0.6,0.52,0.24,0.61,0.38,0.15
3,0.07,0.07,0.17,0.6,0.52,0.24,0.61,0.38,0.15
3,0.07,0.07,0.17,0.6,0.52,0.24,0.61,0.38,0.15
3,0.07,0.07,0.17,0.6,0.52,0.24,0.61,0.38,0.15
3,0.07,0.07,0.17,0.6,0.52,0.24,0.61,0.38,0.15
3,0.07,0.07,0.17,0.6,0.52,0.24,0.61,0.38,0.15
3,0.07,0.07,0.17,0.6,0.52,0.24,0.61,0.38,0.15
3,0.07,0.07,0.17,0.6,0.52,0.24,0.61,0.38,0.15
3,0.07,0.07,0.17,0.6,0.52,0.24,0.61,0.38,0.15
3,0.07,0.07,0.17,0.6,0.52,0.24,0.61,0.38,0.15
3,0.1,0.1,0.15,0.51,0.5,0.13,0.48,0.37,0.17
3,0.1,0.1,0.15,0.51,0.5,0.13,0.48,0.37,0.17
3,0.1,0.1,0.15,0.51,0.5,0.13,0.48,0.37,0.17
3,0.1,0.1,0.15,0.51,0.5,0.13,0.48,0.37,0.17
3,0.1,0.1,0.15,0.51,0.5,0.13,0.48,0.37,0.17
3,0.1,0.1,0.15,0.51,0.5,0.13,0.48,0.37,0.17
3,0.1,0.1,0.15,0.51,0.5,0.13,0.48,0.37,0.17
3,0.1,0.1,0.15,0.51,0.5,0.13,0.48,0.37,0.17
3,0.1,0.1,0.15,0.51,0.5,0.13,0.48,0.37,0.17
3,0.1,0.1,0.15,0.51,0.5,0.13,0.48,0.37,0.17
3,0.1,0.1,0.15,0.51,0.5,0.13,0.48,0.37,0.17
3,0.1,0.1,0.15,0.51,0.5,0.13,0.48,0.37,0.17
3,0.28,0.42,0.18,0.41,0.38,0.44,0.67,0.33,0.16
3,0.28,0.42,0.18,0.41,0.38,0.44,0.67,0.33,0.16
3,0.28,0.42,0.18,0.41,0.38,0.44,0.67,0.33,0.16
3,0.28,0.42,0.18,0.41,0.38,0.44,0.67,0.33,0.16
3,0.28,0.42,0.18,0.41,0.38,0.44,0.67,0.33,0.16
3,0.28,0.42,0.18,0.41,0.38,0.44,0.67,0.33,0.16
3,0.28,0.42,0.18,0.41,0.38,0.44,0.67,0.33,0.16
3,0.28,0.42,0.18,0.41,0.38,0.44,0.67,0.33,0.16
3,0.28,0.42,0.18,0.41,0.38,0.44,0.67,0.33,0.16
3,0.28,0.42,0.18,0.41,0.38,0.44,0.67,0.33,0.16
3,0.28,0.42,0.18,0.41,0.38,0.44,0.67,0.33,0.16
3,0.28,0.42,0.18,0.41,0.38,0.44,0.67,0.33,0.16
3,0.22,0.35,0.16,0.43,0.42,0.61,0.66,0.41,0.19
3,0.22,0.35,0.16,0.43,0.42,0.61,0.66,0.41,0.19
3,0.22,0.35,0.16,0.43,0.42,0.61,0.66,0.41,0.19
3,0.22,0.35,0.16,0.43,0.42,0.61,0.66,0.41,0.19
3,0.22,0.35,0.16,0.43,0.42,0.61,0.66,0.41,0.19
3,0.22,0.35,0.16,0.43,0.42,0.61,0.66,0.41,0.19
3,0.22,0.35,0.16,0.43,0.42,0.61,0.66,0.41,0.19
3,0.22,0.35,0.16,0.43,0.42,0.61,0.66,0.41,0.19
3,0.22,0.35,0.16,0.43,0.42,0.61,0.66,0.41,0.19
3,0.22,0.35,0.16,0.43,0.42,0.61,0.66,0.41,0.19
3,0.22,0.35,0.16,0.43,0.42,0.61,0.66,0.41,0.19
3,0.22,0.35,0.16,0.43,0.42,0.61,0.66,0.41,0.19
3,0.11,0.26,0.14,0.44,0.42,0.12,0.75,0.34,0.14
3,0.11,0.26,0.14,0.44,0.42,0.12,0.75,0.34,0.14
3,0.11,0.26,0.14,0.44,0.42,0.12,0.75,0.34,0.14
3,0.11,0.26,0.14,0.44,0.42,0.12,0.75,0.34,0.14
3,0.11,0.26,0.14,0.44,0.42,0.12,0.75,0.34,0.14
3,0.11,0.26,0.14,0.44,0.42,0.12,0.75,0.34,0.14
3,0.11,0.26,0.14,0.44,0.42,0.12,0.75,0.34,0.14
3,0.11,0.26,0.14,0.44,0.42,0.12,0.75,0.34,0.14
3,0.11,0.26,0.14,0.44,0.42,0.12,0.75,0.34,0.14
3,0.11,0.26,0.14,0.44,0.42,0.12,0.75,0.34,0.14
3,0.11,0.26,0.14,0.44,0.42,0.12,0.75,0.34,0.14
3,0.11,0.26,0.14,0.44,0.42,0.12,0.75,0.34,0.14
3,0.22,0.38,0.18,0.39,0.44,0.12,0.66,0.32,0.11
3,0.22,0.38,0.18,0.39,0.44,0.12,0.66,0.32,0.11
3,0.22,0.38,0.18,0.39,0.44,0.12,0.66,0.32,0.11
3,0.22,0.38,0.18,0.39,0.44,0.12,0.66,0.32,0.11
3,0.22,0.38,0.18,0.39,0.44,0.12,0.66,0.32,0.11
3,0.22,0.38,0.18,0.39,0.44,0.12,0.66,0.32,0.11
3,0.22,0.38,0.18,0.39,0.44,0.12,0.66,0.32,0.11
3,0.22,0.38,0.18,0.39,0.44,0.12,0.66,0.32,0.11
3,0.22,0.38,0.18,0.39,0.44,0.12,0.66,0.32,0.11
3,0.22,0.38,0.18,0.39,0.44,0.12,0.66,0.32,0.11
3,0.22,0.38,0.18,0.39,0.44,0.12,0.66,0.32,0.11
3,0.22,0.38,0.18,0.39,0.44,0.12,0.66,0.32,0.11
3,0.07,0.14,0.21,0.53,0.45,0.2,0.75,0.39,0.28
3,0.07,0.14,0.21,0.53,0.45,0.2,0.75,0.39,0.28
3,0.07,0.14,0.21,0.53,0.45,0.2,0.75,0.39,0.28
3,0.07,0.14,0.21,0.53,0.45,0.2,0.75,0.39,0.28
3,0.07,0.14,0.21,0.53,0.45,0.2,0.75,0.39,0.28
3,0.07,0.14,0.21,0.53,0.45,0.2,0.75,0.39,0.28
3,0.07,0.14,0.21,0.53,0.45,0.2,0.75,0.39,0.28
3,0.07,0.14,0.21,0.53,0.45,0.2,0.75,0.39,0.28
3,0.07,0.14,0.21,0.53,0.45,0.2,0.75,0.39,0.28
3,0.07,0.14,0.21,0.53,0.45,0.2,0.75,0.39,0.28
3,0.07,0.14,0.21,0.53,0.45,0.2,0.75,0.39,0.28
3,0.07,0.14,0.21,0.53,0.45,0.2,0.75,0.39,0.28
3,0.12,0.2,0.18,0.5,0.48,0.24,0.76,0.35,0.16
3,0.12,0.2,0.18,0.5,0.48,0.24,0.76,0.35,0.16
3,0.12,0.2,0.18,0.5,0.48,0.24,0.76,0.35,0.16
3,0.12,0.2,0.18,0.5,0.48,0.24,0.76,0.35,0.16
3,0.12,0.2,0.18,0.5,0.48,0.24,0.76,0.35,0.16
3,0.12,0.2,0.18,0.5,0.48,0.24,0.76,0.35,0.16
3,0.12,0.2,0.18,0.5,0.48,0.24,0.76,0.35,0.16
3,0.12,0.2,0.18,0.5,0.48,0.24,0.76,0.35,0.16
3,0.12,0.2,0.18,0.5,0.48,0.24,0.76,0.35,0.16
3,0.12,0.2,0.18,0.5,0.48,0.24,0.76,0.35,0.16
3,0.12,0.2,0.18,0.5,0.48,0.24,0.76,0.35,0.16
3,0.12,0.2,0.18,0.5,0.48,0.24,0.76,0.35,0.16
3,0.29,0.43,0.14,0.55,0.62,0.34,0.58,0.37,0.15
3,0.29,0.43,0.14,0.55,0.62,0.34,0.58,0.37,0.15
3,0.29,0.43,0.14,0.55,0.62,0.34,0.58,0.37,0.15
3,0.29,0.43,0.14,0.55,0.62,0.34,0.58,0.37,0.15
3,0.29,0.43,0.14,0.55,0.62,0.34,0.58,0.37,0.15
3,0.29,0.43,0.14,0.55,0.62,0.34,0.58,0.37,0.15
3,0.29,0.43,0.14,0.55,0.62,0.34,0.58,0.37,0.15
3,0.29,0.43,0.14,0.55,0.62,0.34,0.58,0.37,0.15
3,0.29,0.43,0.14,0.55,0.62,0.34,0.58,0.37,0.15
3,0.29,0.43,0.14,0.55,0.62,0.34,0.58,0.37,0.15
3,0.29,0.43,0.14,0.55,0.62,0.34,0.58,0.37,0.15
3,0.29,0.43,0.14,0.55,0.62,0.34,0.58,0.37,0.15
3,0.25,0.37,0.13,0.52,0.5,0.45,0.57,0.38,0.14
3,0.25,0.37,0.13,0.52,0.5,0.45,0.57,0.38,0.14
3,0.25,0.37,0.13,0.52,0.5,0.45,0.57,0.38,0.14
3,0.25,0.37,0.13,0.52,0.5,0.45,0.57,0.38,0.14
3,0.25,0.37,0.13,0.52,0.5,0.45,0.57,0.38,0.14
3,0.25,0.37,0.13,0.52,0.5,0.45,0.57,0.38,0.14
3,0.25,0.37,0.13,0.52,0.5,0.45,0.57,0.38,0.14
3,0.25,0.37,0.13,0.52,0.5,0.45,0.57,0.38,0.14
3,0.25,0.37,0.13,0.52,0.5,0.45,0.57,0.38,0.14
3,0.25,0.37,0.13,0.52,0.5,0.45,0.57,0.38,0.14
3,0.25,0.37,0.13,0.52,0.5,0.45,0.57,0.38,0.14
3,0.25,0.37,0.13,0.52,0.5,0.45,0.57,0.38,0.14
3,0.22,0.35,0.14,0.53,0.47,0.73,0.49,0.37,0.14
3,0.22,0.35,0.14,0.53,0.47,0.73,0.49,0.37,0.14
3,0.22,0.35,0.14,0.53,0.47,0.73,0.49,0.37,0.14
3,0.22,0.35,0.14,0.53,0.47,0.73,0.49,0.37,0.14
3,0.22,0.35,0.14,0.53,0.47,0.73,0.49,0.37,0.14
3,0.22,0.35,0.14,0.53,0.47,0.73,0.49,0.37,0.14
3,0.22,0.35,0.14,0.53,0.47,0.73,0.49,0.37,0.14
3,0.22,0.35,0.14,0.53,0.47,0.73,0.49,0.37,0.14
3,0.22,0.35,0.14,0.53,0.47,0.73,0.49,0.37,0.14
3,0.22,0.35,0.14,0.53,0.47,0.73,0.49,0.37,0.14
3,0.22,0.35,0.14,0.53,0.47,0.73,0.49,0.37,0.14
3,0.22,0.35,0.14,0.53,0.47,0.73,0.49,0.37,0.14
3,0.17,0.3,0.14,0.61,0.44,0.52,0.59,0.3,0.11
3,0.17,0.3,0.14,0.61,0.44,0.52,0.59,0.3,0.11
3,0.17,0.3,0.14,0.61,0.44,0.52,0.59,0.3,0.11
3,0.17,0.3,0.14,0.61,0.44,0.52,0.59,0.3,0.11
3,0.17,0.3,0.14,0.61,0.44,0.52,0.59,0.3,0.11
3,0.17,0.3,0.14,0.61,0.44,0.52,0.59,0.3,0.11
3,0.17,0.3,0.14,0.61,0.44,0.52,0.59,0.3,0.11
3,0.17,0.3,0.14,0.61,0.44,0.52,0.59,0.3,0.11
3,0.17,0.3,0.14,0.61,0.44,0.52,0.59,0.3,0.11
3,0.17,0.3,0.14,0.61,0.44,0.52,0.59,0.3,0.11
3,0.17,0.3,0.14,0.61,0.44,0.52,0.59,0.3,0.11
3,0.17,0.3,0.14,0.61,0.44,0.52,0.59,0.3,0.11
3,0.13,0.27,0.18,0.45,0.49,0.26,0.46,0.32,0.12
3,0.13,0.27,0.18,0.45,0.49,0.26,0.46,0.32,0.12
3,0.13,0.27,0.18,0.45,0.49,0.26,0.46,0.32,0.12
3,0.13,0.27,0.18,0.45,0.49,0.26,0.46,0.32,0.12
3,0.13,0.27,0.18,0.45,0.49,0.26,0.46,0.32,0.12
3,0.13,0.27,0.18,0.45,0.49,0.26,0.46,0.32,0.12
3,0.13,0.27,0.18,0.45,0.49,0.26,0.46,0.32,0.12
3,0.13,0.27,0.18,0.45,0.49,0.26,0.46,0.32,0.12
3,0.13,0.27,0.18,0.45,0.49,0.26,0.46,0.32,0.12
3,0.13,0.27,0.18,0.45,0.49,0.26,0.46,0.32,0.12
3,0.13,0.27,0.18,0.45,0.49,0.26,0.46,0.32,0.12
3,0.13,0.27,0.18,0.45,0.49,0.26,0.46,0.32,0.12
3,0.06,0.04,0.14,0.57,0.41,0.34,0.6,0.39,0.16
3,0.06,0.04,0.14,0.57,0.41,0.34,0.6,0.39,0.16
3,0.06,0.04,0.14,0.57,0.41,0.34,0.6,0.39,0.16
3,0.06,0.04,0.14,0.57,0.41,0.34,0.6,0.39,0.16
3,0.06,0.04,0.14,0.57,0.41,0.34,0.6,0.39,0.16
3,0.06,0.04,0.14,0.57,0.41,0.34,0.6,0.39,0.16
3,0.06,0.04,0.14,0.57,0.41,0.34,0.6,0.39,0.16
3,0.06,0.04,0.14,0.57,0.41,0.34,0.6,0.39,0.16
3,0.06,0.04,0.14,0.57,0.41,0.34,0.6,0.39,0.16
3,0.06,0.04,0.14,0.57,0.41,0.34,0.6,0.39,0.16
3,0.06,0.04,0.14,0.57,0.41,0.34,0.6,0.39,0.16
3,0.06,0.04,0.14,0.57,0.41,0.34,0.6,0.39,0.16
3,0.1,0.11,0.16,0.49,0.52,0.39,0.43,0.36,0.19
3,0.1,0.11,0.16,0.49,0.52,0.39,0.43,0.36,0.19
3,0.1,0.11,0.16,0.49,0.52,0.39,0.43,0.36,0.19
3,0.1,0.11,0.16,0.49,0.52,0.39,0.43,0.36,0.19
3,0.1,0.11,0.16,0.49,0.52,0.39,0.43,0.36,0.19
3,0.1,0.11,0.16,0.49,0.52,0.39,0.43,0.36,0.19
3,0.1,0.11,0.16,0.49,0.52,0.39,0.43,0.36,0.19
3,0.1,0.11,0.16,0.49,0.52,0.39,0.43,0.36,0.19
3,0.1,0.11,0.16,0.49,0.52,0.39,0.43,0.36,0.19
3,0.1,0.11,0.16,0.49,0.52,0.39,0.43,0.36,0.19
3,0.1,0.11,0.16,0.49,0.52,0.39,0.43,0.36,0.19
3,0.1,0.11,0.16,0.49,0.52,0.39,0.43,0.36,0.19
3,0.06,0.1,0.14,0.61,0.54,0.37,0.62,0.32,0.13
3,0.06,0.1,0.14,0.61,0.54,0.37,0.62,0.32,0.13
3,0.06,0.1,0.14,0.61,0.54,0.37,0.62,0.32,0.13
3,0.06,0.1,0.14,0.61,0.54,0.37,0.62,0.32,0.13
3,0.06,0.1,0.14,0.61,0.54,0.37,0.62,0.32,0.13
3,0.06,0.1,0.14,0.61,0.54,0.37,0.62,0.32,0.13
3,0.06,0.1,0.14,0.61,0.54,0.37,0.62,0.32,0.13
3,0.06,0.1,0.14,0.61,0.54,0.37,0.62,0.32,0.13
3,0.06,0.1,0.14,0.61,0.54,0.37,0.62,0.32,0.13
3,0.06,0.1,0.14,0.61,0.54,0.37,0.62,0.32,0.13
3,0.06,0.1,0.14,0.61,0.54,0.37,0.62,0.32,0.13
3,0.06,0.1,0.14,0.61,0.54,0.37,0.62,0.32,0.13
3,0.3,0.42,0.18,0.45,0.51,0.31,0.71,0.24,0.13
3,0.3,0.42,0.18,0.45,0.51,0.31,0.71,0.24,0.13
3,0.3,0.42,0.18,0.45,0.51,0.31,0.71,0.24,0.13
3,0.3,0.42,0.18,0.45,0.51,0.31,0.71,0.24,0.13
3,0.3,0.42,0.18,0.45,0.51,0.31,0.71,0.24,0.13
3,0.3,0.42,0.18,0.45,0.51,0.31,0.71,0.24,0.13
3,0.3,0.42,0.18,0.45,0.51,0.31,0.71,0.24,0.13
3,0.3,0.42,0.18,0.45,0.51,0.31,0.71,0.24,0.13
3,0.3,0.42,0.18,0.45,0.51,0.31,0.71,0.24,0.13
3,0.3,0.42,0.18,0.45,0.51,0.31,0.71,0.24,0.13
3,0.3,0.42,0.18,0.45,0.51,0.31,0.71,0.24,0.13
3,0.3,0.42,0.18,0.45,0.51,0.31,0.71,0.24,0.13
3,0.1,0.13,0.15,0.54,0.35,0.65,0.6,0.37,0.13
3,0.1,0.13,0.15,0.54,0.35,0.65,0.6,0.37,0.13
3,0.1,0.13,0.15,0.54,0.35,0.65,0.6,0.37,0.13
3,0.1,0.13,0.15,0.54,0.35,0.65,0.6,0.37,0.13
3,0.1,0.13,0.15,0.54,0.35,0.65,0.6,0.37,0.13
3,0.1,0.13,0.15,0.54,0.35,0.65,0.6,0.37,0.13
3,0.1,0.13,0.15,0.54,0.35,0.65,0.6,0.37,0.13
3,0.1,0.13,0.15,0.54,0.35,0.65,0.6,0.37,0.13
3,0.1,0.13,0.15,0.54,0.35,0.65,0.6,0.37,0.13
3,0.1,0.13,0.15,0.54,0.35,0.65,0.6,0.37,0.13
3,0.1,0.13,0.15,0.54,0.35,0.65,0.6,0.37,0.13
3,0.1,0.13,0.15,0.54,0.35,0.65,0.6,0.37,0.13
3,0.53,0.43,0.11,0.61,0.42,0.26,0.51,0.32,0.18
3,0.53,0.43,0.11,0.61,0.42,0.26,0.51,0.32,0.18
3,0.53,0.43,0.11,0.61,0.42,0.26,0.51,0.32,0.18
3,0.53,0.43,0.11,0.61,0.42,0.26,0.51,0.32,0.18
3,0.53,0.43,0.11,0.61,0.42,0.26,0.51,0.32,0.18
3,0.53,0.43,0.11,0.61,0.42,0.26,0.51,0.32,0.18
3,0.53,0.43,0.11,0.61,0.42,0.26,0.51,0.32,0.18
3,0.53,0.43,0.11,0.61,0.42,0.26,0.51,0.32,0.18
3,0.53,0.43,0.11,0.61,0.42,0.26,0.51,0.32,0.18
3,0.53,0.43,0.11,0.61,0.42,0.26,0.51,0.32,0.18
3,0.53,0.43,0.11,0.61,0.42,0.26,0.51,0.32,0.18
3,0.53,0.43,0.11,0.61,0.42,0.26,0.51,0.32,0.18
3,0.07,0.11,0.14,0.55,0.6,0.41,0.64,0.37,0.14
3,0.07,0.11,0.14,0.55,0.6,0.41,0.64,0.37,0.14
3,0.07,0.11,0.14,0.55,0.6,0.41,0.64,0.37,0.14
3,0.07,0.11,0.14,0.55,0.6,0.41,0.64,0.37,0.14
3,0.07,0.11,0.14,0.55,0.6,0.41,0.64,0.37,0.14
3,0.07,0.11,0.14,0.55,0.6,0.41,0.64,0.37,0.14
3,0.07,0.11,0.14,0.55,0.6,0.41,0.64,0.37,0.14
3,0.07,0.11,0.14,0.55,0.6,0.41,0.64,0.37,0.14
3,0.07,0.11,0.14,0.55,0.6,0.41,0.64,0.37,0.14
3,0.07,0.11,0.14,0.55,0.6,0.41,0.64,0.37,0.14
3,0.07,0.11,0.14,0.55,0.6,0.41,0.64,0.37,0.14
3,0.07,0.11,0.14,0.55,0.6,0.41,0.64,0.37,0.14
3,0.12,0.24,0.12,0.39,0.38,0.76,0.61,0.33,0.19
3,0.12,0.24,0.12,0.39,0.38,0.76,0.61,0.33,0.19
3,0.12,0.24,0.12,0.39,0.38,0.76,0.61,0.33,0.19
3,0.12,0.24,0.12,0.39,0.38,0.76,0.61,0.33,0.19
3,0.12,0.24,0.12,0.39,0.38,0.76,0.61,0.33,0.19
3,0.12,0.24,0.12,0.39,0.38,0.76,0.61,0.33,0.19
3,0.12,0.24,0.12,0.39,0.38,0.76,0.61,0.33,0.19
3,0.12,0.24,0.12,0.39,0.38,0.76,0.61,0.33,0.19
3,0.12,0.24,0.12,0.39,0.38,0.76,0.61,0.33,0.19
3,0.12,0.24,0.12,0.39,0.38,0.76,0.61,0.33,0.19
3,0.12,0.24,0.12,0.39,0.38,0.76,0.61,0.33,0.19
3,0.12,0.24,0.12,0.39,0.38,0.76,0.61,0.33,0.19
3,0.06,0.15,0.1,0.38,0.42,1.0,0.62,0.33,0.16
3,0.06,0.15,0.1,0.38,0.42,1.0,0.62,0.33,0.16
3,0.06,0.15,0.1,0.38,0.42,1.0,0.62,0.33,0.16
3,0.06,0.15,0.1,0.38,0.42,1.0,0.62,0.33,0.16
3,0.06,0.15,0.1,0.38,0.42,1.0,0.62,0.33,0.16
3,0.06,0.15,0.1,0.38,0.42,1.0,0.62,0.33,0.16
3,0.06,0.15,0.1,0.38,0.42,1.0,0.62,0.33,0.16
3,0.06,0.15,0.1,0.38,0.42,1.0,0.62,0.33,0.16
3,0.06,0.15,0.1,0.38,0.42,1.0,0.62,0.33,0.16
3,0.06,0.15,0.1,0.38,0.42,1.0,0.62,0.33,0.16
3,0.06,0.15,0.1,0.38,0.42,1.0,0.62,0.33,0.16
3,0.06,0.15,0.1,0.38,0.42,1.0,0.62,0.33,0.16
3,0.65,0.45,0.17,0.43,0.66,0.36,0.48,0.34,0.15
3,0.65,0.45,0.17,0.43,0.66,0.36,0.48,0.34,0.15
3,0.65,0.45,0.17,0.43,0.66,0.36,0.48,0.34,0.15
3,0.65,0.45,0.17,0.43,0.66,0.36,0.48,0.34,0.15
3,0.65,0.45,0.17,0.43,0.66,0.36,0.48,0.34,0.15
3,0.65,0.45,0.17,0.43,0.66,0.36,0.48,0.34,0.15
3,0.65,0.45,0.17,0.43,0.66,0.36,0.48,0.34,0.15
3,0.65,0.45,0.17,0.43,0.66,0.36,0.48,0.34,0.15
3,0.65,0.45,0.17,0.43,0.66,0.36,0.48,0.34,0.15
3,0.65,0.45,0.17,0.43,0.66,0.36,0.48,0.34,0.15
3,0.65,0.45,0.17,0.43,0.66,0.36,0.48,0.34,0.15
3,0.65,0.45,0.17,0.43,0.66,0.36,0.48,0.34,0.15
3,0.15,0.28,0.16,0.48,0.38,0.56,0.34,0.36,0.14
3,0.15,0.28,0.16,0.48,0.38,0.56,0.34,0.36,0.14
3,0.15,0.28,0.16,0.48,0.38,0.56,0.34,0.36,0.14
3,0.15,0.28,0.16,0.48,0.38,0.56,0.34,0.36,0.14
3,0.15,0.28,0.16,0.48,0.38,0.56,0.34,0.36,0.14
3,0.15,0.28,0.16,0.48,0.38,0.56,0.34,0.36,0.14
3,0.15,0.28,0.16,0.48,0.38,0.56,0.34,0.36,0.14
3,0.15,0.28,0.16,0.48,0.38,0.56,0.34,0.36,0.14
3,0.15,0.28,0.16,0.48,0.38,0.56,0.34,0.36,0.14
3,0.15,0.28,0.16,0.48,0.38,0.56,0.34,0.36,0.14
3,0.15,0.28,0.16,0.48,0.38,0.56,0.34,0.36,0.14
3,0.15,0.28,0.16,0.48,0.38,0.56,0.34,0.36,0.14
3,0.11,0.11,0.19,0.63,0.37,0.39,0.83,0.25,0.17
3,0.11,0.11,0.19,0.63,0.37,0.39,0.83,0.25,0.17
3,0.11,0.11,0.19,0.63,0.37,0.39,0.83,0.25,0.17
3,0.11,0.11,0.19,0.63,0.37,0.39,0.83,0.25,0.17
3,0.11,0.11,0.19,0.63,0.37,0.39,0.83,0.25,0.17
3,0.11,0.11,0.19,0.63,0.37,0.39,0.83,0.25,0.17
3,0.11,0.11,0.19,0.63,0.37,0.39,0.83,0.25,0.17
3,0.11,0.11,0.19,0.63,0.37,0.39,0.83,0.25,0.17
3,0.11,0.11,0.19,0.63,0.37,0.39,0.83,0.25,0.17
3,0.11,0.11,0.19,0.63,0.37,0.39,0.83,0.25,0.17
3,0.11,0.11,0.19,0.63,0.37,0.39,0.83,0.25,0.17
3,0.11,0.11,0.19,0.63,0.37,0.39,0.83,0.25,0.17
3,0.06,0.05,0.14,0.66,0.5,0.2,0.41,0.3,0.1
3,0.06,0.05,0.14,0.66,0.5,0.2,0.41,0.3,0.1
3,0.06,0.05,0.14,0.66,0.5,0.2,0.41,0.3,0.1
3,0.06,0.05,0.14,0.66,0.5,0.2,0.41,0.3,0.1
3,0.06,0.05,0.14,0.66,0.5,0.2,0.41,0.3,0.1
3,0.06,0.05,0.14,0.66,0.5,0.2,0.41,0.3,0.1
3,0.06,0.05,0.14,0.66,0.5,0.2,0.41,0.3,0.1
3,0.06,0.05,0.14,0.66,0.5,0.2,0.41,0.3,0.1
3,0.06,0.05,0.14,0.66,0.5,0.2,0.41,0.3,0.1
3,0.06,0.05,0.14,0.66,0.5,0.2,0.41,0.3,0.1
3,0.06,0.05,0.14,0.66,0.5,0.2,0.41,0.3,0.1
3,0.06,0.05,0.14,0.66,0.5,0.2,0.41,0.3,0.1
3,0.12,0.25,0.17,0.59,0.48,0.46,0.52,0.32,0.16
3,0.12,0.25,0.17,0.59,0.48,0.46,0.52,0.32,0.16
3,0.12,0.25,0.17,0.59,0.48,0.46,0.52,0.32,0.16
3,0.12,0.25,0.17,0.59,0.48,0.46,0.52,0.32,0.16
3,0.12,0.25,0.17,0.59,0.48,0.46,0.52,0.32,0.16
3,0.12,0.25,0.17,0.59,0.48,0.46,0.52,0.32,0.16
3,0.12,0.25,0.17,0.59,0.48,0.46,0.52,0.32,0.16
3,0.12,0.25,0.17,0.59,0.48,0.46,0.52,0.32,0.16
3,0.12,0.25,0.17,0.59,0.48,0.46,0.52,0.32,0.16
3,0.12,0.25,0.17,0.59,0.48,0.46,0.52,0.32,0.16
3,0.12,0.25,0.17,0.59,0.48,0.46,0.52,0.32,0.16
3,0.12,0.25,0.17,0.59,0.48,0.46,0.52,0.32,0.16
3,0.06,0.19,0.17,0.44,0.37,0.21,0.67,0.33,0.17
3,0.06,0.19,0.17,0.44,0.37,0.21,0.67,0.33,0.17
3,0.06,0.19,0.17,0.44,0.37,0.21,0.67,0.33,0.17
3,0.06,0.19,0.17,0.44,0.37,0.21,0.67,0.33,0.17
3,0.06,0.19,0.17,0.44,0.37,0.21,0.67,0.33,0.17
3,0.06,0.19,0.17,0.44,0.37,0.21,0.67,0.33,0.17
3,0.06,0.19,0.17,0.44,0.37,0.21,0.67,0.33,0.17
3,0.06,0.19,0.17,0.44,0.37,0.21,0.67,0.33,0.17
3,0.06,0.19,0.17,0.44,0.37,0.21,0.67,0.33,0.17
3,0.06,0.19,0.17,0.44,0.37,0.21,0.67,0.33,0.17
3,0.06,0.19,0.17,0.44,0.37,0.21,0.67,0.33,0.17
3,0.06,0.19,0.17,0.44,0.37,0.21,0.67,0.33,0.17
3,0.18,0.33,0.18,0.48,0.45,0.53,0.7,0.35,0.2
3,0.18,0.33,0.18,0.48,0.45,0.53,0.7,0.35,0.2
3,0.18,0.33,0.18,0.48,0.45,0.53,0.7,0.35,0.2
3,0.18,0.33,0.18,0.48,0.45,0.53,0.7,0.35,0.2
3,0.18,0.33,0.18,0.48,0.45,0.53,0.7,0.35,0.2
3,0.18,0.33,0.18,0.48,0.45,0.53,0.7,0.35,0.2
3,0.18,0.33,0.18,0.48,0.45,0.53,0.7,0.35,0.2
3,0.18,0.33,0.18,0.48,0.45,0.53,0.7,0.35,0.2
3,0.18,0.33,0.18,0.48,0.45,0.53,0.7,0.35,0.2
3,0.18,0.33,0.18,0.48,0.45,0.53,0.7,0.35,0.2
3,0.18,0.33,0.18,0.48,0.45,0.53,0.7,0.35,0.2
3,0.18,0.33,0.18,0.48,0.45,0.53,0.7,0.35,0.2
3,0.57,0.41,0.16,0.48,0.43,0.11,0.6,0.32,0.19
3,0.57,0.41,0.16,0.48,0.43,0.11,0.6,0.32,0.19
3,0.57,0.41,0.16,0.48,0.43,0.11,0.6,0.32,0.19
3,0.57,0.41,0.16,0.48,0.43,0.11,0.6,0.32,0.19
3,0.57,0.41,0.16,0.48,0.43,0.11,0.6,0.32,0.19
3,0.57,0.41,0.16,0.48,0.43,0.11,0.6,0.32,0.19
3,0.57,0.41,0.16,0.48,0.43,0.11,0.6,0.32,0.19
3,0.57,0.41,0.16,0.48,0.43,0.11,0.6,0.32,0.19
3,0.57,0.41,0.16,0.48,0.43,0.11,0.6,0.32,0.19
3,0.57,0.41,0.16,0.48,0.43,0.11,0.6,0.32,0.19
3,0.57,0.41,0.16,0.48,0.43,0.11,0.6,0.32,0.19
3,0.57,0.41,0.16,0.48,0.43,0.11,0.6,0.32,0.19
3,0.62,0.42,0.16,0.53,0.45,0.08,0.47,0.26,0.18
3,0.62,0.42,0.16,0.53,0.45,0.08,0.47,0.26,0.18
3,0.62,0.42,0.16,0.53,0.45,0.08,0.47,0.26,0.18
3,0.62,0.42,0.16,0.53,0.45,0.08,0.47,0.26,0.18
3,0.62,0.42,0.16,0.53,0.45,0.08,0.47,0.26,0.18
3,0.62,0.42,0.16,0.53,0.45,0.08,0.47,0.26,0.18
3,0.62,0.42,0.16,0.53,0.45,0.08,0.47,0.26,0.18
3,0.62,0.42,0.16,0.53,0.45,0.08,0.47,0.26,0.18
3,0.62,0.42,0.16,0.53,0.45,0.08,0.47,0.26,0.18
3,0.62,0.42,0.16,0.53,0.45,0.08,0.47,0.26,0.18
3,0.62,0.42,0.16,0.53,0.45,0.08,0.47,0.26,0.18
3,0.62,0.42,0.16,0.53,0.45,0.08,0.47,0.26,0.18
3,0.64,0.41,0.16,0.5,0.43,0.08,0.49,0.26,0.18
3,0.64,0.41,0.16,0.5,0.43,0.08,0.49,0.26,0.18
3,0.64,0.41,0.16,0.5,0.43,0.08,0.49,0.26,0.18
3,0.64,0.41,0.16,0.5,0.43,0.08,0.49,0.26,0.18
3,0.64,0.41,0.16,0.5,0.43,0.08,0.49,0.26,0.18
3,0.64,0.41,0.16,0.5,0.43,0.08,0.49,0.26,0.18
3,0.64,0.41,0.16,0.5,0.43,0.08,0.49,0.26,0.18
3,0.64,0.41,0.16,0.5,0.43,0.08,0.49,0.26,0.18
3,0.64,0.41,0.16,0.5,0.43,0.08,0.49,0.26,0.18
3,0.64,0.41,0.16,0.5,0.43,0.08,0.49,0.26,0.18
3,0.64,0.41,0.16,0.5,0.43,0.08,0.49,0.26,0.18
3,0.64,0.41,0.16,0.5,0.43,0.08,0.49,0.26,0.18
3,0.57,0.41,0.16,0.46,0.44,0.29,0.52,0.31,0.19
3,0.57,0.41,0.16,0.46,0.44,0.29,0.52,0.31,0.19
3,0.57,0.41,0.16,0.46,0.44,0.29,0.52,0.31,0.19
3,0.57,0.41,0.16,0.46,0.44,0.29,0.52,0.31,0.19
3,0.57,0.41,0.16,0.46,0.44,0.29,0.52,0.31,0.19
3,0.57,0.41,0.16,0.46,0.44,0.29,0.52,0.31,0.19
3,0.57,0.41,0.16,0.46,0.44,0.29,0.52,0.31,0.19
3,0.57,0.41,0.16,0.46,0.44,0.29,0.52,0.31,0.19
3,0.57,0.41,0.16,0.46,0.44,0.29,0.52,0.31,0.19
3,0.57,0.41,0.16,0.46,0.44,0.29,0.52,0.31,0.19
3,0.57,0.41,0.16,0.46,0.44,0.29,0.52,0.31,0.19
3,0.57,0.41,0.16,0.46,0.44,0.29,0.52,0.31,0.19
3,0.56,0.4,0.11,0.39,0.47,0.37,0.58,0.38,0.2
3,0.56,0.4,0.11,0.39,0.47,0.37,0.58,0.38,0.2
3,0.56,0.4,0.11,0.39,0.47,0.37,0.58,0.38,0.2
3,0.56,0.4,0.11,0.39,0.47,0.37,0.58,0.38,0.2
3,0.56,0.4,0.11,0.39,0.47,0.37,0.58,0.38,0.2
3,0.56,0.4,0.11,0.39,0.47,0.37,0.58,0.38,0.2
3,0.56,0.4,0.11,0.39,0.47,0.37,0.58,0.38,0.2
3,0.56,0.4,0.11,0.39,0.47,0.37,0.58,0.38,0.2
3,0.56,0.4,0.11,0.39,0.47,0.37,0.58,0.38,0.2
3,0.56,0.4,0.11,0.39,0.47,0.37,0.58,0.38,0.2
3,0.56,0.4,0.11,0.39,0.47,0.37,0.58,0.38,0.2
3,0.56,0.4,0.11,0.39,0.47,0.37,0.58,0.38,0.2
3,0.32,0.44,0.17,0.61,0.63,0.4,0.84,0.26,0.18
3,0.32,0.44,0.17,0.61,0.63,0.4,0.84,0.26,0.18
3,0.32,0.44,0.17,0.61,0.63,0.4,0.84,0.26,0.18
3,0.32,0.44,0.17,0.61,0.63,0.4,0.84,0.26,0.18
3,0.32,0.44,0.17,0.61,0.63,0.4,0.84,0.26,0.18
3,0.32,0.44,0.17,0.61,0.63,0.4,0.84,0.26,0.18
3,0.32,0.44,0.17,0.61,0.63,0.4,0.84,0.26,0.18
3,0.32,0.44,0.17,0.61,0.63,0.4,0.84,0.26,0.18
3,0.32,0.44,0.17,0.61,0.63,0.4,0.84,0.26,0.18
3,0.32,0.44,0.17,0.61,0.63,0.4,0.84,0.26,0.18
3,0.32,0.44,0.17,0.61,0.63,0.4,0.84,0.26,0.18
3,0.32,0.44,0.17,0.61,0.63,0.4,0.84,0.26,0.18
3,0.1,0.04,0.15,0.46,0.59,0.64,0.59,0.4,0.12
3,0.1,0.04,0.15,0.46,0.59,0.64,0.59,0.4,0.12
3,0.1,0.04,0.15,0.46,0.59,0.64,0.59,0.4,0.12
3,0.1,0.04,0.15,0.46,0.59,0.64,0.59,0.4,0.12
3,0.1,0.04,0.15,0.46,0.59,0.64,0.59,0.4,0.12
3,0.1,0.04,0.15,0.46,0.59,0.64,0.59,0.4,0.12
3,0.1,0.04,0.15,0.46,0.59,0.64,0.59,0.4,0.12
3,0.1,0.04,0.15,0.46,0.59,0.64,0.59,0.4,0.12
3,0.1,0.04,0.15,0.46,0.59,0.64,0.59,0.4,0.12
3,0.1,0.04,0.15,0.46,0.59,0.64,0.59,0.4,0.12
3,0.1,0.04,0.15,0.46,0.59,0.64,0.59,0.4,0.12
3,0.1,0.04,0.15,0.46,0.59,0.64,0.59,0.4,0.12
3,0.07,0.11,0.12,0.68,0.55,0.35,0.42,0.31,0.18
3,0.07,0.11,0.12,0.68,0.55,0.35,0.42,0.31,0.18
3,0.07,0.11,0.12,0.68,0.55,0.35,0.42,0.31,0.18
3,0.07,0.11,0.12,0.68,0.55,0.35,0.42,0.31,0.18
3,0.07,0.11,0.12,0.68,0.55,0.35,0.42,0.31,0.18
3,0.07,0.11,0.12,0.68,0.55,0.35,0.42,0.31,0.18
3,0.07,0.11,0.12,0.68,0.55,0.35,0.42,0.31,0.18
3,0.07,0.11,0.12,0.68,0.55,0.35,0.42,0.31,0.18
3,0.07,0.11,0.12,0.68,0.55,0.35,0.42,0.31,0.18
3,0.07,0.11,0.12,0.68,0.55,0.35,0.42,0.31,0.18
3,0.07,0.11,0.12,0.68,0.55,0.35,0.42,0.31,0.18
3,0.07,0.11,0.12,0.68,0.55,0.35,0.42,0.31,0.18
3,0.16,0.2,0.16,0.44,0.57,0.27,0.65,0.35,0.22
3,0.16,0.2,0.16,0.44,0.57,0.27,0.65,0.35,0.22
3,0.16,0.2,0.16,0.44,0.57,0.27,0.65,0.35,0.22
3,0.16,0.2,0.16,0.44,0.57,0.27,0.65,0.35,0.22
3,0.16,0.2,0.16,0.44,0.57,0.27,0.65,0.35,0.22
3,0.16,0.2,0.16,0.44,0.57,0.27,0.65,0.35,0.22
3,0.16,0.2,0.16,0.44,0.57,0.27,0.65,0.35,0.22
3,0.16,0.2,0.16,0.44,0.57,0.27,0.65,0.35,0.22
3,0.16,0.2,0.16,0.44,0.57,0.27,0.65,0.35,0.22
3,0.16,0.2,0.16,0.44,0.57,0.27,0.65,0.35,0.22
3,0.16,0.2,0.16,0.44,0.57,0.27,0.65,0.35,0.22
3,0.16,0.2,0.16,0.44,0.57,0.27,0.65,0.35,0.22
3,0.15,0.19,0.14,0.43,0.55,0.25,0.65,0.35,0.2
3,0.15,0.19,0.14,0.43,0.55,0.25,0.65,0.35,0.2
3,0.15,0.19,0.14,0.43,0.55,0.25,0.65,0.35,0.2
3,0.15,0.19,0.14,0.43,0.55,0.25,0.65,0.35,0.2
3,0.15,0.19,0.14,0.43,0.55,0.25,0.65,0.35,0.2
3,0.15,0.19,0.14,0.43,0.55,0.25,0.65,0.35,0.2
3,0.15,0.19,0.14,0.43,0.55,0.25,0.65,0.35,0.2
3,0.15,0.19,0.14,0.43,0.55,0.25,0.65,0.35,0.2
3,0.15,0.19,0.14,0.43,0.55,0.25,0.65,0.35,0.2
3,0.15,0.19,0.14,0.43,0.55,0.25,0.65,0.35,0.2
3,0.15,0.19,0.14,0.43,0.55,0.25,0.65,0.35,0.2
3,0.15,0.19,0.14,0.43,0.55,0.25,0.65,0.35,0.2
3,0.2,0.27,0.16,0.47,0.49,0.63,0.76,0.3,0.22
3,0.2,0.27,0.16,0.47,0.49,0.63,0.76,0.3,0.22
3,0.2,0.27,0.16,0.47,0.49,0.63,0.76,0.3,0.22
3,0.2,0.27,0.16,0.47,0.49,0.63,0.76,0.3,0.22
3,0.2,0.27,0.16,0.47,0.49,0.63,0.76,0.3,0.22
3,0.2,0.27,0.16,0.47,0.49,0.63,0.76,0.3,0.22
3,0.2,0.27,0.16,0.47,0.49,0.63,0.76,0.3,0.22
3,0.2,0.27,0.16,0.47,0.49,0.63,0.76,0.3,0.22
3,0.2,0.27,0.16,0.47,0.49,0.63,0.76,0.3,0.22
3,0.2,0.27,0.16,0.47,0.49,0.63,0.76,0.3,0.22
3,0.2,0.27,0.16,0.47,0.49,0.63,0.76,0.3,0.22
3,0.2,0.27,0.16,0.47,0.49,0.63,0.76,0.3,0.22
3,0.67,0.46,0.15,0.51,0.71,0.07,0.58,0.27,0.12
3,0.67,0.46,0.15,0.51,0.71,0.07,0.58,0.27,0.12
3,0.67,0.46,0.15,0.51,0.71,0.07,0.58,0.27,0.12
3,0.67,0.46,0.15,0.51,0.71,0.07,0.58,0.27,0.12
3,0.67,0.46,0.15,0.51,0.71,0.07,0.58,0.27,0.12
3,0.67,0.46,0.15,0.51,0.71,0.07,0.58,0.27,0.12
3,0.67,0.46,0.15,0.51,0.71,0.07,0.58,0.27,0.12
3,0.67,0.46,0.15,0.51,0.71,0.07,0.58,0.27,0.12
3,0.67,0.46,0.15,0.51,0.71,0.07,0.58,0.27,0.12
3,0.67,0.46,0.15,0.51,0.71,0.07,0.58,0.27,0.12
3,0.67,0.46,0.15,0.51,0.71,0.07,0.58,0.27,0.12
3,0.67,0.46,0.15,0.51,0.71,0.07,0.58,0.27,0.12
3,0.56,0.48,0.11,0.56,0.64,0.19,0.69,0.35,0.13
3,0.56,0.48,0.11,0.56,0.64,0.19,0.69,0.35,0.13
3,0.56,0.48,0.11,0.56,0.64,0.19,0.69,0.35,0.13
3,0.56,0.48,0.11,0.56,0.64,0.19,0.69,0.35,0.13
3,0.56,0.48,0.11,0.56,0.64,0.19,0.69,0.35,0.13
3,0.56,0.48,0.11,0.56,0.64,0.19,0.69,0.35,0.13
3,0.56,0.48,0.11,0.56,0.64,0.19,0.69,0.35,0.13
3,0.56,0.48,0.11,0.56,0.64,0.19,0.69,0.35,0.13
3,0.56,0.48,0.11,0.56,0.64,0.19,0.69,0.35,0.13
3,0.56,0.48,0.11,0.56,0.64,0.19,0.69,0.35,0.13
3,0.56,0.48,0.11,0.56,0.64,0.19,0.69,0.35,0.13
3,0.56,0.48,0.11,0.56,0.64,0.19,0.69,0.35,0.13
3,0.37,0.31,0.2,0.54,0.27,0.3,0.81,0.31,0.2
3,0.37,0.31,0.2,0.54,0.27,0.3,0.81,0.31,0.2
3,0.37,0.31,0.2,0.54,0.27,0.3,0.81,0.31,0.2
3,0.37,0.31,0.2,0.54,0.27,0.3,0.81,0.31,0.2
3,0.37,0.31,0.2,0.54,0.27,0.3,0.81,0.31,0.2
3,0.37,0.31,0.2,0.54,0.27,0.3,0.81,0.31,0.2
3,0.37,0.31,0.2,0.54,0.27,0.3,0.81,0.31,0.2
3,0.37,0.31,0.2,0.54,0.27,0.3,0.81,0.31,0.2
3,0.37,0.31,0.2,0.54,0.27,0.3,0.81,0.31,0.2
3,0.37,0.31,0.2,0.54,0.27,0.3,0.81,0.31,0.2
3,0.37,0.31,0.2,0.54,0.27,0.3,0.81,0.31,0.2
3,0.37,0.31,0.2,0.54,0.27,0.3,0.81,0.31,0.2
3,0.23,0.33,0.13,0.51,0.37,0.05,0.6,0.24,0.14
3,0.23,0.33,0.13,0.51,0.37,0.05,0.6,0.24,0.14
3,0.23,0.33,0.13,0.51,0.37,0.05,0.6,0.24,0.14
3,0.23,0.33,0.13,0.51,0.37,0.05,0.6,0.24,0.14
3,0.23,0.33,0.13,0.51,0.37,0.05,0.6,0.24,0.14
3,0.23,0.33,0.13,0.51,0.37,0.05,0.6,0.24,0.14
3,0.23,0.33,0.13,0.51,0.37,0.05,0.6,0.24,0.14
3,0.23,0.33,0.13,0.51,0.37,0.05,0.6,0.24,0.14
3,0.23,0.33,0.13,0.51,0.37,0.05,0.6,0.24,0.14
3,0.23,0.33,0.13,0.51,0.37,0.05,0.6,0.24,0.14
3,0.23,0.33,0.13,0.51,0.37,0.05,0.6,0.24,0.14
3,0.23,0.33,0.13,0.51,0.37,0.05,0.6,0.24,0.14
3,0.06,0.19,0.17,0.44,0.37,0.21,0.67,0.33,0.17
3,0.06,0.19,0.17,0.44,0.37,0.21,0.67,0.33,0.17
3,0.06,0.19,0.17,0.44,0.37,0.21,0.67,0.33,0.17
3,0.06,0.19,0.17,0.44,0.37,0.21,0.67,0.33,0.17
3,0.06,0.19,0.17,0.44,0.37,0.21,0.67,0.33,0.17
3,0.06,0.19,0.17,0.44,0.37,0.21,0.67,0.33,0.17
3,0.06,0.19,0.17,0.44,0.37,0.21,0.67,0.33,0.17
3,0.06,0.19,0.17,0.44,0.37,0.21,0.67,0.33,0.17
3,0.06,0.19,0.17,0.44,0.37,0.21,0.67,0.33,0.17
3,0.06,0.19,0.17,0.44,0.37,0.21,0.67,0.33,0.17
3,0.06,0.19,0.17,0.44,0.37,0.21,0.67,0.33,0.17
3,0.06,0.19,0.17,0.44,0.37,0.21,0.67,0.33,0.17
3,0.25,0.41,0.13,0.49,0.45,0.89,0.69,0.33,0.17
3,0.25,0.41,0.13,0.49,0.45,0.89,0.69,0.33,0.17
3,0.25,0.41,0.13,0.49,0.45,0.89,0.69,0.33,0.17
3,0.25,0.41,0.13,0.49,0.45,0.89,0.69,0.33,0.17
3,0.25,0.41,0.13,0.49,0.45,0.89,0.69,0.33,0.17
3,0.25,0.41,0.13,0.49,0.45,0.89,0.69,0.33,0.17
3,0.25,0.41,0.13,0.49,0.45,0.89,0.69,0.33,0.17
3,0.25,0.41,0.13,0.49,0.45,0.89,0.69,0.33,0.17
3,0.25,0.41,0.13,0.49,0.45,0.89,0.69,0.33,0.17
3,0.25,0.41,0.13,0.49,0.45,0.89,0.69,0.33,0.17
3,0.25,0.41,0.13,0.49,0.45,0.89,0.69,0.33,0.17
3,0.25,0.41,0.13,0.49,0.45,0.89,0.69,0.33,0.17
3,0.23,0.05,0.15,0.53,0.62,0.14,0.54,0.33,0.08
3,0.23,0.05,0.15,0.53,0.62,0.14,0.54,0.33,0.08
3,0.23,0.05,0.15,0.53,0.62,0.14,0.54,0.33,0.08
3,0.23,0.05,0.15,0.53,0.62,0.14,0.54,0.33,0.08
3,0.23,0.05,0.15,0.53,0.62,0.14,0.54,0.33,0.08
3,0.23,0.05,0.15,0.53,0.62,0.14,0.54,0.33,0.08
3,0.23,0.05,0.15,0.53,0.62,0.14,0.54,0.33,0.08
3,0.23,0.05,0.15,0.53,0.62,0.14,0.54,0.33,0.08
3,0.23,0.05,0.15,0.53,0.62,0.14,0.54,0.33,0.08
3,0.23,0.05,0.15,0.53,0.62,0.14,0.54,0.33,0.08
3,0.23,0.05,0.15,0.53,0.62,0.14,0.54,0.33,0.08
3,0.23,0.05,0.15,0.53,0.62,0.14,0.54,0.33,0.08
3,0.47,0.14,0.15,0.4,0.32,0.09,0.64,0.34,0.14
3,0.47,0.14,0.15,0.4,0.32,0.09,0.64,0.34,0.14
3,0.47,0.14,0.15,0.4,0.32,0.09,0.64,0.34,0.14
3,0.47,0.14,0.15,0.4,0.32,0.09,0.64,0.34,0.14
3,0.47,0.14,0.15,0.4,0.32,0.09,0.64,0.34,0.14
3,0.47,0.14,0.15,0.4,0.32,0.09,0.64,0.34,0.14
3,0.47,0.14,0.15,0.4,0.32,0.09,0.64,0.34,0.14
3,0.47,0.14,0.15,0.4,0.32,0.09,0.64,0.34,0.14
3,0.47,0.14,0.15,0.4,0.32,0.09,0.64,0.34,0.14
3,0.47,0.14,0.15,0.4,0.32,0.09,0.64,0.34,0.14
3,0.47,0.14,0.15,0.4,0.32,0.09,0.64,0.34,0.14
3,0.47,0.14,0.15,0.4,0.32,0.09,0.64,0.34,0.14
3,0.13,0.28,0.2,0.54,0.57,0.42,0.76,0.15,0.14
3,0.13,0.28,0.2,0.54,0.57,0.42,0.76,0.15,0.14
3,0.13,0.28,0.2,0.54,0.57,0.42,0.76,0.15,0.14
3,0.13,0.28,0.2,0.54,0.57,0.42,0.76,0.15,0.14
3,0.13,0.28,0.2,0.54,0.57,0.42,0.76,0.15,0.14
3,0.13,0.28,0.2,0.54,0.57,0.42,0.76,0.15,0.14
3,0.13,0.28,0.2,0.54,0.57,0.42,0.76,0.15,0.14
3,0.13,0.28,0.2,0.54,0.57,0.42,0.76,0.15,0.14
3,0.13,0.28,0.2,0.54,0.57,0.42,0.76,0.15,0.14
3,0.13,0.28,0.2,0.54,0.57,0.42,0.76,0.15,0.14
3,0.13,0.28,0.2,0.54,0.57,0.42,0.76,0.15,0.14
3,0.13,0.28,0.2,0.54,0.57,0.42,0.76,0.15,0.14
3,0.18,0.34,0.12,0.52,0.51,0.18,0.67,0.35,0.15
3,0.18,0.34,0.12,0.52,0.51,0.18,0.67,0.35,0.15
3,0.18,0.34,0.12,0.52,0.51,0.18,0.67,0.35,0.15
3,0.18,0.34,0.12,0.52,0.51,0.18,0.67,0.35,0.15
3,0.18,0.34,0.12,0.52,0.51,0.18,0.67,0.35,0.15
3,0.18,0.34,0.12,0.52,0.51,0.18,0.67,0.35,0.15
3,0.18,0.34,0.12,0.52,0.51,0.18,0.67,0.35,0.15
3,0.18,0.34,0.12,0.52,0.51,0.18,0.67,0.35,0.15
3,0.18,0.34,0.12,0.52,0.51,0.18,0.67,0.35,0.15
3,0.18,0.34,0.12,0.52,0.51,0.18,0.67,0.35,0.15
3,0.18,0.34,0.12,0.52,0.51,0.18,0.67,0.35,0.15
3,0.18,0.34,0.12,0.52,0.51,0.18,0.67,0.35,0.15
3,0.23,0.39,0.17,0.43,0.51,0.25,0.7,0.27,0.1
3,0.23,0.39,0.17,0.43,0.51,0.25,0.7,0.27,0.1
3,0.23,0.39,0.17,0.43,0.51,0.25,0.7,0.27,0.1
3,0.23,0.39,0.17,0.43,0.51,0.25,0.7,0.27,0.1
3,0.23,0.39,0.17,0.43,0.51,0.25,0.7,0.27,0.1
3,0.23,0.39,0.17,0.43,0.51,0.25,0.7,0.27,0.1
3,0.23,0.39,0.17,0.43,0.51,0.25,0.7,0.27,0.1
3,0.23,0.39,0.17,0.43,0.51,0.25,0.7,0.27,0.1
3,0.23,0.39,0.17,0.43,0.51,0.25,0.7,0.27,0.1
3,0.23,0.39,0.17,0.43,0.51,0.25,0.7,0.27,0.1
3,0.23,0.39,0.17,0.43,0.51,0.25,0.7,0.27,0.1
3,0.23,0.39,0.17,0.43,0.51,0.25,0.7,0.27,0.1
3,0.09,0.1,0.14,0.49,0.48,0.11,0.55,0.37,0.17
3,0.09,0.1,0.14,0.49,0.48,0.11,0.55,0.37,0.17
3,0.09,0.1,0.14,0.49,0.48,0.11,0.55,0.37,0.17
3,0.09,0.1,0.14,0.49,0.48,0.11,0.55,0.37,0.17
3,0.09,0.1,0.14,0.49,0.48,0.11,0.55,0.37,0.17
3,0.09,0.1,0.14,0.49,0.48,0.11,0.55,0.37,0.17
3,0.09,0.1,0.14,0.49,0.48,0.11,0.55,0.37,0.17
3,0.09,0.1,0.14,0.49,0.48,0.11,0.55,0.37,0.17
3,0.09,0.1,0.14,0.49,0.48,0.11,0.55,0.37,0.17
3,0.09,0.1,0.14,0.49,0.48,0.11,0.55,0.37,0.17
3,0.09,0.1,0.14,0.49,0.48,0.11,0.55,0.37,0.17
3,0.09,0.1,0.14,0.49,0.48,0.11,0.55,0.37,0.17
3,0.06,0.04,0.14,0.58,0.5,0.26,0.67,0.37,0.11
3,0.06,0.04,0.14,0.58,0.5,0.26,0.67,0.37,0.11
3,0.06,0.04,0.14,0.58,0.5,0.26,0.67,0.37,0.11
3,0.06,0.04,0.14,0.58,0.5,0.26,0.67,0.37,0.11
3,0.06,0.04,0.14,0.58,0.5,0.26,0.67,0.37,0.11
3,0.06,0.04,0.14,0.58,0.5,0.26,0.67,0.37,0.11
3,0.06,0.04,0.14,0.58,0.5,0.26,0.67,0.37,0.11
3,0.06,0.04,0.14,0.58,0.5,0.26,0.67,0.37,0.11
3,0.06,0.04,0.14,0.58,0.5,0.26,0.67,0.37,0.11
3,0.06,0.04,0.14,0.58,0.5,0.26,0.67,0.37,0.11
3,0.06,0.04,0.14,0.58,0.5,0.26,0.67,0.37,0.11
3,0.06,0.04,0.14,0.58,0.5,0.26,0.67,0.37,0.11
3,0.06,0.06,0.12,0.7,0.64,0.12,0.75,0.33,0.17
3,0.06,0.06,0.12,0.7,0.64,0.12,0.75,0.33,0.17
3,0.06,0.06,0.12,0.7,0.64,0.12,0.75,0.33,0.17
3,0.06,0.06,0.12,0.7,0.64,0.12,0.75,0.33,0.17
3,0.06,0.06,0.12,0.7,0.64,0.12,0.75,0.33,0.17
3,0.06,0.06,0.12,0.7,0.64,0.12,0.75,0.33,0.17
3,0.06,0.06,0.12,0.7,0.64,0.12,0.75,0.33,0.17
3,0.06,0.06,0.12,0.7,0.64,0.12,0.75,0.33,0.17
3,0.06,0.06,0.12,0.7,0.64,0.12,0.75,0.33,0.17
3,0.06,0.06,0.12,0.7,0.64,0.12,0.75,0.33,0.17
3,0.06,0.06,0.12,0.7,0.64,0.12,0.75,0.33,0.17
3,0.06,0.06,0.12,0.7,0.64,0.12,0.75,0.33,0.17
3,0.27,0.41,0.14,0.58,0.62,0.47,0.64,0.36,0.15
3,0.27,0.41,0.14,0.58,0.62,0.47,0.64,0.36,0.15
3,0.27,0.41,0.14,0.58,0.62,0.47,0.64,0.36,0.15
3,0.27,0.41,0.14,0.58,0.62,0.47,0.64,0.36,0.15
3,0.27,0.41,0.14,0.58,0.62,0.47,0.64,0.36,0.15
3,0.27,0.41,0.14,0.58,0.62,0.47,0.64,0.36,0.15
3,0.27,0.41,0.14,0.58,0.62,0.47,0.64,0.36,0.15
3,0.27,0.41,0.14,0.58,0.62,0.47,0.64,0.36,0.15
3,0.27,0.41,0.14,0.58,0.62,0.47,0.64,0.36,0.15
3,0.27,0.41,0.14,0.58,0.62,0.47,0.64,0.36,0.15
3,0.27,0.41,0.14,0.58,0.62,0.47,0.64,0.36,0.15
3,0.27,0.41,0.14,0.58,0.62,0.47,0.64,0.36,0.15
3,0.26,0.41,0.09,0.48,0.39,0.19,0.82,0.22,0.12
3,0.26,0.41,0.09,0.48,0.39,0.19,0.82,0.22,0.12
3,0.26,0.41,0.09,0.48,0.39,0.19,0.82,0.22,0.12
3,0.26,0.41,0.09,0.48,0.39,0.19,0.82,0.22,0.12
3,0.26,0.41,0.09,0.48,0.39,0.19,0.82,0.22,0.12
3,0.26,0.41,0.09,0.48,0.39,0.19,0.82,0.22,0.12
3,0.26,0.41,0.09,0.48,0.39,0.19,0.82,0.22,0.12
3,0.26,0.41,0.09,0.48,0.39,0.19,0.82,0.22,0.12
3,0.26,0.41,0.09,0.48,0.39,0.19,0.82,0.22,0.12
3,0.26,0.41,0.09,0.48,0.39,0.19,0.82,0.22,0.12
3,0.26,0.41,0.09,0.48,0.39,0.19,0.82,0.22,0.12
3,0.26,0.41,0.09,0.48,0.39,0.19,0.82,0.22,0.12
3,0.16,0.32,0.12,0.51,0.47,0.24,0.83,0.29,0.15
3,0.16,0.32,0.12,0.51,0.47,0.24,0.83,0.29,0.15
3,0.16,0.32,0.12,0.51,0.47,0.24,0.83,0.29,0.15
3,0.16,0.32,0.12,0.51,0.47,0.24,0.83,0.29,0.15
3,0.16,0.32,0.12,0.51,0.47,0.24,0.83,0.29,0.15
3,0.16,0.32,0.12,0.51,0.47,0.24,0.83,0.29,0.15
3,0.16,0.32,0.12,0.51,0.47,0.24,0.83,0.29,0.15
3,0.16,0.32,0.12,0.51,0.47,0.24,0.83,0.29,0.15
3,0.16,0.32,0.12,0.51,0.47,0.24,0.83,0.29,0.15
3,0.16,0.32,0.12,0.51,0.47,0.24,0.83,0.29,0.15
3,0.16,0.32,0.12,0.51,0.47,0.24,0.83,0.29,0.15
3,0.16,0.32,0.12,0.51,0.47,0.24,0.83,0.29,0.15
3,0.09,0.25,0.13,0.55,0.53,0.73,0.58,0.29,0.15
3,0.09,0.25,0.13,0.55,0.53,0.73,0.58,0.29,0.15
3,0.09,0.25,0.13,0.55,0.53,0.73,0.58,0.29,0.15
3,0.09,0.25,0.13,0.55,0.53,0.73,0.58,0.29,0.15
3,0.09,0.25,0.13,0.55,0.53,0.73,0.58,0.29,0.15
3,0.09,0.25,0.13,0.55,0.53,0.73,0.58,0.29,0.15
3,0.09,0.25,0.13,0.55,0.53,0.73,0.58,0.29,0.15
3,0.09,0.25,0.13,0.55,0.53,0.73,0.58,0.29,0.15
3,0.09,0.25,0.13,0.55,0.53,0.73,0.58,0.29,0.15
3,0.09,0.25,0.13,0.55,0.53,0.73,0.58,0.29,0.15
3,0.09,0.25,0.13,0.55,0.53,0.73,0.58,0.29,0.15
3,0.09,0.25,0.13,0.55,0.53,0.73,0.58,0.29,0.15
3,0.17,0.36,0.11,0.49,0.46,1.0,0.47,0.35,0.17
3,0.17,0.36,0.11,0.49,0.46,1.0,0.47,0.35,0.17
3,0.17,0.36,0.11,0.49,0.46,1.0,0.47,0.35,0.17
3,0.17,0.36,0.11,0.49,0.46,1.0,0.47,0.35,0.17
3,0.17,0.36,0.11,0.49,0.46,1.0,0.47,0.35,0.17
3,0.17,0.36,0.11,0.49,0.46,1.0,0.47,0.35,0.17
3,0.17,0.36,0.11,0.49,0.46,1.0,0.47,0.35,0.17
3,0.17,0.36,0.11,0.49,0.46,1.0,0.47,0.35,0.17
3,0.17,0.36,0.11,0.49,0.46,1.0,0.47,0.35,0.17
3,0.17,0.36,0.11,0.49,0.46,1.0,0.47,0.35,0.17
3,0.17,0.36,0.11,0.49,0.46,1.0,0.47,0.35,0.17
3,0.17,0.36,0.11,0.49,0.46,1.0,0.47,0.35,0.17
3,0.05,0.12,0.19,0.6,0.56,0.12,0.73,0.3,0.12
3,0.05,0.12,0.19,0.6,0.56,0.12,0.73,0.3,0.12
3,0.05,0.12,0.19,0.6,0.56,0.12,0.73,0.3,0.12
3,0.05,0.12,0.19,0.6,0.56,0.12,0.73,0.3,0.12
3,0.05,0.12,0.19,0.6,0.56,0.12,0.73,0.3,0.12
3,0.05,0.12,0.19,0.6,0.56,0.12,0.73,0.3,0.12
3,0.05,0.12,0.19,0.6,0.56,0.12,0.73,0.3,0.12
3,0.05,0.12,0.19,0.6,0.56,0.12,0.73,0.3,0.12
3,0.05,0.12,0.19,0.6,0.56,0.12,0.73,0.3,0.12
3,0.05,0.12,0.19,0.6,0.56,0.12,0.73,0.3,0.12
3,0.05,0.12,0.19,0.6,0.56,0.12,0.73,0.3,0.12
3,0.05,0.12,0.19,0.6,0.56,0.12,0.73,0.3,0.12
3,0.05,0.11,0.2,0.51,0.38,0.17,0.51,0.34,0.2
3,0.05,0.11,0.2,0.51,0.38,0.17,0.51,0.34,0.2
3,0.05,0.11,0.2,0.51,0.38,0.17,0.51,0.34,0.2
3,0.05,0.11,0.2,0.51,0.38,0.17,0.51,0.34,0.2
3,0.05,0.11,0.2,0.51,0.38,0.17,0.51,0.34,0.2
3,0.05,0.11,0.2,0.51,0.38,0.17,0.51,0.34,0.2
3,0.05,0.11,0.2,0.51,0.38,0.17,0.51,0.34,0.2
3,0.05,0.11,0.2,0.51,0.38,0.17,0.51,0.34,0.2
3,0.05,0.11,0.2,0.51,0.38,0.17,0.51,0.34,0.2
3,0.05,0.11,0.2,0.51,0.38,0.17,0.51,0.34,0.2
3,0.05,0.11,0.2,0.51,0.38,0.17,0.51,0.34,0.2
3,0.05,0.11,0.2,0.51,0.38,0.17,0.51,0.34,0.2
3,0.27,0.29,0.11,0.56,0.33,0.15,0.49,0.36,0.16
3,0.27,0.29,0.11,0.56,0.33,0.15,0.49,0.36,0.16
3,0.27,0.29,0.11,0.56,0.33,0.15,0.49,0.36,0.16
3,0.27,0.29,0.11,0.56,0.33,0.15,0.49,0.36,0.16
3,0.27,0.29,0.11,0.56,0.33,0.15,0.49,0.36,0.16
3,0.27,0.29,0.11,0.56,0.33,0.15,0.49,0.36,0.16
3,0.27,0.29,0.11,0.56,0.33,0.15,0.49,0.36,0.16
3,0.27,0.29,0.11,0.56,0.33,0.15,0.49,0.36,0.16
3,0.27,0.29,0.11,0.56,0.33,0.15,0.49,0.36,0.16
3,0.27,0.29,0.11,0.56,0.33,0.15,0.49,0.36,0.16
3,0.27,0.29,0.11,0.56,0.33,0.15,0.49,0.36,0.16
3,0.27,0.29,0.11,0.56,0.33,0.15,0.49,0.36,0.16
