Degree,B Std,Hue Std,Chroma Std,Kurtosis A,Saturation Mean,Skewness A,Chroma Mean,Saturation Std,Skewness B,B Mean,Correlation,Homogeneity,A Std,Contrast,Hue Mean,Cb Std
1,0.18,0.19,3.79,7.42,0.57,-0.96,10.5,0.13,-0.8,0.56,0.89,0.71,0.17,0.13,0.52,0.12
1,0.18,0.19,3.79,7.42,0.57,-0.96,10.5,0.13,-0.8,0.56,0.89,0.71,0.17,0.13,0.52,0.12
1,0.18,0.19,3.79,7.42,0.57,-0.96,10.5,0.13,-0.8,0.56,0.89,0.71,0.17,0.13,0.52,0.12
1,0.18,0.19,3.79,7.42,0.57,-0.96,10.5,0.13,-0.8,0.56,0.89,0.71,0.17,0.13,0.52,0.12
1,0.18,0.19,3.79,7.42,0.57,-0.96,10.5,0.13,-0.8,0.56,0.89,0.71,0.17,0.13,0.52,0.12
1,0.18,0.19,3.79,7.42,0.57,-0.96,10.5,0.13,-0.8,0.56,0.89,0.71,0.17,0.13,0.52,0.12
1,0.18,0.19,3.79,7.42,0.57,-0.96,10.5,0.13,-0.8,0.56,0.89,0.71,0.17,0.13,0.52,0.12
1,0.18,0.19,3.79,7.42,0.57,-0.96,10.5,0.13,-0.8,0.56,0.89,0.71,0.17,0.13,0.52,0.12
1,0.18,0.19,3.79,7.42,0.57,-0.96,10.5,0.13,-0.8,0.56,0.89,0.71,0.17,0.13,0.52,0.12
1,0.18,0.19,3.79,7.42,0.57,-0.96,10.5,0.13,-0.8,0.56,0.89,0.71,0.17,0.13,0.52,0.12
1,0.18,0.19,3.79,7.42,0.57,-0.96,10.5,0.13,-0.8,0.56,0.89,0.71,0.17,0.13,0.52,0.12
1,0.18,0.19,3.79,7.42,0.57,-0.96,10.5,0.13,-0.8,0.56,0.89,0.71,0.17,0.13,0.52,0.12
1,0.1,0.13,3.6,1.49,0.23,0.82,10.61,0.07,0.79,0.38,0.96,0.76,0.08,0.05,0.36,0.12
1,0.1,0.13,3.6,1.49,0.23,0.82,10.61,0.07,0.79,0.38,0.96,0.76,0.08,0.05,0.36,0.12
1,0.1,0.13,3.6,1.49,0.23,0.82,10.61,0.07,0.79,0.38,0.96,0.76,0.08,0.05,0.36,0.12
1,0.1,0.13,3.6,1.49,0.23,0.82,10.61,0.07,0.79,0.38,0.96,0.76,0.08,0.05,0.36,0.12
1,0.1,0.13,3.6,1.49,0.23,0.82,10.61,0.07,0.79,0.38,0.96,0.76,0.08,0.05,0.36,0.12
1,0.1,0.13,3.6,1.49,0.23,0.82,10.61,0.07,0.79,0.38,0.96,0.76,0.08,0.05,0.36,0.12
1,0.1,0.13,3.6,1.49,0.23,0.82,10.61,0.07,0.79,0.38,0.96,0.76,0.08,0.05,0.36,0.12
1,0.1,0.13,3.6,1.49,0.23,0.82,10.61,0.07,0.79,0.38,0.96,0.76,0.08,0.05,0.36,0.12
1,0.1,0.13,3.6,1.49,0.23,0.82,10.61,0.07,0.79,0.38,0.96,0.76,0.08,0.05,0.36,0.12
1,0.1,0.13,3.6,1.49,0.23,0.82,10.61,0.07,0.79,0.38,0.96,0.76,0.08,0.05,0.36,0.12
1,0.1,0.13,3.6,1.49,0.23,0.82,10.61,0.07,0.79,0.38,0.96,0.76,0.08,0.05,0.36,0.12
1,0.1,0.13,3.6,1.49,0.23,0.82,10.61,0.07,0.79,0.38,0.96,0.76,0.08,0.05,0.36,0.12
1,0.16,0.16,4.26,0.87,0.47,-0.28,10.16,0.14,0.17,0.52,0.98,0.71,0.1,0.05,0.34,0.24
1,0.16,0.16,4.26,0.87,0.47,-0.28,10.16,0.14,0.17,0.52,0.98,0.71,0.1,0.05,0.34,0.24
1,0.16,0.16,4.26,0.87,0.47,-0.28,10.16,0.14,0.17,0.52,0.98,0.71,0.1,0.05,0.34,0.24
1,0.16,0.16,4.26,0.87,0.47,-0.28,10.16,0.14,0.17,0.52,0.98,0.71,0.1,0.05,0.34,0.24
1,0.16,0.16,4.26,0.87,0.47,-0.28,10.16,0.14,0.17,0.52,0.98,0.71,0.1,0.05,0.34,0.24
1,0.16,0.16,4.26,0.87,0.47,-0.28,10.16,0.14,0.17,0.52,0.98,0.71,0.1,0.05,0.34,0.24
1,0.16,0.16,4.26,0.87,0.47,-0.28,10.16,0.14,0.17,0.52,0.98,0.71,0.1,0.05,0.34,0.24
1,0.16,0.16,4.26,0.87,0.47,-0.28,10.16,0.14,0.17,0.52,0.98,0.71,0.1,0.05,0.34,0.24
1,0.16,0.16,4.26,0.87,0.47,-0.28,10.16,0.14,0.17,0.52,0.98,0.71,0.1,0.05,0.34,0.24
1,0.16,0.16,4.26,0.87,0.47,-0.28,10.16,0.14,0.17,0.52,0.98,0.71,0.1,0.05,0.34,0.24
1,0.16,0.16,4.26,0.87,0.47,-0.28,10.16,0.14,0.17,0.52,0.98,0.71,0.1,0.05,0.34,0.24
1,0.16,0.16,4.26,0.87,0.47,-0.28,10.16,0.14,0.17,0.52,0.98,0.71,0.1,0.05,0.34,0.24
1,0.17,0.09,4.15,25.91,0.42,-1.05,10.26,0.11,-1.53,0.61,0.92,0.65,0.17,0.21,0.36,0.18
1,0.17,0.09,4.15,25.91,0.42,-1.05,10.26,0.11,-1.53,0.61,0.92,0.65,0.17,0.21,0.36,0.18
1,0.17,0.09,4.15,25.91,0.42,-1.05,10.26,0.11,-1.53,0.61,0.92,0.65,0.17,0.21,0.36,0.18
1,0.17,0.09,4.15,25.91,0.42,-1.05,10.26,0.11,-1.53,0.61,0.92,0.65,0.17,0.21,0.36,0.18
1,0.17,0.09,4.15,25.91,0.42,-1.05,10.26,0.11,-1.53,0.61,0.92,0.65,0.17,0.21,0.36,0.18
1,0.17,0.09,4.15,25.91,0.42,-1.05,10.26,0.11,-1.53,0.61,0.92,0.65,0.17,0.21,0.36,0.18
1,0.17,0.09,4.15,25.91,0.42,-1.05,10.26,0.11,-1.53,0.61,0.92,0.65,0.17,0.21,0.36,0.18
1,0.17,0.09,4.15,25.91,0.42,-1.05,10.26,0.11,-1.53,0.61,0.92,0.65,0.17,0.21,0.36,0.18
1,0.17,0.09,4.15,25.91,0.42,-1.05,10.26,0.11,-1.53,0.61,0.92,0.65,0.17,0.21,0.36,0.18
1,0.17,0.09,4.15,25.91,0.42,-1.05,10.26,0.11,-1.53,0.61,0.92,0.65,0.17,0.21,0.36,0.18
1,0.17,0.09,4.15,25.91,0.42,-1.05,10.26,0.11,-1.53,0.61,0.92,0.65,0.17,0.21,0.36,0.18
1,0.17,0.09,4.15,25.91,0.42,-1.05,10.26,0.11,-1.53,0.61,0.92,0.65,0.17,0.21,0.36,0.18
1,0.11,0.18,3.85,3.61,0.44,0.08,10.73,0.08,0.2,0.59,0.96,0.55,0.11,0.05,0.46,0.13
1,0.11,0.18,3.85,3.61,0.44,0.08,10.73,0.08,0.2,0.59,0.96,0.55,0.11,0.05,0.46,0.13
1,0.11,0.18,3.85,3.61,0.44,0.08,10.73,0.08,0.2,0.59,0.96,0.55,0.11,0.05,0.46,0.13
1,0.11,0.18,3.85,3.61,0.44,0.08,10.73,0.08,0.2,0.59,0.96,0.55,0.11,0.05,0.46,0.13
1,0.11,0.18,3.85,3.61,0.44,0.08,10.73,0.08,0.2,0.59,0.96,0.55,0.11,0.05,0.46,0.13
1,0.11,0.18,3.85,3.61,0.44,0.08,10.73,0.08,0.2,0.59,0.96,0.55,0.11,0.05,0.46,0.13
1,0.11,0.18,3.85,3.61,0.44,0.08,10.73,0.08,0.2,0.59,0.96,0.55,0.11,0.05,0.46,0.13
1,0.11,0.18,3.85,3.61,0.44,0.08,10.73,0.08,0.2,0.59,0.96,0.55,0.11,0.05,0.46,0.13
1,0.11,0.18,3.85,3.61,0.44,0.08,10.73,0.08,0.2,0.59,0.96,0.55,0.11,0.05,0.46,0.13
1,0.11,0.18,3.85,3.61,0.44,0.08,10.73,0.08,0.2,0.59,0.96,0.55,0.11,0.05,0.46,0.13
1,0.11,0.18,3.85,3.61,0.44,0.08,10.73,0.08,0.2,0.59,0.96,0.55,0.11,0.05,0.46,0.13
1,0.11,0.18,3.85,3.61,0.44,0.08,10.73,0.08,0.2,0.59,0.96,0.55,0.11,0.05,0.46,0.13
1,0.21,0.23,4.1,7.76,0.43,-0.8,9.99,0.12,0.47,0.47,0.87,0.32,0.14,0.17,0.44,0.19
1,0.21,0.23,4.1,7.76,0.43,-0.8,9.99,0.12,0.47,0.47,0.87,0.32,0.14,0.17,0.44,0.19
1,0.21,0.23,4.1,7.76,0.43,-0.8,9.99,0.12,0.47,0.47,0.87,0.32,0.14,0.17,0.44,0.19
1,0.21,0.23,4.1,7.76,0.43,-0.8,9.99,0.12,0.47,0.47,0.87,0.32,0.14,0.17,0.44,0.19
1,0.21,0.23,4.1,7.76,0.43,-0.8,9.99,0.12,0.47,0.47,0.87,0.32,0.14,0.17,0.44,0.19
1,0.21,0.23,4.1,7.76,0.43,-0.8,9.99,0.12,0.47,0.47,0.87,0.32,0.14,0.17,0.44,0.19
1,0.21,0.23,4.1,7.76,0.43,-0.8,9.99,0.12,0.47,0.47,0.87,0.32,0.14,0.17,0.44,0.19
1,0.21,0.23,4.1,7.76,0.43,-0.8,9.99,0.12,0.47,0.47,0.87,0.32,0.14,0.17,0.44,0.19
1,0.21,0.23,4.1,7.76,0.43,-0.8,9.99,0.12,0.47,0.47,0.87,0.32,0.14,0.17,0.44,0.19
1,0.21,0.23,4.1,7.76,0.43,-0.8,9.99,0.12,0.47,0.47,0.87,0.32,0.14,0.17,0.44,0.19
1,0.21,0.23,4.1,7.76,0.43,-0.8,9.99,0.12,0.47,0.47,0.87,0.32,0.14,0.17,0.44,0.19
1,0.21,0.23,4.1,7.76,0.43,-0.8,9.99,0.12,0.47,0.47,0.87,0.32,0.14,0.17,0.44,0.19
1,0.15,0.14,3.74,0.61,0.38,0.11,10.47,0.18,0.62,0.4,0.97,0.64,0.19,0.06,0.42,0.26
1,0.15,0.14,3.74,0.61,0.38,0.11,10.47,0.18,0.62,0.4,0.97,0.64,0.19,0.06,0.42,0.26
1,0.15,0.14,3.74,0.61,0.38,0.11,10.47,0.18,0.62,0.4,0.97,0.64,0.19,0.06,0.42,0.26
1,0.15,0.14,3.74,0.61,0.38,0.11,10.47,0.18,0.62,0.4,0.97,0.64,0.19,0.06,0.42,0.26
1,0.15,0.14,3.74,0.61,0.38,0.11,10.47,0.18,0.62,0.4,0.97,0.64,0.19,0.06,0.42,0.26
1,0.15,0.14,3.74,0.61,0.38,0.11,10.47,0.18,0.62,0.4,0.97,0.64,0.19,0.06,0.42,0.26
1,0.15,0.14,3.74,0.61,0.38,0.11,10.47,0.18,0.62,0.4,0.97,0.64,0.19,0.06,0.42,0.26
1,0.15,0.14,3.74,0.61,0.38,0.11,10.47,0.18,0.62,0.4,0.97,0.64,0.19,0.06,0.42,0.26
1,0.15,0.14,3.74,0.61,0.38,0.11,10.47,0.18,0.62,0.4,0.97,0.64,0.19,0.06,0.42,0.26
1,0.15,0.14,3.74,0.61,0.38,0.11,10.47,0.18,0.62,0.4,0.97,0.64,0.19,0.06,0.42,0.26
1,0.15,0.14,3.74,0.61,0.38,0.11,10.47,0.18,0.62,0.4,0.97,0.64,0.19,0.06,0.42,0.26
1,0.15,0.14,3.74,0.61,0.38,0.11,10.47,0.18,0.62,0.4,0.97,0.64,0.19,0.06,0.42,0.26
1,0.06,0.08,3.86,5.8,0.52,0.27,10.58,0.12,0.51,0.49,0.95,0.54,0.13,0.09,0.31,0.18
1,0.06,0.08,3.86,5.8,0.52,0.27,10.58,0.12,0.51,0.49,0.95,0.54,0.13,0.09,0.31,0.18
1,0.06,0.08,3.86,5.8,0.52,0.27,10.58,0.12,0.51,0.49,0.95,0.54,0.13,0.09,0.31,0.18
1,0.06,0.08,3.86,5.8,0.52,0.27,10.58,0.12,0.51,0.49,0.95,0.54,0.13,0.09,0.31,0.18
1,0.06,0.08,3.86,5.8,0.52,0.27,10.58,0.12,0.51,0.49,0.95,0.54,0.13,0.09,0.31,0.18
1,0.06,0.08,3.86,5.8,0.52,0.27,10.58,0.12,0.51,0.49,0.95,0.54,0.13,0.09,0.31,0.18
1,0.06,0.08,3.86,5.8,0.52,0.27,10.58,0.12,0.51,0.49,0.95,0.54,0.13,0.09,0.31,0.18
1,0.06,0.08,3.86,5.8,0.52,0.27,10.58,0.12,0.51,0.49,0.95,0.54,0.13,0.09,0.31,0.18
1,0.06,0.08,3.86,5.8,0.52,0.27,10.58,0.12,0.51,0.49,0.95,0.54,0.13,0.09,0.31,0.18
1,0.06,0.08,3.86,5.8,0.52,0.27,10.58,0.12,0.51,0.49,0.95,0.54,0.13,0.09,0.31,0.18
1,0.06,0.08,3.86,5.8,0.52,0.27,10.58,0.12,0.51,0.49,0.95,0.54,0.13,0.09,0.31,0.18
1,0.06,0.08,3.86,5.8,0.52,0.27,10.58,0.12,0.51,0.49,0.95,0.54,0.13,0.09,0.31,0.18
1,0.15,0.1,3.91,21.24,0.61,-1.71,10.56,0.11,-0.63,0.63,0.95,0.64,0.11,0.11,0.27,0.13
1,0.15,0.1,3.91,21.24,0.61,-1.71,10.56,0.11,-0.63,0.63,0.95,0.64,0.11,0.11,0.27,0.13
1,0.15,0.1,3.91,21.24,0.61,-1.71,10.56,0.11,-0.63,0.63,0.95,0.64,0.11,0.11,0.27,0.13
1,0.15,0.1,3.91,21.24,0.61,-1.71,10.56,0.11,-0.63,0.63,0.95,0.64,0.11,0.11,0.27,0.13
1,0.15,0.1,3.91,21.24,0.61,-1.71,10.56,0.11,-0.63,0.63,0.95,0.64,0.11,0.11,0.27,0.13
1,0.15,0.1,3.91,21.24,0.61,-1.71,10.56,0.11,-0.63,0.63,0.95,0.64,0.11,0.11,0.27,0.13
1,0.15,0.1,3.91,21.24,0.61,-1.71,10.56,0.11,-0.63,0.63,0.95,0.64,0.11,0.11,0.27,0.13
1,0.15,0.1,3.91,21.24,0.61,-1.71,10.56,0.11,-0.63,0.63,0.95,0.64,0.11,0.11,0.27,0.13
1,0.15,0.1,3.91,21.24,0.61,-1.71,10.56,0.11,-0.63,0.63,0.95,0.64,0.11,0.11,0.27,0.13
1,0.15,0.1,3.91,21.24,0.61,-1.71,10.56,0.11,-0.63,0.63,0.95,0.64,0.11,0.11,0.27,0.13
1,0.15,0.1,3.91,21.24,0.61,-1.71,10.56,0.11,-0.63,0.63,0.95,0.64,0.11,0.11,0.27,0.13
1,0.15,0.1,3.91,21.24,0.61,-1.71,10.56,0.11,-0.63,0.63,0.95,0.64,0.11,0.11,0.27,0.13
1,0.17,0.19,3.71,3.55,0.34,-0.02,10.55,0.21,1.07,0.41,0.97,0.59,0.24,0.04,0.48,0.16
1,0.17,0.19,3.71,3.55,0.34,-0.02,10.55,0.21,1.07,0.41,0.97,0.59,0.24,0.04,0.48,0.16
1,0.17,0.19,3.71,3.55,0.34,-0.02,10.55,0.21,1.07,0.41,0.97,0.59,0.24,0.04,0.48,0.16
1,0.17,0.19,3.71,3.55,0.34,-0.02,10.55,0.21,1.07,0.41,0.97,0.59,0.24,0.04,0.48,0.16
1,0.17,0.19,3.71,3.55,0.34,-0.02,10.55,0.21,1.07,0.41,0.97,0.59,0.24,0.04,0.48,0.16
1,0.17,0.19,3.71,3.55,0.34,-0.02,10.55,0.21,1.07,0.41,0.97,0.59,0.24,0.04,0.48,0.16
1,0.17,0.19,3.71,3.55,0.34,-0.02,10.55,0.21,1.07,0.41,0.97,0.59,0.24,0.04,0.48,0.16
1,0.17,0.19,3.71,3.55,0.34,-0.02,10.55,0.21,1.07,0.41,0.97,0.59,0.24,0.04,0.48,0.16
1,0.17,0.19,3.71,3.55,0.34,-0.02,10.55,0.21,1.07,0.41,0.97,0.59,0.24,0.04,0.48,0.16
1,0.17,0.19,3.71,3.55,0.34,-0.02,10.55,0.21,1.07,0.41,0.97,0.59,0.24,0.04,0.48,0.16
1,0.17,0.19,3.71,3.55,0.34,-0.02,10.55,0.21,1.07,0.41,0.97,0.59,0.24,0.04,0.48,0.16
1,0.17,0.19,3.71,3.55,0.34,-0.02,10.55,0.21,1.07,0.41,0.97,0.59,0.24,0.04,0.48,0.16
1,0.21,0.21,4.09,1.41,0.29,-0.3,10.12,0.12,0.41,0.46,0.96,0.86,0.2,0.11,0.47,0.22
1,0.21,0.21,4.09,1.41,0.29,-0.3,10.12,0.12,0.41,0.46,0.96,0.86,0.2,0.11,0.47,0.22
1,0.21,0.21,4.09,1.41,0.29,-0.3,10.12,0.12,0.41,0.46,0.96,0.86,0.2,0.11,0.47,0.22
1,0.21,0.21,4.09,1.41,0.29,-0.3,10.12,0.12,0.41,0.46,0.96,0.86,0.2,0.11,0.47,0.22
1,0.21,0.21,4.09,1.41,0.29,-0.3,10.12,0.12,0.41,0.46,0.96,0.86,0.2,0.11,0.47,0.22
1,0.21,0.21,4.09,1.41,0.29,-0.3,10.12,0.12,0.41,0.46,0.96,0.86,0.2,0.11,0.47,0.22
1,0.21,0.21,4.09,1.41,0.29,-0.3,10.12,0.12,0.41,0.46,0.96,0.86,0.2,0.11,0.47,0.22
1,0.21,0.21,4.09,1.41,0.29,-0.3,10.12,0.12,0.41,0.46,0.96,0.86,0.2,0.11,0.47,0.22
1,0.21,0.21,4.09,1.41,0.29,-0.3,10.12,0.12,0.41,0.46,0.96,0.86,0.2,0.11,0.47,0.22
1,0.21,0.21,4.09,1.41,0.29,-0.3,10.12,0.12,0.41,0.46,0.96,0.86,0.2,0.11,0.47,0.22
1,0.21,0.21,4.09,1.41,0.29,-0.3,10.12,0.12,0.41,0.46,0.96,0.86,0.2,0.11,0.47,0.22
1,0.21,0.21,4.09,1.41,0.29,-0.3,10.12,0.12,0.41,0.46,0.96,0.86,0.2,0.11,0.47,0.22
1,0.17,0.1,3.7,1.8,0.26,-0.32,10.82,0.16,0.52,0.33,0.93,0.65,0.15,0.16,0.22,0.23
1,0.17,0.1,3.7,1.8,0.26,-0.32,10.82,0.16,0.52,0.33,0.93,0.65,0.15,0.16,0.22,0.23
1,0.17,0.1,3.7,1.8,0.26,-0.32,10.82,0.16,0.52,0.33,0.93,0.65,0.15,0.16,0.22,0.23
1,0.17,0.1,3.7,1.8,0.26,-0.32,10.82,0.16,0.52,0.33,0.93,0.65,0.15,0.16,0.22,0.23
1,0.17,0.1,3.7,1.8,0.26,-0.32,10.82,0.16,0.52,0.33,0.93,0.65,0.15,0.16,0.22,0.23
1,0.17,0.1,3.7,1.8,0.26,-0.32,10.82,0.16,0.52,0.33,0.93,0.65,0.15,0.16,0.22,0.23
1,0.17,0.1,3.7,1.8,0.26,-0.32,10.82,0.16,0.52,0.33,0.93,0.65,0.15,0.16,0.22,0.23
1,0.17,0.1,3.7,1.8,0.26,-0.32,10.82,0.16,0.52,0.33,0.93,0.65,0.15,0.16,0.22,0.23
1,0.17,0.1,3.7,1.8,0.26,-0.32,10.82,0.16,0.52,0.33,0.93,0.65,0.15,0.16,0.22,0.23
1,0.17,0.1,3.7,1.8,0.26,-0.32,10.82,0.16,0.52,0.33,0.93,0.65,0.15,0.16,0.22,0.23
1,0.17,0.1,3.7,1.8,0.26,-0.32,10.82,0.16,0.52,0.33,0.93,0.65,0.15,0.16,0.22,0.23
1,0.17,0.1,3.7,1.8,0.26,-0.32,10.82,0.16,0.52,0.33,0.93,0.65,0.15,0.16,0.22,0.23
1,0.13,0.12,4.06,1.71,0.53,0.1,9.57,0.14,0.74,0.25,0.84,0.64,0.12,0.99,0.37,0.33
1,0.13,0.12,4.06,1.71,0.53,0.1,9.57,0.14,0.74,0.25,0.84,0.64,0.12,0.99,0.37,0.33
1,0.13,0.12,4.06,1.71,0.53,0.1,9.57,0.14,0.74,0.25,0.84,0.64,0.12,0.99,0.37,0.33
1,0.13,0.12,4.06,1.71,0.53,0.1,9.57,0.14,0.74,0.25,0.84,0.64,0.12,0.99,0.37,0.33
1,0.13,0.12,4.06,1.71,0.53,0.1,9.57,0.14,0.74,0.25,0.84,0.64,0.12,0.99,0.37,0.33
1,0.13,0.12,4.06,1.71,0.53,0.1,9.57,0.14,0.74,0.25,0.84,0.64,0.12,0.99,0.37,0.33
1,0.13,0.12,4.06,1.71,0.53,0.1,9.57,0.14,0.74,0.25,0.84,0.64,0.12,0.99,0.37,0.33
1,0.13,0.12,4.06,1.71,0.53,0.1,9.57,0.14,0.74,0.25,0.84,0.64,0.12,0.99,0.37,0.33
1,0.13,0.12,4.06,1.71,0.53,0.1,9.57,0.14,0.74,0.25,0.84,0.64,0.12,0.99,0.37,0.33
1,0.13,0.12,4.06,1.71,0.53,0.1,9.57,0.14,0.74,0.25,0.84,0.64,0.12,0.99,0.37,0.33
1,0.13,0.12,4.06,1.71,0.53,0.1,9.57,0.14,0.74,0.25,0.84,0.64,0.12,0.99,0.37,0.33
1,0.13,0.12,4.06,1.71,0.53,0.1,9.57,0.14,0.74,0.25,0.84,0.64,0.12,0.99,0.37,0.33
1,0.14,0.18,3.82,93.12,0.47,-1.71,10.37,0.12,-1.11,0.56,0.92,0.41,0.19,0.18,0.35,0.22
1,0.14,0.18,3.82,93.12,0.47,-1.71,10.37,0.12,-1.11,0.56,0.92,0.41,0.19,0.18,0.35,0.22
1,0.14,0.18,3.82,93.12,0.47,-1.71,10.37,0.12,-1.11,0.56,0.92,0.41,0.19,0.18,0.35,0.22
1,0.14,0.18,3.82,93.12,0.47,-1.71,10.37,0.12,-1.11,0.56,0.92,0.41,0.19,0.18,0.35,0.22
1,0.14,0.18,3.82,93.12,0.47,-1.71,10.37,0.12,-1.11,0.56,0.92,0.41,0.19,0.18,0.35,0.22
1,0.14,0.18,3.82,93.12,0.47,-1.71,10.37,0.12,-1.11,0.56,0.92,0.41,0.19,0.18,0.35,0.22
1,0.14,0.18,3.82,93.12,0.47,-1.71,10.37,0.12,-1.11,0.56,0.92,0.41,0.19,0.18,0.35,0.22
1,0.14,0.18,3.82,93.12,0.47,-1.71,10.37,0.12,-1.11,0.56,0.92,0.41,0.19,0.18,0.35,0.22
1,0.14,0.18,3.82,93.12,0.47,-1.71,10.37,0.12,-1.11,0.56,0.92,0.41,0.19,0.18,0.35,0.22
1,0.14,0.18,3.82,93.12,0.47,-1.71,10.37,0.12,-1.11,0.56,0.92,0.41,0.19,0.18,0.35,0.22
1,0.14,0.18,3.82,93.12,0.47,-1.71,10.37,0.12,-1.11,0.56,0.92,0.41,0.19,0.18,0.35,0.22
1,0.14,0.18,3.82,93.12,0.47,-1.71,10.37,0.12,-1.11,0.56,0.92,0.41,0.19,0.18,0.35,0.22
1,0.18,0.2,3.97,4.26,0.29,0.25,10.25,0.18,0.43,0.38,0.96,0.71,0.21,0.06,0.34,0.13
1,0.18,0.2,3.97,4.26,0.29,0.25,10.25,0.18,0.43,0.38,0.96,0.71,0.21,0.06,0.34,0.13
1,0.18,0.2,3.97,4.26,0.29,0.25,10.25,0.18,0.43,0.38,0.96,0.71,0.21,0.06,0.34,0.13
1,0.18,0.2,3.97,4.26,0.29,0.25,10.25,0.18,0.43,0.38,0.96,0.71,0.21,0.06,0.34,0.13
1,0.18,0.2,3.97,4.26,0.29,0.25,10.25,0.18,0.43,0.38,0.96,0.71,0.21,0.06,0.34,0.13
1,0.18,0.2,3.97,4.26,0.29,0.25,10.25,0.18,0.43,0.38,0.96,0.71,0.21,0.06,0.34,0.13
1,0.18,0.2,3.97,4.26,0.29,0.25,10.25,0.18,0.43,0.38,0.96,0.71,0.21,0.06,0.34,0.13
1,0.18,0.2,3.97,4.26,0.29,0.25,10.25,0.18,0.43,0.38,0.96,0.71,0.21,0.06,0.34,0.13
1,0.18,0.2,3.97,4.26,0.29,0.25,10.25,0.18,0.43,0.38,0.96,0.71,0.21,0.06,0.34,0.13
1,0.18,0.2,3.97,4.26,0.29,0.25,10.25,0.18,0.43,0.38,0.96,0.71,0.21,0.06,0.34,0.13
1,0.18,0.2,3.97,4.26,0.29,0.25,10.25,0.18,0.43,0.38,0.96,0.71,0.21,0.06,0.34,0.13
1,0.18,0.2,3.97,4.26,0.29,0.25,10.25,0.18,0.43,0.38,0.96,0.71,0.21,0.06,0.34,0.13
1,0.13,0.13,4.07,7.42,0.18,1.65,10.37,0.18,1.72,0.29,0.95,0.86,0.16,0.04,0.43,0.07
1,0.13,0.13,4.07,7.42,0.18,1.65,10.37,0.18,1.72,0.29,0.95,0.86,0.16,0.04,0.43,0.07
1,0.13,0.13,4.07,7.42,0.18,1.65,10.37,0.18,1.72,0.29,0.95,0.86,0.16,0.04,0.43,0.07
1,0.13,0.13,4.07,7.42,0.18,1.65,10.37,0.18,1.72,0.29,0.95,0.86,0.16,0.04,0.43,0.07
1,0.13,0.13,4.07,7.42,0.18,1.65,10.37,0.18,1.72,0.29,0.95,0.86,0.16,0.04,0.43,0.07
1,0.13,0.13,4.07,7.42,0.18,1.65,10.37,0.18,1.72,0.29,0.95,0.86,0.16,0.04,0.43,0.07
1,0.13,0.13,4.07,7.42,0.18,1.65,10.37,0.18,1.72,0.29,0.95,0.86,0.16,0.04,0.43,0.07
1,0.13,0.13,4.07,7.42,0.18,1.65,10.37,0.18,1.72,0.29,0.95,0.86,0.16,0.04,0.43,0.07
1,0.13,0.13,4.07,7.42,0.18,1.65,10.37,0.18,1.72,0.29,0.95,0.86,0.16,0.04,0.43,0.07
1,0.13,0.13,4.07,7.42,0.18,1.65,10.37,0.18,1.72,0.29,0.95,0.86,0.16,0.04,0.43,0.07
1,0.13,0.13,4.07,7.42,0.18,1.65,10.37,0.18,1.72,0.29,0.95,0.86,0.16,0.04,0.43,0.07
1,0.13,0.13,4.07,7.42,0.18,1.65,10.37,0.18,1.72,0.29,0.95,0.86,0.16,0.04,0.43,0.07
1,0.1,0.16,4.33,1.74,0.29,0.33,9.69,0.15,0.94,0.4,0.95,0.6,0.18,0.15,0.54,0.25
1,0.1,0.16,4.33,1.74,0.29,0.33,9.69,0.15,0.94,0.4,0.95,0.6,0.18,0.15,0.54,0.25
1,0.1,0.16,4.33,1.74,0.29,0.33,9.69,0.15,0.94,0.4,0.95,0.6,0.18,0.15,0.54,0.25
1,0.1,0.16,4.33,1.74,0.29,0.33,9.69,0.15,0.94,0.4,0.95,0.6,0.18,0.15,0.54,0.25
1,0.1,0.16,4.33,1.74,0.29,0.33,9.69,0.15,0.94,0.4,0.95,0.6,0.18,0.15,0.54,0.25
1,0.1,0.16,4.33,1.74,0.29,0.33,9.69,0.15,0.94,0.4,0.95,0.6,0.18,0.15,0.54,0.25
1,0.1,0.16,4.33,1.74,0.29,0.33,9.69,0.15,0.94,0.4,0.95,0.6,0.18,0.15,0.54,0.25
1,0.1,0.16,4.33,1.74,0.29,0.33,9.69,0.15,0.94,0.4,0.95,0.6,0.18,0.15,0.54,0.25
1,0.1,0.16,4.33,1.74,0.29,0.33,9.69,0.15,0.94,0.4,0.95,0.6,0.18,0.15,0.54,0.25
1,0.1,0.16,4.33,1.74,0.29,0.33,9.69,0.15,0.94,0.4,0.95,0.6,0.18,0.15,0.54,0.25
1,0.1,0.16,4.33,1.74,0.29,0.33,9.69,0.15,0.94,0.4,0.95,0.6,0.18,0.15,0.54,0.25
1,0.1,0.16,4.33,1.74,0.29,0.33,9.69,0.15,0.94,0.4,0.95,0.6,0.18,0.15,0.54,0.25
1,0.11,0.09,4.05,6.29,0.34,1.39,10.38,0.14,1.61,0.42,0.95,0.85,0.09,0.04,0.48,0.07
1,0.11,0.09,4.05,6.29,0.34,1.39,10.38,0.14,1.61,0.42,0.95,0.85,0.09,0.04,0.48,0.07
1,0.11,0.09,4.05,6.29,0.34,1.39,10.38,0.14,1.61,0.42,0.95,0.85,0.09,0.04,0.48,0.07
1,0.11,0.09,4.05,6.29,0.34,1.39,10.38,0.14,1.61,0.42,0.95,0.85,0.09,0.04,0.48,0.07
1,0.11,0.09,4.05,6.29,0.34,1.39,10.38,0.14,1.61,0.42,0.95,0.85,0.09,0.04,0.48,0.07
1,0.11,0.09,4.05,6.29,0.34,1.39,10.38,0.14,1.61,0.42,0.95,0.85,0.09,0.04,0.48,0.07
1,0.11,0.09,4.05,6.29,0.34,1.39,10.38,0.14,1.61,0.42,0.95,0.85,0.09,0.04,0.48,0.07
1,0.11,0.09,4.05,6.29,0.34,1.39,10.38,0.14,1.61,0.42,0.95,0.85,0.09,0.04,0.48,0.07
1,0.11,0.09,4.05,6.29,0.34,1.39,10.38,0.14,1.61,0.42,0.95,0.85,0.09,0.04,0.48,0.07
1,0.11,0.09,4.05,6.29,0.34,1.39,10.38,0.14,1.61,0.42,0.95,0.85,0.09,0.04,0.48,0.07
1,0.11,0.09,4.05,6.29,0.34,1.39,10.38,0.14,1.61,0.42,0.95,0.85,0.09,0.04,0.48,0.07
1,0.11,0.09,4.05,6.29,0.34,1.39,10.38,0.14,1.61,0.42,0.95,0.85,0.09,0.04,0.48,0.07
1,0.09,0.11,3.59,1.06,0.23,0.54,10.98,0.11,1.15,0.46,0.96,0.71,0.19,0.05,0.41,0.1
1,0.09,0.11,3.59,1.06,0.23,0.54,10.98,0.11,1.15,0.46,0.96,0.71,0.19,0.05,0.41,0.1
1,0.09,0.11,3.59,1.06,0.23,0.54,10.98,0.11,1.15,0.46,0.96,0.71,0.19,0.05,0.41,0.1
1,0.09,0.11,3.59,1.06,0.23,0.54,10.98,0.11,1.15,0.46,0.96,0.71,0.19,0.05,0.41,0.1
1,0.09,0.11,3.59,1.06,0.23,0.54,10.98,0.11,1.15,0.46,0.96,0.71,0.19,0.05,0.41,0.1
1,0.09,0.11,3.59,1.06,0.23,0.54,10.98,0.11,1.15,0.46,0.96,0.71,0.19,0.05,0.41,0.1
1,0.09,0.11,3.59,1.06,0.23,0.54,10.98,0.11,1.15,0.46,0.96,0.71,0.19,0.05,0.41,0.1
1,0.09,0.11,3.59,1.06,0.23,0.54,10.98,0.11,1.15,0.46,0.96,0.71,0.19,0.05,0.41,0.1
1,0.09,0.11,3.59,1.06,0.23,0.54,10.98,0.11,1.15,0.46,0.96,0.71,0.19,0.05,0.41,0.1
1,0.09,0.11,3.59,1.06,0.23,0.54,10.98,0.11,1.15,0.46,0.96,0.71,0.19,0.05,0.41,0.1
1,0.09,0.11,3.59,1.06,0.23,0.54,10.98,0.11,1.15,0.46,0.96,0.71,0.19,0.05,0.41,0.1
1,0.09,0.11,3.59,1.06,0.23,0.54,10.98,0.11,1.15,0.46,0.96,0.71,0.19,0.05,0.41,0.1
1,0.07,0.08,4.33,1.33,0.5,0.22,9.67,0.09,-0.2,0.69,0.95,0.53,0.08,0.09,0.53,0.17
1,0.07,0.08,4.33,1.33,0.5,0.22,9.67,0.09,-0.2,0.69,0.95,0.53,0.08,0.09,0.53,0.17
1,0.07,0.08,4.33,1.33,0.5,0.22,9.67,0.09,-0.2,0.69,0.95,0.53,0.08,0.09,0.53,0.17
1,0.07,0.08,4.33,1.33,0.5,0.22,9.67,0.09,-0.2,0.69,0.95,0.53,0.08,0.09,0.53,0.17
1,0.07,0.08,4.33,1.33,0.5,0.22,9.67,0.09,-0.2,0.69,0.95,0.53,0.08,0.09,0.53,0.17
1,0.07,0.08,4.33,1.33,0.5,0.22,9.67,0.09,-0.2,0.69,0.95,0.53,0.08,0.09,0.53,0.17
1,0.07,0.08,4.33,1.33,0.5,0.22,9.67,0.09,-0.2,0.69,0.95,0.53,0.08,0.09,0.53,0.17
1,0.07,0.08,4.33,1.33,0.5,0.22,9.67,0.09,-0.2,0.69,0.95,0.53,0.08,0.09,0.53,0.17
1,0.07,0.08,4.33,1.33,0.5,0.22,9.67,0.09,-0.2,0.69,0.95,0.53,0.08,0.09,0.53,0.17
1,0.07,0.08,4.33,1.33,0.5,0.22,9.67,0.09,-0.2,0.69,0.95,0.53,0.08,0.09,0.53,0.17
1,0.07,0.08,4.33,1.33,0.5,0.22,9.67,0.09,-0.2,0.69,0.95,0.53,0.08,0.09,0.53,0.17
1,0.07,0.08,4.33,1.33,0.5,0.22,9.67,0.09,-0.2,0.69,0.95,0.53,0.08,0.09,0.53,0.17
1,0.1,0.09,4.14,0.21,0.37,0.23,10.01,0.14,0.06,0.5,0.94,0.5,0.15,0.14,0.37,0.31
1,0.1,0.09,4.14,0.21,0.37,0.23,10.01,0.14,0.06,0.5,0.94,0.5,0.15,0.14,0.37,0.31
1,0.1,0.09,4.14,0.21,0.37,0.23,10.01,0.14,0.06,0.5,0.94,0.5,0.15,0.14,0.37,0.31
1,0.1,0.09,4.14,0.21,0.37,0.23,10.01,0.14,0.06,0.5,0.94,0.5,0.15,0.14,0.37,0.31
1,0.1,0.09,4.14,0.21,0.37,0.23,10.01,0.14,0.06,0.5,0.94,0.5,0.15,0.14,0.37,0.31
1,0.1,0.09,4.14,0.21,0.37,0.23,10.01,0.14,0.06,0.5,0.94,0.5,0.15,0.14,0.37,0.31
1,0.1,0.09,4.14,0.21,0.37,0.23,10.01,0.14,0.06,0.5,0.94,0.5,0.15,0.14,0.37,0.31
1,0.1,0.09,4.14,0.21,0.37,0.23,10.01,0.14,0.06,0.5,0.94,0.5,0.15,0.14,0.37,0.31
1,0.1,0.09,4.14,0.21,0.37,0.23,10.01,0.14,0.06,0.5,0.94,0.5,0.15,0.14,0.37,0.31
1,0.1,0.09,4.14,0.21,0.37,0.23,10.01,0.14,0.06,0.5,0.94,0.5,0.15,0.14,0.37,0.31
1,0.1,0.09,4.14,0.21,0.37,0.23,10.01,0.14,0.06,0.5,0.94,0.5,0.15,0.14,0.37,0.31
1,0.1,0.09,4.14,0.21,0.37,0.23,10.01,0.14,0.06,0.5,0.94,0.5,0.15,0.14,0.37,0.31
1,0.13,0.16,3.82,0.43,0.29,-0.08,10.49,0.16,1.76,0.29,0.95,0.63,0.19,0.08,0.25,0.12
1,0.13,0.16,3.82,0.43,0.29,-0.08,10.49,0.16,1.76,0.29,0.95,0.63,0.19,0.08,0.25,0.12
1,0.13,0.16,3.82,0.43,0.29,-0.08,10.49,0.16,1.76,0.29,0.95,0.63,0.19,0.08,0.25,0.12
1,0.13,0.16,3.82,0.43,0.29,-0.08,10.49,0.16,1.76,0.29,0.95,0.63,0.19,0.08,0.25,0.12
1,0.13,0.16,3.82,0.43,0.29,-0.08,10.49,0.16,1.76,0.29,0.95,0.63,0.19,0.08,0.25,0.12
1,0.13,0.16,3.82,0.43,0.29,-0.08,10.49,0.16,1.76,0.29,0.95,0.63,0.19,0.08,0.25,0.12
1,0.13,0.16,3.82,0.43,0.29,-0.08,10.49,0.16,1.76,0.29,0.95,0.63,0.19,0.08,0.25,0.12
1,0.13,0.16,3.82,0.43,0.29,-0.08,10.49,0.16,1.76,0.29,0.95,0.63,0.19,0.08,0.25,0.12
1,0.13,0.16,3.82,0.43,0.29,-0.08,10.49,0.16,1.76,0.29,0.95,0.63,0.19,0.08,0.25,0.12
1,0.13,0.16,3.82,0.43,0.29,-0.08,10.49,0.16,1.76,0.29,0.95,0.63,0.19,0.08,0.25,0.12
1,0.13,0.16,3.82,0.43,0.29,-0.08,10.49,0.16,1.76,0.29,0.95,0.63,0.19,0.08,0.25,0.12
1,0.13,0.16,3.82,0.43,0.29,-0.08,10.49,0.16,1.76,0.29,0.95,0.63,0.19,0.08,0.25,0.12
1,0.08,0.12,4.02,1.34,0.74,-1.27,10.38,0.09,-0.36,0.72,0.94,0.46,0.07,0.06,0.4,0.21
1,0.08,0.12,4.02,1.34,0.74,-1.27,10.38,0.09,-0.36,0.72,0.94,0.46,0.07,0.06,0.4,0.21
1,0.08,0.12,4.02,1.34,0.74,-1.27,10.38,0.09,-0.36,0.72,0.94,0.46,0.07,0.06,0.4,0.21
1,0.08,0.12,4.02,1.34,0.74,-1.27,10.38,0.09,-0.36,0.72,0.94,0.46,0.07,0.06,0.4,0.21
1,0.08,0.12,4.02,1.34,0.74,-1.27,10.38,0.09,-0.36,0.72,0.94,0.46,0.07,0.06,0.4,0.21
1,0.08,0.12,4.02,1.34,0.74,-1.27,10.38,0.09,-0.36,0.72,0.94,0.46,0.07,0.06,0.4,0.21
1,0.08,0.12,4.02,1.34,0.74,-1.27,10.38,0.09,-0.36,0.72,0.94,0.46,0.07,0.06,0.4,0.21
1,0.08,0.12,4.02,1.34,0.74,-1.27,10.38,0.09,-0.36,0.72,0.94,0.46,0.07,0.06,0.4,0.21
1,0.08,0.12,4.02,1.34,0.74,-1.27,10.38,0.09,-0.36,0.72,0.94,0.46,0.07,0.06,0.4,0.21
1,0.08,0.12,4.02,1.34,0.74,-1.27,10.38,0.09,-0.36,0.72,0.94,0.46,0.07,0.06,0.4,0.21
1,0.08,0.12,4.02,1.34,0.74,-1.27,10.38,0.09,-0.36,0.72,0.94,0.46,0.07,0.06,0.4,0.21
1,0.08,0.12,4.02,1.34,0.74,-1.27,10.38,0.09,-0.36,0.72,0.94,0.46,0.07,0.06,0.4,0.21
1,0.18,0.17,4.02,10.79,0.39,-0.1,9.98,0.11,-0.09,0.48,0.86,0.79,0.19,0.25,0.47,0.12
1,0.18,0.17,4.02,10.79,0.39,-0.1,9.98,0.11,-0.09,0.48,0.86,0.79,0.19,0.25,0.47,0.12
1,0.18,0.17,4.02,10.79,0.39,-0.1,9.98,0.11,-0.09,0.48,0.86,0.79,0.19,0.25,0.47,0.12
1,0.18,0.17,4.02,10.79,0.39,-0.1,9.98,0.11,-0.09,0.48,0.86,0.79,0.19,0.25,0.47,0.12
1,0.18,0.17,4.02,10.79,0.39,-0.1,9.98,0.11,-0.09,0.48,0.86,0.79,0.19,0.25,0.47,0.12
1,0.18,0.17,4.02,10.79,0.39,-0.1,9.98,0.11,-0.09,0.48,0.86,0.79,0.19,0.25,0.47,0.12
1,0.18,0.17,4.02,10.79,0.39,-0.1,9.98,0.11,-0.09,0.48,0.86,0.79,0.19,0.25,0.47,0.12
1,0.18,0.17,4.02,10.79,0.39,-0.1,9.98,0.11,-0.09,0.48,0.86,0.79,0.19,0.25,0.47,0.12
1,0.18,0.17,4.02,10.79,0.39,-0.1,9.98,0.11,-0.09,0.48,0.86,0.79,0.19,0.25,0.47,0.12
1,0.18,0.17,4.02,10.79,0.39,-0.1,9.98,0.11,-0.09,0.48,0.86,0.79,0.19,0.25,0.47,0.12
1,0.18,0.17,4.02,10.79,0.39,-0.1,9.98,0.11,-0.09,0.48,0.86,0.79,0.19,0.25,0.47,0.12
1,0.18,0.17,4.02,10.79,0.39,-0.1,9.98,0.11,-0.09,0.48,0.86,0.79,0.19,0.25,0.47,0.12
1,0.1,0.11,3.66,0.3,0.33,-0.15,11.01,0.1,-0.36,0.54,0.96,0.84,0.13,0.05,0.49,0.17
1,0.1,0.11,3.66,0.3,0.33,-0.15,11.01,0.1,-0.36,0.54,0.96,0.84,0.13,0.05,0.49,0.17
1,0.1,0.11,3.66,0.3,0.33,-0.15,11.01,0.1,-0.36,0.54,0.96,0.84,0.13,0.05,0.49,0.17
1,0.1,0.11,3.66,0.3,0.33,-0.15,11.01,0.1,-0.36,0.54,0.96,0.84,0.13,0.05,0.49,0.17
1,0.1,0.11,3.66,0.3,0.33,-0.15,11.01,0.1,-0.36,0.54,0.96,0.84,0.13,0.05,0.49,0.17
1,0.1,0.11,3.66,0.3,0.33,-0.15,11.01,0.1,-0.36,0.54,0.96,0.84,0.13,0.05,0.49,0.17
1,0.1,0.11,3.66,0.3,0.33,-0.15,11.01,0.1,-0.36,0.54,0.96,0.84,0.13,0.05,0.49,0.17
1,0.1,0.11,3.66,0.3,0.33,-0.15,11.01,0.1,-0.36,0.54,0.96,0.84,0.13,0.05,0.49,0.17
1,0.1,0.11,3.66,0.3,0.33,-0.15,11.01,0.1,-0.36,0.54,0.96,0.84,0.13,0.05,0.49,0.17
1,0.1,0.11,3.66,0.3,0.33,-0.15,11.01,0.1,-0.36,0.54,0.96,0.84,0.13,0.05,0.49,0.17
1,0.1,0.11,3.66,0.3,0.33,-0.15,11.01,0.1,-0.36,0.54,0.96,0.84,0.13,0.05,0.49,0.17
1,0.1,0.11,3.66,0.3,0.33,-0.15,11.01,0.1,-0.36,0.54,0.96,0.84,0.13,0.05,0.49,0.17
1,0.11,0.16,3.77,0.5,0.33,-0.15,10.87,0.09,0.07,0.62,0.96,0.75,0.15,0.07,0.49,0.18
1,0.11,0.16,3.77,0.5,0.33,-0.15,10.87,0.09,0.07,0.62,0.96,0.75,0.15,0.07,0.49,0.18
1,0.11,0.16,3.77,0.5,0.33,-0.15,10.87,0.09,0.07,0.62,0.96,0.75,0.15,0.07,0.49,0.18
1,0.11,0.16,3.77,0.5,0.33,-0.15,10.87,0.09,0.07,0.62,0.96,0.75,0.15,0.07,0.49,0.18
1,0.11,0.16,3.77,0.5,0.33,-0.15,10.87,0.09,0.07,0.62,0.96,0.75,0.15,0.07,0.49,0.18
1,0.11,0.16,3.77,0.5,0.33,-0.15,10.87,0.09,0.07,0.62,0.96,0.75,0.15,0.07,0.49,0.18
1,0.11,0.16,3.77,0.5,0.33,-0.15,10.87,0.09,0.07,0.62,0.96,0.75,0.15,0.07,0.49,0.18
1,0.11,0.16,3.77,0.5,0.33,-0.15,10.87,0.09,0.07,0.62,0.96,0.75,0.15,0.07,0.49,0.18
1,0.11,0.16,3.77,0.5,0.33,-0.15,10.87,0.09,0.07,0.62,0.96,0.75,0.15,0.07,0.49,0.18
1,0.11,0.16,3.77,0.5,0.33,-0.15,10.87,0.09,0.07,0.62,0.96,0.75,0.15,0.07,0.49,0.18
1,0.11,0.16,3.77,0.5,0.33,-0.15,10.87,0.09,0.07,0.62,0.96,0.75,0.15,0.07,0.49,0.18
1,0.11,0.16,3.77,0.5,0.33,-0.15,10.87,0.09,0.07,0.62,0.96,0.75,0.15,0.07,0.49,0.18
1,0.18,0.17,3.76,0.7,0.4,-0.07,10.46,0.16,-0.46,0.63,0.96,0.66,0.2,0.07,0.51,0.21
1,0.18,0.17,3.76,0.7,0.4,-0.07,10.46,0.16,-0.46,0.63,0.96,0.66,0.2,0.07,0.51,0.21
1,0.18,0.17,3.76,0.7,0.4,-0.07,10.46,0.16,-0.46,0.63,0.96,0.66,0.2,0.07,0.51,0.21
1,0.18,0.17,3.76,0.7,0.4,-0.07,10.46,0.16,-0.46,0.63,0.96,0.66,0.2,0.07,0.51,0.21
1,0.18,0.17,3.76,0.7,0.4,-0.07,10.46,0.16,-0.46,0.63,0.96,0.66,0.2,0.07,0.51,0.21
1,0.18,0.17,3.76,0.7,0.4,-0.07,10.46,0.16,-0.46,0.63,0.96,0.66,0.2,0.07,0.51,0.21
1,0.18,0.17,3.76,0.7,0.4,-0.07,10.46,0.16,-0.46,0.63,0.96,0.66,0.2,0.07,0.51,0.21
1,0.18,0.17,3.76,0.7,0.4,-0.07,10.46,0.16,-0.46,0.63,0.96,0.66,0.2,0.07,0.51,0.21
1,0.18,0.17,3.76,0.7,0.4,-0.07,10.46,0.16,-0.46,0.63,0.96,0.66,0.2,0.07,0.51,0.21
1,0.18,0.17,3.76,0.7,0.4,-0.07,10.46,0.16,-0.46,0.63,0.96,0.66,0.2,0.07,0.51,0.21
1,0.18,0.17,3.76,0.7,0.4,-0.07,10.46,0.16,-0.46,0.63,0.96,0.66,0.2,0.07,0.51,0.21
1,0.18,0.17,3.76,0.7,0.4,-0.07,10.46,0.16,-0.46,0.63,0.96,0.66,0.2,0.07,0.51,0.21
1,0.12,0.1,4.11,0.09,0.28,0.11,10.56,0.14,-0.46,0.45,0.97,0.8,0.14,0.04,0.5,0.19
1,0.12,0.1,4.11,0.09,0.28,0.11,10.56,0.14,-0.46,0.45,0.97,0.8,0.14,0.04,0.5,0.19
1,0.12,0.1,4.11,0.09,0.28,0.11,10.56,0.14,-0.46,0.45,0.97,0.8,0.14,0.04,0.5,0.19
1,0.12,0.1,4.11,0.09,0.28,0.11,10.56,0.14,-0.46,0.45,0.97,0.8,0.14,0.04,0.5,0.19
1,0.12,0.1,4.11,0.09,0.28,0.11,10.56,0.14,-0.46,0.45,0.97,0.8,0.14,0.04,0.5,0.19
1,0.12,0.1,4.11,0.09,0.28,0.11,10.56,0.14,-0.46,0.45,0.97,0.8,0.14,0.04,0.5,0.19
1,0.12,0.1,4.11,0.09,0.28,0.11,10.56,0.14,-0.46,0.45,0.97,0.8,0.14,0.04,0.5,0.19
1,0.12,0.1,4.11,0.09,0.28,0.11,10.56,0.14,-0.46,0.45,0.97,0.8,0.14,0.04,0.5,0.19
1,0.12,0.1,4.11,0.09,0.28,0.11,10.56,0.14,-0.46,0.45,0.97,0.8,0.14,0.04,0.5,0.19
1,0.12,0.1,4.11,0.09,0.28,0.11,10.56,0.14,-0.46,0.45,0.97,0.8,0.14,0.04,0.5,0.19
1,0.12,0.1,4.11,0.09,0.28,0.11,10.56,0.14,-0.46,0.45,0.97,0.8,0.14,0.04,0.5,0.19
1,0.12,0.1,4.11,0.09,0.28,0.11,10.56,0.14,-0.46,0.45,0.97,0.8,0.14,0.04,0.5,0.19
1,0.11,0.16,4.23,1.3,0.5,-0.48,10.0,0.13,-0.81,0.51,0.97,0.66,0.19,0.08,0.45,0.36
1,0.11,0.16,4.23,1.3,0.5,-0.48,10.0,0.13,-0.81,0.51,0.97,0.66,0.19,0.08,0.45,0.36
1,0.11,0.16,4.23,1.3,0.5,-0.48,10.0,0.13,-0.81,0.51,0.97,0.66,0.19,0.08,0.45,0.36
1,0.11,0.16,4.23,1.3,0.5,-0.48,10.0,0.13,-0.81,0.51,0.97,0.66,0.19,0.08,0.45,0.36
1,0.11,0.16,4.23,1.3,0.5,-0.48,10.0,0.13,-0.81,0.51,0.97,0.66,0.19,0.08,0.45,0.36
1,0.11,0.16,4.23,1.3,0.5,-0.48,10.0,0.13,-0.81,0.51,0.97,0.66,0.19,0.08,0.45,0.36
1,0.11,0.16,4.23,1.3,0.5,-0.48,10.0,0.13,-0.81,0.51,0.97,0.66,0.19,0.08,0.45,0.36
1,0.11,0.16,4.23,1.3,0.5,-0.48,10.0,0.13,-0.81,0.51,0.97,0.66,0.19,0.08,0.45,0.36
1,0.11,0.16,4.23,1.3,0.5,-0.48,10.0,0.13,-0.81,0.51,0.97,0.66,0.19,0.08,0.45,0.36
1,0.11,0.16,4.23,1.3,0.5,-0.48,10.0,0.13,-0.81,0.51,0.97,0.66,0.19,0.08,0.45,0.36
1,0.11,0.16,4.23,1.3,0.5,-0.48,10.0,0.13,-0.81,0.51,0.97,0.66,0.19,0.08,0.45,0.36
1,0.11,0.16,4.23,1.3,0.5,-0.48,10.0,0.13,-0.81,0.51,0.97,0.66,0.19,0.08,0.45,0.36
1,0.07,0.16,4.02,7.68,0.78,-1.61,9.99,0.08,-4.64,0.79,0.96,0.69,0.1,0.11,0.44,0.24
1,0.07,0.16,4.02,7.68,0.78,-1.61,9.99,0.08,-4.64,0.79,0.96,0.69,0.1,0.11,0.44,0.24
1,0.07,0.16,4.02,7.68,0.78,-1.61,9.99,0.08,-4.64,0.79,0.96,0.69,0.1,0.11,0.44,0.24
1,0.07,0.16,4.02,7.68,0.78,-1.61,9.99,0.08,-4.64,0.79,0.96,0.69,0.1,0.11,0.44,0.24
1,0.07,0.16,4.02,7.68,0.78,-1.61,9.99,0.08,-4.64,0.79,0.96,0.69,0.1,0.11,0.44,0.24
1,0.07,0.16,4.02,7.68,0.78,-1.61,9.99,0.08,-4.64,0.79,0.96,0.69,0.1,0.11,0.44,0.24
1,0.07,0.16,4.02,7.68,0.78,-1.61,9.99,0.08,-4.64,0.79,0.96,0.69,0.1,0.11,0.44,0.24
1,0.07,0.16,4.02,7.68,0.78,-1.61,9.99,0.08,-4.64,0.79,0.96,0.69,0.1,0.11,0.44,0.24
1,0.07,0.16,4.02,7.68,0.78,-1.61,9.99,0.08,-4.64,0.79,0.96,0.69,0.1,0.11,0.44,0.24
1,0.07,0.16,4.02,7.68,0.78,-1.61,9.99,0.08,-4.64,0.79,0.96,0.69,0.1,0.11,0.44,0.24
1,0.07,0.16,4.02,7.68,0.78,-1.61,9.99,0.08,-4.64,0.79,0.96,0.69,0.1,0.11,0.44,0.24
1,0.07,0.16,4.02,7.68,0.78,-1.61,9.99,0.08,-4.64,0.79,0.96,0.69,0.1,0.11,0.44,0.24
1,0.07,0.11,3.81,5.39,0.44,-0.08,10.68,0.08,-0.94,0.77,0.99,0.55,0.13,0.01,0.63,0.08
1,0.07,0.11,3.81,5.39,0.44,-0.08,10.68,0.08,-0.94,0.77,0.99,0.55,0.13,0.01,0.63,0.08
1,0.07,0.11,3.81,5.39,0.44,-0.08,10.68,0.08,-0.94,0.77,0.99,0.55,0.13,0.01,0.63,0.08
1,0.07,0.11,3.81,5.39,0.44,-0.08,10.68,0.08,-0.94,0.77,0.99,0.55,0.13,0.01,0.63,0.08
1,0.07,0.11,3.81,5.39,0.44,-0.08,10.68,0.08,-0.94,0.77,0.99,0.55,0.13,0.01,0.63,0.08
1,0.07,0.11,3.81,5.39,0.44,-0.08,10.68,0.08,-0.94,0.77,0.99,0.55,0.13,0.01,0.63,0.08
1,0.07,0.11,3.81,5.39,0.44,-0.08,10.68,0.08,-0.94,0.77,0.99,0.55,0.13,0.01,0.63,0.08
1,0.07,0.11,3.81,5.39,0.44,-0.08,10.68,0.08,-0.94,0.77,0.99,0.55,0.13,0.01,0.63,0.08
1,0.07,0.11,3.81,5.39,0.44,-0.08,10.68,0.08,-0.94,0.77,0.99,0.55,0.13,0.01,0.63,0.08
1,0.07,0.11,3.81,5.39,0.44,-0.08,10.68,0.08,-0.94,0.77,0.99,0.55,0.13,0.01,0.63,0.08
1,0.07,0.11,3.81,5.39,0.44,-0.08,10.68,0.08,-0.94,0.77,0.99,0.55,0.13,0.01,0.63,0.08
1,0.07,0.11,3.81,5.39,0.44,-0.08,10.68,0.08,-0.94,0.77,0.99,0.55,0.13,0.01,0.63,0.08
1,0.11,0.17,3.82,8.79,0.65,-0.99,10.93,0.14,0.31,0.68,0.99,0.74,0.18,0.01,0.26,0.15
1,0.11,0.17,3.82,8.79,0.65,-0.99,10.93,0.14,0.31,0.68,0.99,0.74,0.18,0.01,0.26,0.15
1,0.11,0.17,3.82,8.79,0.65,-0.99,10.93,0.14,0.31,0.68,0.99,0.74,0.18,0.01,0.26,0.15
1,0.11,0.17,3.82,8.79,0.65,-0.99,10.93,0.14,0.31,0.68,0.99,0.74,0.18,0.01,0.26,0.15
1,0.11,0.17,3.82,8.79,0.65,-0.99,10.93,0.14,0.31,0.68,0.99,0.74,0.18,0.01,0.26,0.15
1,0.11,0.17,3.82,8.79,0.65,-0.99,10.93,0.14,0.31,0.68,0.99,0.74,0.18,0.01,0.26,0.15
1,0.11,0.17,3.82,8.79,0.65,-0.99,10.93,0.14,0.31,0.68,0.99,0.74,0.18,0.01,0.26,0.15
1,0.11,0.17,3.82,8.79,0.65,-0.99,10.93,0.14,0.31,0.68,0.99,0.74,0.18,0.01,0.26,0.15
1,0.11,0.17,3.82,8.79,0.65,-0.99,10.93,0.14,0.31,0.68,0.99,0.74,0.18,0.01,0.26,0.15
1,0.11,0.17,3.82,8.79,0.65,-0.99,10.93,0.14,0.31,0.68,0.99,0.74,0.18,0.01,0.26,0.15
1,0.11,0.17,3.82,8.79,0.65,-0.99,10.93,0.14,0.31,0.68,0.99,0.74,0.18,0.01,0.26,0.15
1,0.11,0.17,3.82,8.79,0.65,-0.99,10.93,0.14,0.31,0.68,0.99,0.74,0.18,0.01,0.26,0.15
1,0.12,0.2,3.92,4.23,0.5,-0.41,10.45,0.14,-0.68,0.69,0.99,0.58,0.15,0.03,0.49,0.23
1,0.12,0.2,3.92,4.23,0.5,-0.41,10.45,0.14,-0.68,0.69,0.99,0.58,0.15,0.03,0.49,0.23
1,0.12,0.2,3.92,4.23,0.5,-0.41,10.45,0.14,-0.68,0.69,0.99,0.58,0.15,0.03,0.49,0.23
1,0.12,0.2,3.92,4.23,0.5,-0.41,10.45,0.14,-0.68,0.69,0.99,0.58,0.15,0.03,0.49,0.23
1,0.12,0.2,3.92,4.23,0.5,-0.41,10.45,0.14,-0.68,0.69,0.99,0.58,0.15,0.03,0.49,0.23
1,0.12,0.2,3.92,4.23,0.5,-0.41,10.45,0.14,-0.68,0.69,0.99,0.58,0.15,0.03,0.49,0.23
1,0.12,0.2,3.92,4.23,0.5,-0.41,10.45,0.14,-0.68,0.69,0.99,0.58,0.15,0.03,0.49,0.23
1,0.12,0.2,3.92,4.23,0.5,-0.41,10.45,0.14,-0.68,0.69,0.99,0.58,0.15,0.03,0.49,0.23
1,0.12,0.2,3.92,4.23,0.5,-0.41,10.45,0.14,-0.68,0.69,0.99,0.58,0.15,0.03,0.49,0.23
1,0.12,0.2,3.92,4.23,0.5,-0.41,10.45,0.14,-0.68,0.69,0.99,0.58,0.15,0.03,0.49,0.23
1,0.12,0.2,3.92,4.23,0.5,-0.41,10.45,0.14,-0.68,0.69,0.99,0.58,0.15,0.03,0.49,0.23
1,0.12,0.2,3.92,4.23,0.5,-0.41,10.45,0.14,-0.68,0.69,0.99,0.58,0.15,0.03,0.49,0.23
1,0.06,0.1,3.56,12.38,0.64,-0.87,10.77,0.05,-3.8,0.81,0.97,0.76,0.08,0.06,0.7,0.06
1,0.06,0.1,3.56,12.38,0.64,-0.87,10.77,0.05,-3.8,0.81,0.97,0.76,0.08,0.06,0.7,0.06
1,0.06,0.1,3.56,12.38,0.64,-0.87,10.77,0.05,-3.8,0.81,0.97,0.76,0.08,0.06,0.7,0.06
1,0.06,0.1,3.56,12.38,0.64,-0.87,10.77,0.05,-3.8,0.81,0.97,0.76,0.08,0.06,0.7,0.06
1,0.06,0.1,3.56,12.38,0.64,-0.87,10.77,0.05,-3.8,0.81,0.97,0.76,0.08,0.06,0.7,0.06
1,0.06,0.1,3.56,12.38,0.64,-0.87,10.77,0.05,-3.8,0.81,0.97,0.76,0.08,0.06,0.7,0.06
1,0.06,0.1,3.56,12.38,0.64,-0.87,10.77,0.05,-3.8,0.81,0.97,0.76,0.08,0.06,0.7,0.06
1,0.06,0.1,3.56,12.38,0.64,-0.87,10.77,0.05,-3.8,0.81,0.97,0.76,0.08,0.06,0.7,0.06
1,0.06,0.1,3.56,12.38,0.64,-0.87,10.77,0.05,-3.8,0.81,0.97,0.76,0.08,0.06,0.7,0.06
1,0.06,0.1,3.56,12.38,0.64,-0.87,10.77,0.05,-3.8,0.81,0.97,0.76,0.08,0.06,0.7,0.06
1,0.06,0.1,3.56,12.38,0.64,-0.87,10.77,0.05,-3.8,0.81,0.97,0.76,0.08,0.06,0.7,0.06
1,0.06,0.1,3.56,12.38,0.64,-0.87,10.77,0.05,-3.8,0.81,0.97,0.76,0.08,0.06,0.7,0.06
1,0.09,0.11,4.0,15.82,0.63,-1.43,10.58,0.11,-2.74,0.77,0.97,0.58,0.13,0.05,0.56,0.16
1,0.09,0.11,4.0,15.82,0.63,-1.43,10.58,0.11,-2.74,0.77,0.97,0.58,0.13,0.05,0.56,0.16
1,0.09,0.11,4.0,15.82,0.63,-1.43,10.58,0.11,-2.74,0.77,0.97,0.58,0.13,0.05,0.56,0.16
1,0.09,0.11,4.0,15.82,0.63,-1.43,10.58,0.11,-2.74,0.77,0.97,0.58,0.13,0.05,0.56,0.16
1,0.09,0.11,4.0,15.82,0.63,-1.43,10.58,0.11,-2.74,0.77,0.97,0.58,0.13,0.05,0.56,0.16
1,0.09,0.11,4.0,15.82,0.63,-1.43,10.58,0.11,-2.74,0.77,0.97,0.58,0.13,0.05,0.56,0.16
1,0.09,0.11,4.0,15.82,0.63,-1.43,10.58,0.11,-2.74,0.77,0.97,0.58,0.13,0.05,0.56,0.16
1,0.09,0.11,4.0,15.82,0.63,-1.43,10.58,0.11,-2.74,0.77,0.97,0.58,0.13,0.05,0.56,0.16
1,0.09,0.11,4.0,15.82,0.63,-1.43,10.58,0.11,-2.74,0.77,0.97,0.58,0.13,0.05,0.56,0.16
1,0.09,0.11,4.0,15.82,0.63,-1.43,10.58,0.11,-2.74,0.77,0.97,0.58,0.13,0.05,0.56,0.16
1,0.09,0.11,4.0,15.82,0.63,-1.43,10.58,0.11,-2.74,0.77,0.97,0.58,0.13,0.05,0.56,0.16
1,0.09,0.11,4.0,15.82,0.63,-1.43,10.58,0.11,-2.74,0.77,0.97,0.58,0.13,0.05,0.56,0.16
1,0.15,0.18,3.71,1.81,0.53,-0.1,10.58,0.2,0.05,0.57,0.98,0.8,0.21,0.04,0.49,0.28
1,0.15,0.18,3.71,1.81,0.53,-0.1,10.58,0.2,0.05,0.57,0.98,0.8,0.21,0.04,0.49,0.28
1,0.15,0.18,3.71,1.81,0.53,-0.1,10.58,0.2,0.05,0.57,0.98,0.8,0.21,0.04,0.49,0.28
1,0.15,0.18,3.71,1.81,0.53,-0.1,10.58,0.2,0.05,0.57,0.98,0.8,0.21,0.04,0.49,0.28
1,0.15,0.18,3.71,1.81,0.53,-0.1,10.58,0.2,0.05,0.57,0.98,0.8,0.21,0.04,0.49,0.28
1,0.15,0.18,3.71,1.81,0.53,-0.1,10.58,0.2,0.05,0.57,0.98,0.8,0.21,0.04,0.49,0.28
1,0.15,0.18,3.71,1.81,0.53,-0.1,10.58,0.2,0.05,0.57,0.98,0.8,0.21,0.04,0.49,0.28
1,0.15,0.18,3.71,1.81,0.53,-0.1,10.58,0.2,0.05,0.57,0.98,0.8,0.21,0.04,0.49,0.28
1,0.15,0.18,3.71,1.81,0.53,-0.1,10.58,0.2,0.05,0.57,0.98,0.8,0.21,0.04,0.49,0.28
1,0.15,0.18,3.71,1.81,0.53,-0.1,10.58,0.2,0.05,0.57,0.98,0.8,0.21,0.04,0.49,0.28
1,0.15,0.18,3.71,1.81,0.53,-0.1,10.58,0.2,0.05,0.57,0.98,0.8,0.21,0.04,0.49,0.28
1,0.15,0.18,3.71,1.81,0.53,-0.1,10.58,0.2,0.05,0.57,0.98,0.8,0.21,0.04,0.49,0.28
1,0.2,0.13,4.11,40.69,0.69,-2.13,10.24,0.17,-2.42,0.74,0.9,0.79,0.19,0.26,0.63,0.13
1,0.2,0.13,4.11,40.69,0.69,-2.13,10.24,0.17,-2.42,0.74,0.9,0.79,0.19,0.26,0.63,0.13
1,0.2,0.13,4.11,40.69,0.69,-2.13,10.24,0.17,-2.42,0.74,0.9,0.79,0.19,0.26,0.63,0.13
1,0.2,0.13,4.11,40.69,0.69,-2.13,10.24,0.17,-2.42,0.74,0.9,0.79,0.19,0.26,0.63,0.13
1,0.2,0.13,4.11,40.69,0.69,-2.13,10.24,0.17,-2.42,0.74,0.9,0.79,0.19,0.26,0.63,0.13
1,0.2,0.13,4.11,40.69,0.69,-2.13,10.24,0.17,-2.42,0.74,0.9,0.79,0.19,0.26,0.63,0.13
1,0.2,0.13,4.11,40.69,0.69,-2.13,10.24,0.17,-2.42,0.74,0.9,0.79,0.19,0.26,0.63,0.13
1,0.2,0.13,4.11,40.69,0.69,-2.13,10.24,0.17,-2.42,0.74,0.9,0.79,0.19,0.26,0.63,0.13
1,0.2,0.13,4.11,40.69,0.69,-2.13,10.24,0.17,-2.42,0.74,0.9,0.79,0.19,0.26,0.63,0.13
1,0.2,0.13,4.11,40.69,0.69,-2.13,10.24,0.17,-2.42,0.74,0.9,0.79,0.19,0.26,0.63,0.13
1,0.2,0.13,4.11,40.69,0.69,-2.13,10.24,0.17,-2.42,0.74,0.9,0.79,0.19,0.26,0.63,0.13
1,0.2,0.13,4.11,40.69,0.69,-2.13,10.24,0.17,-2.42,0.74,0.9,0.79,0.19,0.26,0.63,0.13
1,0.1,0.16,3.74,0.41,0.32,-0.01,10.72,0.15,-0.57,0.64,0.94,0.63,0.1,0.15,0.45,0.25
1,0.1,0.16,3.74,0.41,0.32,-0.01,10.72,0.15,-0.57,0.64,0.94,0.63,0.1,0.15,0.45,0.25
1,0.1,0.16,3.74,0.41,0.32,-0.01,10.72,0.15,-0.57,0.64,0.94,0.63,0.1,0.15,0.45,0.25
1,0.1,0.16,3.74,0.41,0.32,-0.01,10.72,0.15,-0.57,0.64,0.94,0.63,0.1,0.15,0.45,0.25
1,0.1,0.16,3.74,0.41,0.32,-0.01,10.72,0.15,-0.57,0.64,0.94,0.63,0.1,0.15,0.45,0.25
1,0.1,0.16,3.74,0.41,0.32,-0.01,10.72,0.15,-0.57,0.64,0.94,0.63,0.1,0.15,0.45,0.25
1,0.1,0.16,3.74,0.41,0.32,-0.01,10.72,0.15,-0.57,0.64,0.94,0.63,0.1,0.15,0.45,0.25
1,0.1,0.16,3.74,0.41,0.32,-0.01,10.72,0.15,-0.57,0.64,0.94,0.63,0.1,0.15,0.45,0.25
1,0.1,0.16,3.74,0.41,0.32,-0.01,10.72,0.15,-0.57,0.64,0.94,0.63,0.1,0.15,0.45,0.25
1,0.1,0.16,3.74,0.41,0.32,-0.01,10.72,0.15,-0.57,0.64,0.94,0.63,0.1,0.15,0.45,0.25
1,0.1,0.16,3.74,0.41,0.32,-0.01,10.72,0.15,-0.57,0.64,0.94,0.63,0.1,0.15,0.45,0.25
1,0.1,0.16,3.74,0.41,0.32,-0.01,10.72,0.15,-0.57,0.64,0.94,0.63,0.1,0.15,0.45,0.25
1,0.19,0.19,3.9,0.82,0.31,-0.18,10.53,0.14,-0.94,0.62,0.98,0.67,0.2,0.05,0.51,0.24
1,0.19,0.19,3.9,0.82,0.31,-0.18,10.53,0.14,-0.94,0.62,0.98,0.67,0.2,0.05,0.51,0.24
1,0.19,0.19,3.9,0.82,0.31,-0.18,10.53,0.14,-0.94,0.62,0.98,0.67,0.2,0.05,0.51,0.24
1,0.19,0.19,3.9,0.82,0.31,-0.18,10.53,0.14,-0.94,0.62,0.98,0.67,0.2,0.05,0.51,0.24
1,0.19,0.19,3.9,0.82,0.31,-0.18,10.53,0.14,-0.94,0.62,0.98,0.67,0.2,0.05,0.51,0.24
1,0.19,0.19,3.9,0.82,0.31,-0.18,10.53,0.14,-0.94,0.62,0.98,0.67,0.2,0.05,0.51,0.24
1,0.19,0.19,3.9,0.82,0.31,-0.18,10.53,0.14,-0.94,0.62,0.98,0.67,0.2,0.05,0.51,0.24
1,0.19,0.19,3.9,0.82,0.31,-0.18,10.53,0.14,-0.94,0.62,0.98,0.67,0.2,0.05,0.51,0.24
1,0.19,0.19,3.9,0.82,0.31,-0.18,10.53,0.14,-0.94,0.62,0.98,0.67,0.2,0.05,0.51,0.24
1,0.19,0.19,3.9,0.82,0.31,-0.18,10.53,0.14,-0.94,0.62,0.98,0.67,0.2,0.05,0.51,0.24
1,0.19,0.19,3.9,0.82,0.31,-0.18,10.53,0.14,-0.94,0.62,0.98,0.67,0.2,0.05,0.51,0.24
1,0.19,0.19,3.9,0.82,0.31,-0.18,10.53,0.14,-0.94,0.62,0.98,0.67,0.2,0.05,0.51,0.24
1,0.04,0.05,3.85,8.7,0.44,-0.5,10.46,0.05,-3.84,0.64,0.99,0.86,0.11,0.01,0.47,0.12
1,0.04,0.05,3.85,8.7,0.44,-0.5,10.46,0.05,-3.84,0.64,0.99,0.86,0.11,0.01,0.47,0.12
1,0.04,0.05,3.85,8.7,0.44,-0.5,10.46,0.05,-3.84,0.64,0.99,0.86,0.11,0.01,0.47,0.12
1,0.04,0.05,3.85,8.7,0.44,-0.5,10.46,0.05,-3.84,0.64,0.99,0.86,0.11,0.01,0.47,0.12
1,0.04,0.05,3.85,8.7,0.44,-0.5,10.46,0.05,-3.84,0.64,0.99,0.86,0.11,0.01,0.47,0.12
1,0.04,0.05,3.85,8.7,0.44,-0.5,10.46,0.05,-3.84,0.64,0.99,0.86,0.11,0.01,0.47,0.12
1,0.04,0.05,3.85,8.7,0.44,-0.5,10.46,0.05,-3.84,0.64,0.99,0.86,0.11,0.01,0.47,0.12
1,0.04,0.05,3.85,8.7,0.44,-0.5,10.46,0.05,-3.84,0.64,0.99,0.86,0.11,0.01,0.47,0.12
1,0.04,0.05,3.85,8.7,0.44,-0.5,10.46,0.05,-3.84,0.64,0.99,0.86,0.11,0.01,0.47,0.12
1,0.04,0.05,3.85,8.7,0.44,-0.5,10.46,0.05,-3.84,0.64,0.99,0.86,0.11,0.01,0.47,0.12
1,0.04,0.05,3.85,8.7,0.44,-0.5,10.46,0.05,-3.84,0.64,0.99,0.86,0.11,0.01,0.47,0.12
1,0.04,0.05,3.85,8.7,0.44,-0.5,10.46,0.05,-3.84,0.64,0.99,0.86,0.11,0.01,0.47,0.12
1,0.18,0.11,3.68,2.61,0.28,0.11,10.76,0.16,-0.0,0.44,0.99,0.73,0.16,0.03,0.34,0.27
1,0.18,0.11,3.68,2.61,0.28,0.11,10.76,0.16,-0.0,0.44,0.99,0.73,0.16,0.03,0.34,0.27
1,0.18,0.11,3.68,2.61,0.28,0.11,10.76,0.16,-0.0,0.44,0.99,0.73,0.16,0.03,0.34,0.27
1,0.18,0.11,3.68,2.61,0.28,0.11,10.76,0.16,-0.0,0.44,0.99,0.73,0.16,0.03,0.34,0.27
1,0.18,0.11,3.68,2.61,0.28,0.11,10.76,0.16,-0.0,0.44,0.99,0.73,0.16,0.03,0.34,0.27
1,0.18,0.11,3.68,2.61,0.28,0.11,10.76,0.16,-0.0,0.44,0.99,0.73,0.16,0.03,0.34,0.27
1,0.18,0.11,3.68,2.61,0.28,0.11,10.76,0.16,-0.0,0.44,0.99,0.73,0.16,0.03,0.34,0.27
1,0.18,0.11,3.68,2.61,0.28,0.11,10.76,0.16,-0.0,0.44,0.99,0.73,0.16,0.03,0.34,0.27
1,0.18,0.11,3.68,2.61,0.28,0.11,10.76,0.16,-0.0,0.44,0.99,0.73,0.16,0.03,0.34,0.27
1,0.18,0.11,3.68,2.61,0.28,0.11,10.76,0.16,-0.0,0.44,0.99,0.73,0.16,0.03,0.34,0.27
1,0.18,0.11,3.68,2.61,0.28,0.11,10.76,0.16,-0.0,0.44,0.99,0.73,0.16,0.03,0.34,0.27
1,0.18,0.11,3.68,2.61,0.28,0.11,10.76,0.16,-0.0,0.44,0.99,0.73,0.16,0.03,0.34,0.27
1,0.08,0.12,4.09,7.97,0.45,-2.32,10.3,0.05,-0.76,0.59,0.93,0.76,0.08,0.11,0.4,0.09
1,0.08,0.12,4.09,7.97,0.45,-2.32,10.3,0.05,-0.76,0.59,0.93,0.76,0.08,0.11,0.4,0.09
1,0.08,0.12,4.09,7.97,0.45,-2.32,10.3,0.05,-0.76,0.59,0.93,0.76,0.08,0.11,0.4,0.09
1,0.08,0.12,4.09,7.97,0.45,-2.32,10.3,0.05,-0.76,0.59,0.93,0.76,0.08,0.11,0.4,0.09
1,0.08,0.12,4.09,7.97,0.45,-2.32,10.3,0.05,-0.76,0.59,0.93,0.76,0.08,0.11,0.4,0.09
1,0.08,0.12,4.09,7.97,0.45,-2.32,10.3,0.05,-0.76,0.59,0.93,0.76,0.08,0.11,0.4,0.09
1,0.08,0.12,4.09,7.97,0.45,-2.32,10.3,0.05,-0.76,0.59,0.93,0.76,0.08,0.11,0.4,0.09
1,0.08,0.12,4.09,7.97,0.45,-2.32,10.3,0.05,-0.76,0.59,0.93,0.76,0.08,0.11,0.4,0.09
1,0.08,0.12,4.09,7.97,0.45,-2.32,10.3,0.05,-0.76,0.59,0.93,0.76,0.08,0.11,0.4,0.09
1,0.08,0.12,4.09,7.97,0.45,-2.32,10.3,0.05,-0.76,0.59,0.93,0.76,0.08,0.11,0.4,0.09
1,0.08,0.12,4.09,7.97,0.45,-2.32,10.3,0.05,-0.76,0.59,0.93,0.76,0.08,0.11,0.4,0.09
1,0.08,0.12,4.09,7.97,0.45,-2.32,10.3,0.05,-0.76,0.59,0.93,0.76,0.08,0.11,0.4,0.09
1,0.14,0.1,3.81,0.91,0.44,1.49,10.93,0.14,0.36,0.47,0.93,0.72,0.13,0.15,0.49,0.27
1,0.14,0.1,3.81,0.91,0.44,1.49,10.93,0.14,0.36,0.47,0.93,0.72,0.13,0.15,0.49,0.27
1,0.14,0.1,3.81,0.91,0.44,1.49,10.93,0.14,0.36,0.47,0.93,0.72,0.13,0.15,0.49,0.27
1,0.14,0.1,3.81,0.91,0.44,1.49,10.93,0.14,0.36,0.47,0.93,0.72,0.13,0.15,0.49,0.27
1,0.14,0.1,3.81,0.91,0.44,1.49,10.93,0.14,0.36,0.47,0.93,0.72,0.13,0.15,0.49,0.27
1,0.14,0.1,3.81,0.91,0.44,1.49,10.93,0.14,0.36,0.47,0.93,0.72,0.13,0.15,0.49,0.27
1,0.14,0.1,3.81,0.91,0.44,1.49,10.93,0.14,0.36,0.47,0.93,0.72,0.13,0.15,0.49,0.27
1,0.14,0.1,3.81,0.91,0.44,1.49,10.93,0.14,0.36,0.47,0.93,0.72,0.13,0.15,0.49,0.27
1,0.14,0.1,3.81,0.91,0.44,1.49,10.93,0.14,0.36,0.47,0.93,0.72,0.13,0.15,0.49,0.27
1,0.14,0.1,3.81,0.91,0.44,1.49,10.93,0.14,0.36,0.47,0.93,0.72,0.13,0.15,0.49,0.27
1,0.14,0.1,3.81,0.91,0.44,1.49,10.93,0.14,0.36,0.47,0.93,0.72,0.13,0.15,0.49,0.27
1,0.14,0.1,3.81,0.91,0.44,1.49,10.93,0.14,0.36,0.47,0.93,0.72,0.13,0.15,0.49,0.27
1,0.14,0.16,3.91,0.86,0.47,0.01,10.52,0.11,-0.83,0.62,0.95,0.53,0.15,0.11,0.57,0.21
1,0.14,0.16,3.91,0.86,0.47,0.01,10.52,0.11,-0.83,0.62,0.95,0.53,0.15,0.11,0.57,0.21
1,0.14,0.16,3.91,0.86,0.47,0.01,10.52,0.11,-0.83,0.62,0.95,0.53,0.15,0.11,0.57,0.21
1,0.14,0.16,3.91,0.86,0.47,0.01,10.52,0.11,-0.83,0.62,0.95,0.53,0.15,0.11,0.57,0.21
1,0.14,0.16,3.91,0.86,0.47,0.01,10.52,0.11,-0.83,0.62,0.95,0.53,0.15,0.11,0.57,0.21
1,0.14,0.16,3.91,0.86,0.47,0.01,10.52,0.11,-0.83,0.62,0.95,0.53,0.15,0.11,0.57,0.21
1,0.14,0.16,3.91,0.86,0.47,0.01,10.52,0.11,-0.83,0.62,0.95,0.53,0.15,0.11,0.57,0.21
1,0.14,0.16,3.91,0.86,0.47,0.01,10.52,0.11,-0.83,0.62,0.95,0.53,0.15,0.11,0.57,0.21
1,0.14,0.16,3.91,0.86,0.47,0.01,10.52,0.11,-0.83,0.62,0.95,0.53,0.15,0.11,0.57,0.21
1,0.14,0.16,3.91,0.86,0.47,0.01,10.52,0.11,-0.83,0.62,0.95,0.53,0.15,0.11,0.57,0.21
1,0.14,0.16,3.91,0.86,0.47,0.01,10.52,0.11,-0.83,0.62,0.95,0.53,0.15,0.11,0.57,0.21
1,0.14,0.16,3.91,0.86,0.47,0.01,10.52,0.11,-0.83,0.62,0.95,0.53,0.15,0.11,0.57,0.21
1,0.11,0.14,3.71,3.71,0.46,-0.3,10.62,0.08,-0.91,0.53,0.82,0.49,0.11,0.34,0.56,0.18
1,0.11,0.14,3.71,3.71,0.46,-0.3,10.62,0.08,-0.91,0.53,0.82,0.49,0.11,0.34,0.56,0.18
1,0.11,0.14,3.71,3.71,0.46,-0.3,10.62,0.08,-0.91,0.53,0.82,0.49,0.11,0.34,0.56,0.18
1,0.11,0.14,3.71,3.71,0.46,-0.3,10.62,0.08,-0.91,0.53,0.82,0.49,0.11,0.34,0.56,0.18
1,0.11,0.14,3.71,3.71,0.46,-0.3,10.62,0.08,-0.91,0.53,0.82,0.49,0.11,0.34,0.56,0.18
1,0.11,0.14,3.71,3.71,0.46,-0.3,10.62,0.08,-0.91,0.53,0.82,0.49,0.11,0.34,0.56,0.18
1,0.11,0.14,3.71,3.71,0.46,-0.3,10.62,0.08,-0.91,0.53,0.82,0.49,0.11,0.34,0.56,0.18
1,0.11,0.14,3.71,3.71,0.46,-0.3,10.62,0.08,-0.91,0.53,0.82,0.49,0.11,0.34,0.56,0.18
1,0.11,0.14,3.71,3.71,0.46,-0.3,10.62,0.08,-0.91,0.53,0.82,0.49,0.11,0.34,0.56,0.18
1,0.11,0.14,3.71,3.71,0.46,-0.3,10.62,0.08,-0.91,0.53,0.82,0.49,0.11,0.34,0.56,0.18
1,0.11,0.14,3.71,3.71,0.46,-0.3,10.62,0.08,-0.91,0.53,0.82,0.49,0.11,0.34,0.56,0.18
1,0.11,0.14,3.71,3.71,0.46,-0.3,10.62,0.08,-0.91,0.53,0.82,0.49,0.11,0.34,0.56,0.18
1,0.24,0.23,3.98,1.1,0.49,0.44,10.45,0.2,-0.23,0.53,0.91,0.58,0.22,0.2,0.5,0.27
1,0.24,0.23,3.98,1.1,0.49,0.44,10.45,0.2,-0.23,0.53,0.91,0.58,0.22,0.2,0.5,0.27
1,0.24,0.23,3.98,1.1,0.49,0.44,10.45,0.2,-0.23,0.53,0.91,0.58,0.22,0.2,0.5,0.27
1,0.24,0.23,3.98,1.1,0.49,0.44,10.45,0.2,-0.23,0.53,0.91,0.58,0.22,0.2,0.5,0.27
1,0.24,0.23,3.98,1.1,0.49,0.44,10.45,0.2,-0.23,0.53,0.91,0.58,0.22,0.2,0.5,0.27
1,0.24,0.23,3.98,1.1,0.49,0.44,10.45,0.2,-0.23,0.53,0.91,0.58,0.22,0.2,0.5,0.27
1,0.24,0.23,3.98,1.1,0.49,0.44,10.45,0.2,-0.23,0.53,0.91,0.58,0.22,0.2,0.5,0.27
1,0.24,0.23,3.98,1.1,0.49,0.44,10.45,0.2,-0.23,0.53,0.91,0.58,0.22,0.2,0.5,0.27
1,0.24,0.23,3.98,1.1,0.49,0.44,10.45,0.2,-0.23,0.53,0.91,0.58,0.22,0.2,0.5,0.27
1,0.24,0.23,3.98,1.1,0.49,0.44,10.45,0.2,-0.23,0.53,0.91,0.58,0.22,0.2,0.5,0.27
1,0.24,0.23,3.98,1.1,0.49,0.44,10.45,0.2,-0.23,0.53,0.91,0.58,0.22,0.2,0.5,0.27
1,0.24,0.23,3.98,1.1,0.49,0.44,10.45,0.2,-0.23,0.53,0.91,0.58,0.22,0.2,0.5,0.27
1,0.15,0.16,4.02,1.66,0.35,-0.47,10.49,0.19,0.4,0.47,0.96,0.67,0.2,0.09,0.37,0.21
1,0.15,0.16,4.02,1.66,0.35,-0.47,10.49,0.19,0.4,0.47,0.96,0.67,0.2,0.09,0.37,0.21
1,0.15,0.16,4.02,1.66,0.35,-0.47,10.49,0.19,0.4,0.47,0.96,0.67,0.2,0.09,0.37,0.21
1,0.15,0.16,4.02,1.66,0.35,-0.47,10.49,0.19,0.4,0.47,0.96,0.67,0.2,0.09,0.37,0.21
1,0.15,0.16,4.02,1.66,0.35,-0.47,10.49,0.19,0.4,0.47,0.96,0.67,0.2,0.09,0.37,0.21
1,0.15,0.16,4.02,1.66,0.35,-0.47,10.49,0.19,0.4,0.47,0.96,0.67,0.2,0.09,0.37,0.21
1,0.15,0.16,4.02,1.66,0.35,-0.47,10.49,0.19,0.4,0.47,0.96,0.67,0.2,0.09,0.37,0.21
1,0.15,0.16,4.02,1.66,0.35,-0.47,10.49,0.19,0.4,0.47,0.96,0.67,0.2,0.09,0.37,0.21
1,0.15,0.16,4.02,1.66,0.35,-0.47,10.49,0.19,0.4,0.47,0.96,0.67,0.2,0.09,0.37,0.21
1,0.15,0.16,4.02,1.66,0.35,-0.47,10.49,0.19,0.4,0.47,0.96,0.67,0.2,0.09,0.37,0.21
1,0.15,0.16,4.02,1.66,0.35,-0.47,10.49,0.19,0.4,0.47,0.96,0.67,0.2,0.09,0.37,0.21
1,0.15,0.16,4.02,1.66,0.35,-0.47,10.49,0.19,0.4,0.47,0.96,0.67,0.2,0.09,0.37,0.21
1,0.2,0.15,3.89,6.35,0.55,-1.62,10.32,0.16,-0.95,0.65,0.87,0.5,0.11,0.25,0.46,0.17
1,0.2,0.15,3.89,6.35,0.55,-1.62,10.32,0.16,-0.95,0.65,0.87,0.5,0.11,0.25,0.46,0.17
1,0.2,0.15,3.89,6.35,0.55,-1.62,10.32,0.16,-0.95,0.65,0.87,0.5,0.11,0.25,0.46,0.17
1,0.2,0.15,3.89,6.35,0.55,-1.62,10.32,0.16,-0.95,0.65,0.87,0.5,0.11,0.25,0.46,0.17
1,0.2,0.15,3.89,6.35,0.55,-1.62,10.32,0.16,-0.95,0.65,0.87,0.5,0.11,0.25,0.46,0.17
1,0.2,0.15,3.89,6.35,0.55,-1.62,10.32,0.16,-0.95,0.65,0.87,0.5,0.11,0.25,0.46,0.17
1,0.2,0.15,3.89,6.35,0.55,-1.62,10.32,0.16,-0.95,0.65,0.87,0.5,0.11,0.25,0.46,0.17
1,0.2,0.15,3.89,6.35,0.55,-1.62,10.32,0.16,-0.95,0.65,0.87,0.5,0.11,0.25,0.46,0.17
1,0.2,0.15,3.89,6.35,0.55,-1.62,10.32,0.16,-0.95,0.65,0.87,0.5,0.11,0.25,0.46,0.17
1,0.2,0.15,3.89,6.35,0.55,-1.62,10.32,0.16,-0.95,0.65,0.87,0.5,0.11,0.25,0.46,0.17
1,0.2,0.15,3.89,6.35,0.55,-1.62,10.32,0.16,-0.95,0.65,0.87,0.5,0.11,0.25,0.46,0.17
1,0.2,0.15,3.89,6.35,0.55,-1.62,10.32,0.16,-0.95,0.65,0.87,0.5,0.11,0.25,0.46,0.17
1,0.1,0.24,4.13,2.03,0.66,0.06,9.98,0.05,-1.32,0.8,0.97,0.66,0.12,0.03,0.57,0.15
1,0.1,0.24,4.13,2.03,0.66,0.06,9.98,0.05,-1.32,0.8,0.97,0.66,0.12,0.03,0.57,0.15
1,0.1,0.24,4.13,2.03,0.66,0.06,9.98,0.05,-1.32,0.8,0.97,0.66,0.12,0.03,0.57,0.15
1,0.1,0.24,4.13,2.03,0.66,0.06,9.98,0.05,-1.32,0.8,0.97,0.66,0.12,0.03,0.57,0.15
1,0.1,0.24,4.13,2.03,0.66,0.06,9.98,0.05,-1.32,0.8,0.97,0.66,0.12,0.03,0.57,0.15
1,0.1,0.24,4.13,2.03,0.66,0.06,9.98,0.05,-1.32,0.8,0.97,0.66,0.12,0.03,0.57,0.15
1,0.1,0.24,4.13,2.03,0.66,0.06,9.98,0.05,-1.32,0.8,0.97,0.66,0.12,0.03,0.57,0.15
1,0.1,0.24,4.13,2.03,0.66,0.06,9.98,0.05,-1.32,0.8,0.97,0.66,0.12,0.03,0.57,0.15
1,0.1,0.24,4.13,2.03,0.66,0.06,9.98,0.05,-1.32,0.8,0.97,0.66,0.12,0.03,0.57,0.15
1,0.1,0.24,4.13,2.03,0.66,0.06,9.98,0.05,-1.32,0.8,0.97,0.66,0.12,0.03,0.57,0.15
1,0.1,0.24,4.13,2.03,0.66,0.06,9.98,0.05,-1.32,0.8,0.97,0.66,0.12,0.03,0.57,0.15
1,0.1,0.24,4.13,2.03,0.66,0.06,9.98,0.05,-1.32,0.8,0.97,0.66,0.12,0.03,0.57,0.15
1,0.11,0.17,4.11,2.65,0.63,0.37,10.39,0.08,-1.29,0.76,0.94,0.48,0.13,0.14,0.64,0.23
1,0.11,0.17,4.11,2.65,0.63,0.37,10.39,0.08,-1.29,0.76,0.94,0.48,0.13,0.14,0.64,0.23
1,0.11,0.17,4.11,2.65,0.63,0.37,10.39,0.08,-1.29,0.76,0.94,0.48,0.13,0.14,0.64,0.23
1,0.11,0.17,4.11,2.65,0.63,0.37,10.39,0.08,-1.29,0.76,0.94,0.48,0.13,0.14,0.64,0.23
1,0.11,0.17,4.11,2.65,0.63,0.37,10.39,0.08,-1.29,0.76,0.94,0.48,0.13,0.14,0.64,0.23
1,0.11,0.17,4.11,2.65,0.63,0.37,10.39,0.08,-1.29,0.76,0.94,0.48,0.13,0.14,0.64,0.23
1,0.11,0.17,4.11,2.65,0.63,0.37,10.39,0.08,-1.29,0.76,0.94,0.48,0.13,0.14,0.64,0.23
1,0.11,0.17,4.11,2.65,0.63,0.37,10.39,0.08,-1.29,0.76,0.94,0.48,0.13,0.14,0.64,0.23
1,0.11,0.17,4.11,2.65,0.63,0.37,10.39,0.08,-1.29,0.76,0.94,0.48,0.13,0.14,0.64,0.23
1,0.11,0.17,4.11,2.65,0.63,0.37,10.39,0.08,-1.29,0.76,0.94,0.48,0.13,0.14,0.64,0.23
1,0.11,0.17,4.11,2.65,0.63,0.37,10.39,0.08,-1.29,0.76,0.94,0.48,0.13,0.14,0.64,0.23
1,0.11,0.17,4.11,2.65,0.63,0.37,10.39,0.08,-1.29,0.76,0.94,0.48,0.13,0.14,0.64,0.23
1,0.09,0.12,3.73,4.43,0.41,0.3,10.63,0.06,-3.07,0.78,0.89,0.35,0.16,0.11,0.61,0.14
1,0.09,0.12,3.73,4.43,0.41,0.3,10.63,0.06,-3.07,0.78,0.89,0.35,0.16,0.11,0.61,0.14
1,0.09,0.12,3.73,4.43,0.41,0.3,10.63,0.06,-3.07,0.78,0.89,0.35,0.16,0.11,0.61,0.14
1,0.09,0.12,3.73,4.43,0.41,0.3,10.63,0.06,-3.07,0.78,0.89,0.35,0.16,0.11,0.61,0.14
1,0.09,0.12,3.73,4.43,0.41,0.3,10.63,0.06,-3.07,0.78,0.89,0.35,0.16,0.11,0.61,0.14
1,0.09,0.12,3.73,4.43,0.41,0.3,10.63,0.06,-3.07,0.78,0.89,0.35,0.16,0.11,0.61,0.14
1,0.09,0.12,3.73,4.43,0.41,0.3,10.63,0.06,-3.07,0.78,0.89,0.35,0.16,0.11,0.61,0.14
1,0.09,0.12,3.73,4.43,0.41,0.3,10.63,0.06,-3.07,0.78,0.89,0.35,0.16,0.11,0.61,0.14
1,0.09,0.12,3.73,4.43,0.41,0.3,10.63,0.06,-3.07,0.78,0.89,0.35,0.16,0.11,0.61,0.14
1,0.09,0.12,3.73,4.43,0.41,0.3,10.63,0.06,-3.07,0.78,0.89,0.35,0.16,0.11,0.61,0.14
1,0.09,0.12,3.73,4.43,0.41,0.3,10.63,0.06,-3.07,0.78,0.89,0.35,0.16,0.11,0.61,0.14
1,0.09,0.12,3.73,4.43,0.41,0.3,10.63,0.06,-3.07,0.78,0.89,0.35,0.16,0.11,0.61,0.14
1,0.12,0.11,4.17,2.64,0.18,0.82,10.15,0.16,1.12,0.38,0.92,0.83,0.18,0.09,0.54,0.09
1,0.12,0.11,4.17,2.64,0.18,0.82,10.15,0.16,1.12,0.38,0.92,0.83,0.18,0.09,0.54,0.09
1,0.12,0.11,4.17,2.64,0.18,0.82,10.15,0.16,1.12,0.38,0.92,0.83,0.18,0.09,0.54,0.09
1,0.12,0.11,4.17,2.64,0.18,0.82,10.15,0.16,1.12,0.38,0.92,0.83,0.18,0.09,0.54,0.09
1,0.12,0.11,4.17,2.64,0.18,0.82,10.15,0.16,1.12,0.38,0.92,0.83,0.18,0.09,0.54,0.09
1,0.12,0.11,4.17,2.64,0.18,0.82,10.15,0.16,1.12,0.38,0.92,0.83,0.18,0.09,0.54,0.09
1,0.12,0.11,4.17,2.64,0.18,0.82,10.15,0.16,1.12,0.38,0.92,0.83,0.18,0.09,0.54,0.09
1,0.12,0.11,4.17,2.64,0.18,0.82,10.15,0.16,1.12,0.38,0.92,0.83,0.18,0.09,0.54,0.09
1,0.12,0.11,4.17,2.64,0.18,0.82,10.15,0.16,1.12,0.38,0.92,0.83,0.18,0.09,0.54,0.09
1,0.12,0.11,4.17,2.64,0.18,0.82,10.15,0.16,1.12,0.38,0.92,0.83,0.18,0.09,0.54,0.09
1,0.12,0.11,4.17,2.64,0.18,0.82,10.15,0.16,1.12,0.38,0.92,0.83,0.18,0.09,0.54,0.09
1,0.12,0.11,4.17,2.64,0.18,0.82,10.15,0.16,1.12,0.38,0.92,0.83,0.18,0.09,0.54,0.09
1,0.12,0.12,3.95,26.33,0.35,2.33,10.48,0.09,-4.44,0.82,0.89,0.49,0.1,0.17,0.79,0.19
1,0.12,0.12,3.95,26.33,0.35,2.33,10.48,0.09,-4.44,0.82,0.89,0.49,0.1,0.17,0.79,0.19
1,0.12,0.12,3.95,26.33,0.35,2.33,10.48,0.09,-4.44,0.82,0.89,0.49,0.1,0.17,0.79,0.19
1,0.12,0.12,3.95,26.33,0.35,2.33,10.48,0.09,-4.44,0.82,0.89,0.49,0.1,0.17,0.79,0.19
1,0.12,0.12,3.95,26.33,0.35,2.33,10.48,0.09,-4.44,0.82,0.89,0.49,0.1,0.17,0.79,0.19
1,0.12,0.12,3.95,26.33,0.35,2.33,10.48,0.09,-4.44,0.82,0.89,0.49,0.1,0.17,0.79,0.19
1,0.12,0.12,3.95,26.33,0.35,2.33,10.48,0.09,-4.44,0.82,0.89,0.49,0.1,0.17,0.79,0.19
1,0.12,0.12,3.95,26.33,0.35,2.33,10.48,0.09,-4.44,0.82,0.89,0.49,0.1,0.17,0.79,0.19
1,0.12,0.12,3.95,26.33,0.35,2.33,10.48,0.09,-4.44,0.82,0.89,0.49,0.1,0.17,0.79,0.19
1,0.12,0.12,3.95,26.33,0.35,2.33,10.48,0.09,-4.44,0.82,0.89,0.49,0.1,0.17,0.79,0.19
1,0.12,0.12,3.95,26.33,0.35,2.33,10.48,0.09,-4.44,0.82,0.89,0.49,0.1,0.17,0.79,0.19
1,0.12,0.12,3.95,26.33,0.35,2.33,10.48,0.09,-4.44,0.82,0.89,0.49,0.1,0.17,0.79,0.19
1,0.15,0.15,3.69,2.83,0.38,0.62,10.82,0.16,-0.15,0.49,0.97,0.56,0.19,0.05,0.52,0.28
1,0.15,0.15,3.69,2.83,0.38,0.62,10.82,0.16,-0.15,0.49,0.97,0.56,0.19,0.05,0.52,0.28
1,0.15,0.15,3.69,2.83,0.38,0.62,10.82,0.16,-0.15,0.49,0.97,0.56,0.19,0.05,0.52,0.28
1,0.15,0.15,3.69,2.83,0.38,0.62,10.82,0.16,-0.15,0.49,0.97,0.56,0.19,0.05,0.52,0.28
1,0.15,0.15,3.69,2.83,0.38,0.62,10.82,0.16,-0.15,0.49,0.97,0.56,0.19,0.05,0.52,0.28
1,0.15,0.15,3.69,2.83,0.38,0.62,10.82,0.16,-0.15,0.49,0.97,0.56,0.19,0.05,0.52,0.28
1,0.15,0.15,3.69,2.83,0.38,0.62,10.82,0.16,-0.15,0.49,0.97,0.56,0.19,0.05,0.52,0.28
1,0.15,0.15,3.69,2.83,0.38,0.62,10.82,0.16,-0.15,0.49,0.97,0.56,0.19,0.05,0.52,0.28
1,0.15,0.15,3.69,2.83,0.38,0.62,10.82,0.16,-0.15,0.49,0.97,0.56,0.19,0.05,0.52,0.28
1,0.15,0.15,3.69,2.83,0.38,0.62,10.82,0.16,-0.15,0.49,0.97,0.56,0.19,0.05,0.52,0.28
1,0.15,0.15,3.69,2.83,0.38,0.62,10.82,0.16,-0.15,0.49,0.97,0.56,0.19,0.05,0.52,0.28
1,0.15,0.15,3.69,2.83,0.38,0.62,10.82,0.16,-0.15,0.49,0.97,0.56,0.19,0.05,0.52,0.28
1,0.13,0.16,3.82,3.69,0.47,0.59,10.68,0.09,-0.31,0.63,0.97,0.63,0.13,0.05,0.56,0.2
1,0.13,0.16,3.82,3.69,0.47,0.59,10.68,0.09,-0.31,0.63,0.97,0.63,0.13,0.05,0.56,0.2
1,0.13,0.16,3.82,3.69,0.47,0.59,10.68,0.09,-0.31,0.63,0.97,0.63,0.13,0.05,0.56,0.2
1,0.13,0.16,3.82,3.69,0.47,0.59,10.68,0.09,-0.31,0.63,0.97,0.63,0.13,0.05,0.56,0.2
1,0.13,0.16,3.82,3.69,0.47,0.59,10.68,0.09,-0.31,0.63,0.97,0.63,0.13,0.05,0.56,0.2
1,0.13,0.16,3.82,3.69,0.47,0.59,10.68,0.09,-0.31,0.63,0.97,0.63,0.13,0.05,0.56,0.2
1,0.13,0.16,3.82,3.69,0.47,0.59,10.68,0.09,-0.31,0.63,0.97,0.63,0.13,0.05,0.56,0.2
1,0.13,0.16,3.82,3.69,0.47,0.59,10.68,0.09,-0.31,0.63,0.97,0.63,0.13,0.05,0.56,0.2
1,0.13,0.16,3.82,3.69,0.47,0.59,10.68,0.09,-0.31,0.63,0.97,0.63,0.13,0.05,0.56,0.2
1,0.13,0.16,3.82,3.69,0.47,0.59,10.68,0.09,-0.31,0.63,0.97,0.63,0.13,0.05,0.56,0.2
1,0.13,0.16,3.82,3.69,0.47,0.59,10.68,0.09,-0.31,0.63,0.97,0.63,0.13,0.05,0.56,0.2
1,0.13,0.16,3.82,3.69,0.47,0.59,10.68,0.09,-0.31,0.63,0.97,0.63,0.13,0.05,0.56,0.2
1,0.15,0.15,3.71,2.65,0.36,0.72,10.81,0.16,-0.14,0.48,0.96,0.79,0.17,0.05,0.48,0.17
1,0.15,0.15,3.71,2.65,0.36,0.72,10.81,0.16,-0.14,0.48,0.96,0.79,0.17,0.05,0.48,0.17
1,0.15,0.15,3.71,2.65,0.36,0.72,10.81,0.16,-0.14,0.48,0.96,0.79,0.17,0.05,0.48,0.17
1,0.15,0.15,3.71,2.65,0.36,0.72,10.81,0.16,-0.14,0.48,0.96,0.79,0.17,0.05,0.48,0.17
1,0.15,0.15,3.71,2.65,0.36,0.72,10.81,0.16,-0.14,0.48,0.96,0.79,0.17,0.05,0.48,0.17
1,0.15,0.15,3.71,2.65,0.36,0.72,10.81,0.16,-0.14,0.48,0.96,0.79,0.17,0.05,0.48,0.17
1,0.15,0.15,3.71,2.65,0.36,0.72,10.81,0.16,-0.14,0.48,0.96,0.79,0.17,0.05,0.48,0.17
1,0.15,0.15,3.71,2.65,0.36,0.72,10.81,0.16,-0.14,0.48,0.96,0.79,0.17,0.05,0.48,0.17
1,0.15,0.15,3.71,2.65,0.36,0.72,10.81,0.16,-0.14,0.48,0.96,0.79,0.17,0.05,0.48,0.17
1,0.15,0.15,3.71,2.65,0.36,0.72,10.81,0.16,-0.14,0.48,0.96,0.79,0.17,0.05,0.48,0.17
1,0.15,0.15,3.71,2.65,0.36,0.72,10.81,0.16,-0.14,0.48,0.96,0.79,0.17,0.05,0.48,0.17
1,0.15,0.15,3.71,2.65,0.36,0.72,10.81,0.16,-0.14,0.48,0.96,0.79,0.17,0.05,0.48,0.17
1,0.18,0.2,3.85,1.37,0.36,0.37,10.64,0.23,0.35,0.41,0.97,0.91,0.22,0.02,0.42,0.1
1,0.18,0.2,3.85,1.37,0.36,0.37,10.64,0.23,0.35,0.41,0.97,0.91,0.22,0.02,0.42,0.1
1,0.18,0.2,3.85,1.37,0.36,0.37,10.64,0.23,0.35,0.41,0.97,0.91,0.22,0.02,0.42,0.1
1,0.18,0.2,3.85,1.37,0.36,0.37,10.64,0.23,0.35,0.41,0.97,0.91,0.22,0.02,0.42,0.1
1,0.18,0.2,3.85,1.37,0.36,0.37,10.64,0.23,0.35,0.41,0.97,0.91,0.22,0.02,0.42,0.1
1,0.18,0.2,3.85,1.37,0.36,0.37,10.64,0.23,0.35,0.41,0.97,0.91,0.22,0.02,0.42,0.1
1,0.18,0.2,3.85,1.37,0.36,0.37,10.64,0.23,0.35,0.41,0.97,0.91,0.22,0.02,0.42,0.1
1,0.18,0.2,3.85,1.37,0.36,0.37,10.64,0.23,0.35,0.41,0.97,0.91,0.22,0.02,0.42,0.1
1,0.18,0.2,3.85,1.37,0.36,0.37,10.64,0.23,0.35,0.41,0.97,0.91,0.22,0.02,0.42,0.1
1,0.18,0.2,3.85,1.37,0.36,0.37,10.64,0.23,0.35,0.41,0.97,0.91,0.22,0.02,0.42,0.1
1,0.18,0.2,3.85,1.37,0.36,0.37,10.64,0.23,0.35,0.41,0.97,0.91,0.22,0.02,0.42,0.1
1,0.18,0.2,3.85,1.37,0.36,0.37,10.64,0.23,0.35,0.41,0.97,0.91,0.22,0.02,0.42,0.1
1,0.07,0.08,3.31,0.88,0.56,-2.84,11.14,0.07,-2.26,0.71,1.0,0.9,0.1,0.0,0.4,0.11
1,0.07,0.08,3.31,0.88,0.56,-2.84,11.14,0.07,-2.26,0.71,1.0,0.9,0.1,0.0,0.4,0.11
1,0.07,0.08,3.31,0.88,0.56,-2.84,11.14,0.07,-2.26,0.71,1.0,0.9,0.1,0.0,0.4,0.11
1,0.07,0.08,3.31,0.88,0.56,-2.84,11.14,0.07,-2.26,0.71,1.0,0.9,0.1,0.0,0.4,0.11
1,0.07,0.08,3.31,0.88,0.56,-2.84,11.14,0.07,-2.26,0.71,1.0,0.9,0.1,0.0,0.4,0.11
1,0.07,0.08,3.31,0.88,0.56,-2.84,11.14,0.07,-2.26,0.71,1.0,0.9,0.1,0.0,0.4,0.11
1,0.07,0.08,3.31,0.88,0.56,-2.84,11.14,0.07,-2.26,0.71,1.0,0.9,0.1,0.0,0.4,0.11
1,0.07,0.08,3.31,0.88,0.56,-2.84,11.14,0.07,-2.26,0.71,1.0,0.9,0.1,0.0,0.4,0.11
1,0.07,0.08,3.31,0.88,0.56,-2.84,11.14,0.07,-2.26,0.71,1.0,0.9,0.1,0.0,0.4,0.11
1,0.07,0.08,3.31,0.88,0.56,-2.84,11.14,0.07,-2.26,0.71,1.0,0.9,0.1,0.0,0.4,0.11
1,0.07,0.08,3.31,0.88,0.56,-2.84,11.14,0.07,-2.26,0.71,1.0,0.9,0.1,0.0,0.4,0.11
1,0.07,0.08,3.31,0.88,0.56,-2.84,11.14,0.07,-2.26,0.71,1.0,0.9,0.1,0.0,0.4,0.11
1,0.1,0.08,3.72,0.16,0.5,-1.41,10.07,0.1,-1.25,0.71,0.98,0.72,0.09,0.02,0.4,0.23
1,0.1,0.08,3.72,0.16,0.5,-1.41,10.07,0.1,-1.25,0.71,0.98,0.72,0.09,0.02,0.4,0.23
1,0.1,0.08,3.72,0.16,0.5,-1.41,10.07,0.1,-1.25,0.71,0.98,0.72,0.09,0.02,0.4,0.23
1,0.1,0.08,3.72,0.16,0.5,-1.41,10.07,0.1,-1.25,0.71,0.98,0.72,0.09,0.02,0.4,0.23
1,0.1,0.08,3.72,0.16,0.5,-1.41,10.07,0.1,-1.25,0.71,0.98,0.72,0.09,0.02,0.4,0.23
1,0.1,0.08,3.72,0.16,0.5,-1.41,10.07,0.1,-1.25,0.71,0.98,0.72,0.09,0.02,0.4,0.23
1,0.1,0.08,3.72,0.16,0.5,-1.41,10.07,0.1,-1.25,0.71,0.98,0.72,0.09,0.02,0.4,0.23
1,0.1,0.08,3.72,0.16,0.5,-1.41,10.07,0.1,-1.25,0.71,0.98,0.72,0.09,0.02,0.4,0.23
1,0.1,0.08,3.72,0.16,0.5,-1.41,10.07,0.1,-1.25,0.71,0.98,0.72,0.09,0.02,0.4,0.23
1,0.1,0.08,3.72,0.16,0.5,-1.41,10.07,0.1,-1.25,0.71,0.98,0.72,0.09,0.02,0.4,0.23
1,0.1,0.08,3.72,0.16,0.5,-1.41,10.07,0.1,-1.25,0.71,0.98,0.72,0.09,0.02,0.4,0.23
1,0.1,0.08,3.72,0.16,0.5,-1.41,10.07,0.1,-1.25,0.71,0.98,0.72,0.09,0.02,0.4,0.23
1,0.15,0.12,3.96,8.15,0.38,-1.41,10.5,0.12,0.33,0.5,0.94,0.53,0.1,0.11,0.36,0.18
1,0.15,0.12,3.96,8.15,0.38,-1.41,10.5,0.12,0.33,0.5,0.94,0.53,0.1,0.11,0.36,0.18
1,0.15,0.12,3.96,8.15,0.38,-1.41,10.5,0.12,0.33,0.5,0.94,0.53,0.1,0.11,0.36,0.18
1,0.15,0.12,3.96,8.15,0.38,-1.41,10.5,0.12,0.33,0.5,0.94,0.53,0.1,0.11,0.36,0.18
1,0.15,0.12,3.96,8.15,0.38,-1.41,10.5,0.12,0.33,0.5,0.94,0.53,0.1,0.11,0.36,0.18
1,0.15,0.12,3.96,8.15,0.38,-1.41,10.5,0.12,0.33,0.5,0.94,0.53,0.1,0.11,0.36,0.18
1,0.15,0.12,3.96,8.15,0.38,-1.41,10.5,0.12,0.33,0.5,0.94,0.53,0.1,0.11,0.36,0.18
1,0.15,0.12,3.96,8.15,0.38,-1.41,10.5,0.12,0.33,0.5,0.94,0.53,0.1,0.11,0.36,0.18
1,0.15,0.12,3.96,8.15,0.38,-1.41,10.5,0.12,0.33,0.5,0.94,0.53,0.1,0.11,0.36,0.18
1,0.15,0.12,3.96,8.15,0.38,-1.41,10.5,0.12,0.33,0.5,0.94,0.53,0.1,0.11,0.36,0.18
1,0.15,0.12,3.96,8.15,0.38,-1.41,10.5,0.12,0.33,0.5,0.94,0.53,0.1,0.11,0.36,0.18
1,0.15,0.12,3.96,8.15,0.38,-1.41,10.5,0.12,0.33,0.5,0.94,0.53,0.1,0.11,0.36,0.18
1,0.08,0.1,3.6,1.35,0.52,-0.25,10.79,0.08,-1.27,0.77,0.97,0.85,0.11,0.05,0.66,0.12
1,0.08,0.1,3.6,1.35,0.52,-0.25,10.79,0.08,-1.27,0.77,0.97,0.85,0.11,0.05,0.66,0.12
1,0.08,0.1,3.6,1.35,0.52,-0.25,10.79,0.08,-1.27,0.77,0.97,0.85,0.11,0.05,0.66,0.12
1,0.08,0.1,3.6,1.35,0.52,-0.25,10.79,0.08,-1.27,0.77,0.97,0.85,0.11,0.05,0.66,0.12
1,0.08,0.1,3.6,1.35,0.52,-0.25,10.79,0.08,-1.27,0.77,0.97,0.85,0.11,0.05,0.66,0.12
1,0.08,0.1,3.6,1.35,0.52,-0.25,10.79,0.08,-1.27,0.77,0.97,0.85,0.11,0.05,0.66,0.12
1,0.08,0.1,3.6,1.35,0.52,-0.25,10.79,0.08,-1.27,0.77,0.97,0.85,0.11,0.05,0.66,0.12
1,0.08,0.1,3.6,1.35,0.52,-0.25,10.79,0.08,-1.27,0.77,0.97,0.85,0.11,0.05,0.66,0.12
1,0.08,0.1,3.6,1.35,0.52,-0.25,10.79,0.08,-1.27,0.77,0.97,0.85,0.11,0.05,0.66,0.12
1,0.08,0.1,3.6,1.35,0.52,-0.25,10.79,0.08,-1.27,0.77,0.97,0.85,0.11,0.05,0.66,0.12
1,0.08,0.1,3.6,1.35,0.52,-0.25,10.79,0.08,-1.27,0.77,0.97,0.85,0.11,0.05,0.66,0.12
1,0.08,0.1,3.6,1.35,0.52,-0.25,10.79,0.08,-1.27,0.77,0.97,0.85,0.11,0.05,0.66,0.12
1,0.11,0.13,3.02,0.57,0.26,0.17,11.02,0.1,0.92,0.29,0.97,0.68,0.12,0.11,0.34,0.27
1,0.11,0.13,3.02,0.57,0.26,0.17,11.02,0.1,0.92,0.29,0.97,0.68,0.12,0.11,0.34,0.27
1,0.11,0.13,3.02,0.57,0.26,0.17,11.02,0.1,0.92,0.29,0.97,0.68,0.12,0.11,0.34,0.27
1,0.11,0.13,3.02,0.57,0.26,0.17,11.02,0.1,0.92,0.29,0.97,0.68,0.12,0.11,0.34,0.27
1,0.11,0.13,3.02,0.57,0.26,0.17,11.02,0.1,0.92,0.29,0.97,0.68,0.12,0.11,0.34,0.27
1,0.11,0.13,3.02,0.57,0.26,0.17,11.02,0.1,0.92,0.29,0.97,0.68,0.12,0.11,0.34,0.27
1,0.11,0.13,3.02,0.57,0.26,0.17,11.02,0.1,0.92,0.29,0.97,0.68,0.12,0.11,0.34,0.27
1,0.11,0.13,3.02,0.57,0.26,0.17,11.02,0.1,0.92,0.29,0.97,0.68,0.12,0.11,0.34,0.27
1,0.11,0.13,3.02,0.57,0.26,0.17,11.02,0.1,0.92,0.29,0.97,0.68,0.12,0.11,0.34,0.27
1,0.11,0.13,3.02,0.57,0.26,0.17,11.02,0.1,0.92,0.29,0.97,0.68,0.12,0.11,0.34,0.27
1,0.11,0.13,3.02,0.57,0.26,0.17,11.02,0.1,0.92,0.29,0.97,0.68,0.12,0.11,0.34,0.27
1,0.11,0.13,3.02,0.57,0.26,0.17,11.02,0.1,0.92,0.29,0.97,0.68,0.12,0.11,0.34,0.27
1,0.15,0.15,3.54,1.76,0.25,-0.17,9.45,0.14,1.14,0.31,0.95,0.68,0.14,0.18,0.37,0.28
1,0.15,0.15,3.54,1.76,0.25,-0.17,9.45,0.14,1.14,0.31,0.95,0.68,0.14,0.18,0.37,0.28
1,0.15,0.15,3.54,1.76,0.25,-0.17,9.45,0.14,1.14,0.31,0.95,0.68,0.14,0.18,0.37,0.28
1,0.15,0.15,3.54,1.76,0.25,-0.17,9.45,0.14,1.14,0.31,0.95,0.68,0.14,0.18,0.37,0.28
1,0.15,0.15,3.54,1.76,0.25,-0.17,9.45,0.14,1.14,0.31,0.95,0.68,0.14,0.18,0.37,0.28
1,0.15,0.15,3.54,1.76,0.25,-0.17,9.45,0.14,1.14,0.31,0.95,0.68,0.14,0.18,0.37,0.28
1,0.15,0.15,3.54,1.76,0.25,-0.17,9.45,0.14,1.14,0.31,0.95,0.68,0.14,0.18,0.37,0.28
1,0.15,0.15,3.54,1.76,0.25,-0.17,9.45,0.14,1.14,0.31,0.95,0.68,0.14,0.18,0.37,0.28
1,0.15,0.15,3.54,1.76,0.25,-0.17,9.45,0.14,1.14,0.31,0.95,0.68,0.14,0.18,0.37,0.28
1,0.15,0.15,3.54,1.76,0.25,-0.17,9.45,0.14,1.14,0.31,0.95,0.68,0.14,0.18,0.37,0.28
1,0.15,0.15,3.54,1.76,0.25,-0.17,9.45,0.14,1.14,0.31,0.95,0.68,0.14,0.18,0.37,0.28
1,0.15,0.15,3.54,1.76,0.25,-0.17,9.45,0.14,1.14,0.31,0.95,0.68,0.14,0.18,0.37,0.28
1,0.08,0.18,3.88,1.19,0.57,-0.9,10.57,0.11,-0.45,0.77,0.96,0.58,0.1,0.12,0.5,0.18
1,0.08,0.18,3.88,1.19,0.57,-0.9,10.57,0.11,-0.45,0.77,0.96,0.58,0.1,0.12,0.5,0.18
1,0.08,0.18,3.88,1.19,0.57,-0.9,10.57,0.11,-0.45,0.77,0.96,0.58,0.1,0.12,0.5,0.18
1,0.08,0.18,3.88,1.19,0.57,-0.9,10.57,0.11,-0.45,0.77,0.96,0.58,0.1,0.12,0.5,0.18
1,0.08,0.18,3.88,1.19,0.57,-0.9,10.57,0.11,-0.45,0.77,0.96,0.58,0.1,0.12,0.5,0.18
1,0.08,0.18,3.88,1.19,0.57,-0.9,10.57,0.11,-0.45,0.77,0.96,0.58,0.1,0.12,0.5,0.18
1,0.08,0.18,3.88,1.19,0.57,-0.9,10.57,0.11,-0.45,0.77,0.96,0.58,0.1,0.12,0.5,0.18
1,0.08,0.18,3.88,1.19,0.57,-0.9,10.57,0.11,-0.45,0.77,0.96,0.58,0.1,0.12,0.5,0.18
1,0.08,0.18,3.88,1.19,0.57,-0.9,10.57,0.11,-0.45,0.77,0.96,0.58,0.1,0.12,0.5,0.18
1,0.08,0.18,3.88,1.19,0.57,-0.9,10.57,0.11,-0.45,0.77,0.96,0.58,0.1,0.12,0.5,0.18
1,0.08,0.18,3.88,1.19,0.57,-0.9,10.57,0.11,-0.45,0.77,0.96,0.58,0.1,0.12,0.5,0.18
1,0.08,0.18,3.88,1.19,0.57,-0.9,10.57,0.11,-0.45,0.77,0.96,0.58,0.1,0.12,0.5,0.18
1,0.03,0.08,3.3,2.02,0.48,-1.13,11.02,0.03,-4.39,0.8,0.97,0.87,0.06,0.02,0.35,0.04
1,0.03,0.08,3.3,2.02,0.48,-1.13,11.02,0.03,-4.39,0.8,0.97,0.87,0.06,0.02,0.35,0.04
1,0.03,0.08,3.3,2.02,0.48,-1.13,11.02,0.03,-4.39,0.8,0.97,0.87,0.06,0.02,0.35,0.04
1,0.03,0.08,3.3,2.02,0.48,-1.13,11.02,0.03,-4.39,0.8,0.97,0.87,0.06,0.02,0.35,0.04
1,0.03,0.08,3.3,2.02,0.48,-1.13,11.02,0.03,-4.39,0.8,0.97,0.87,0.06,0.02,0.35,0.04
1,0.03,0.08,3.3,2.02,0.48,-1.13,11.02,0.03,-4.39,0.8,0.97,0.87,0.06,0.02,0.35,0.04
1,0.03,0.08,3.3,2.02,0.48,-1.13,11.02,0.03,-4.39,0.8,0.97,0.87,0.06,0.02,0.35,0.04
1,0.03,0.08,3.3,2.02,0.48,-1.13,11.02,0.03,-4.39,0.8,0.97,0.87,0.06,0.02,0.35,0.04
1,0.03,0.08,3.3,2.02,0.48,-1.13,11.02,0.03,-4.39,0.8,0.97,0.87,0.06,0.02,0.35,0.04
1,0.03,0.08,3.3,2.02,0.48,-1.13,11.02,0.03,-4.39,0.8,0.97,0.87,0.06,0.02,0.35,0.04
1,0.03,0.08,3.3,2.02,0.48,-1.13,11.02,0.03,-4.39,0.8,0.97,0.87,0.06,0.02,0.35,0.04
1,0.03,0.08,3.3,2.02,0.48,-1.13,11.02,0.03,-4.39,0.8,0.97,0.87,0.06,0.02,0.35,0.04
1,0.1,0.15,3.61,12.01,0.44,-0.49,11.01,0.09,-1.97,0.68,0.91,0.56,0.14,0.14,0.43,0.15
1,0.1,0.15,3.61,12.01,0.44,-0.49,11.01,0.09,-1.97,0.68,0.91,0.56,0.14,0.14,0.43,0.15
1,0.1,0.15,3.61,12.01,0.44,-0.49,11.01,0.09,-1.97,0.68,0.91,0.56,0.14,0.14,0.43,0.15
1,0.1,0.15,3.61,12.01,0.44,-0.49,11.01,0.09,-1.97,0.68,0.91,0.56,0.14,0.14,0.43,0.15
1,0.1,0.15,3.61,12.01,0.44,-0.49,11.01,0.09,-1.97,0.68,0.91,0.56,0.14,0.14,0.43,0.15
1,0.1,0.15,3.61,12.01,0.44,-0.49,11.01,0.09,-1.97,0.68,0.91,0.56,0.14,0.14,0.43,0.15
1,0.1,0.15,3.61,12.01,0.44,-0.49,11.01,0.09,-1.97,0.68,0.91,0.56,0.14,0.14,0.43,0.15
1,0.1,0.15,3.61,12.01,0.44,-0.49,11.01,0.09,-1.97,0.68,0.91,0.56,0.14,0.14,0.43,0.15
1,0.1,0.15,3.61,12.01,0.44,-0.49,11.01,0.09,-1.97,0.68,0.91,0.56,0.14,0.14,0.43,0.15
1,0.1,0.15,3.61,12.01,0.44,-0.49,11.01,0.09,-1.97,0.68,0.91,0.56,0.14,0.14,0.43,0.15
1,0.1,0.15,3.61,12.01,0.44,-0.49,11.01,0.09,-1.97,0.68,0.91,0.56,0.14,0.14,0.43,0.15
1,0.1,0.15,3.61,12.01,0.44,-0.49,11.01,0.09,-1.97,0.68,0.91,0.56,0.14,0.14,0.43,0.15
1,0.12,0.16,3.86,28.41,0.45,-1.49,10.34,0.09,-0.94,0.6,0.81,0.74,0.19,0.54,0.27,0.2
1,0.12,0.16,3.86,28.41,0.45,-1.49,10.34,0.09,-0.94,0.6,0.81,0.74,0.19,0.54,0.27,0.2
1,0.12,0.16,3.86,28.41,0.45,-1.49,10.34,0.09,-0.94,0.6,0.81,0.74,0.19,0.54,0.27,0.2
1,0.12,0.16,3.86,28.41,0.45,-1.49,10.34,0.09,-0.94,0.6,0.81,0.74,0.19,0.54,0.27,0.2
1,0.12,0.16,3.86,28.41,0.45,-1.49,10.34,0.09,-0.94,0.6,0.81,0.74,0.19,0.54,0.27,0.2
1,0.12,0.16,3.86,28.41,0.45,-1.49,10.34,0.09,-0.94,0.6,0.81,0.74,0.19,0.54,0.27,0.2
1,0.12,0.16,3.86,28.41,0.45,-1.49,10.34,0.09,-0.94,0.6,0.81,0.74,0.19,0.54,0.27,0.2
1,0.12,0.16,3.86,28.41,0.45,-1.49,10.34,0.09,-0.94,0.6,0.81,0.74,0.19,0.54,0.27,0.2
1,0.12,0.16,3.86,28.41,0.45,-1.49,10.34,0.09,-0.94,0.6,0.81,0.74,0.19,0.54,0.27,0.2
1,0.12,0.16,3.86,28.41,0.45,-1.49,10.34,0.09,-0.94,0.6,0.81,0.74,0.19,0.54,0.27,0.2
1,0.12,0.16,3.86,28.41,0.45,-1.49,10.34,0.09,-0.94,0.6,0.81,0.74,0.19,0.54,0.27,0.2
1,0.12,0.16,3.86,28.41,0.45,-1.49,10.34,0.09,-0.94,0.6,0.81,0.74,0.19,0.54,0.27,0.2
1,0.11,0.14,3.89,1.71,0.43,-0.44,10.06,0.13,1.08,0.37,0.96,0.79,0.16,0.04,0.3,0.13
1,0.11,0.14,3.89,1.71,0.43,-0.44,10.06,0.13,1.08,0.37,0.96,0.79,0.16,0.04,0.3,0.13
1,0.11,0.14,3.89,1.71,0.43,-0.44,10.06,0.13,1.08,0.37,0.96,0.79,0.16,0.04,0.3,0.13
1,0.11,0.14,3.89,1.71,0.43,-0.44,10.06,0.13,1.08,0.37,0.96,0.79,0.16,0.04,0.3,0.13
1,0.11,0.14,3.89,1.71,0.43,-0.44,10.06,0.13,1.08,0.37,0.96,0.79,0.16,0.04,0.3,0.13
1,0.11,0.14,3.89,1.71,0.43,-0.44,10.06,0.13,1.08,0.37,0.96,0.79,0.16,0.04,0.3,0.13
1,0.11,0.14,3.89,1.71,0.43,-0.44,10.06,0.13,1.08,0.37,0.96,0.79,0.16,0.04,0.3,0.13
1,0.11,0.14,3.89,1.71,0.43,-0.44,10.06,0.13,1.08,0.37,0.96,0.79,0.16,0.04,0.3,0.13
1,0.11,0.14,3.89,1.71,0.43,-0.44,10.06,0.13,1.08,0.37,0.96,0.79,0.16,0.04,0.3,0.13
1,0.11,0.14,3.89,1.71,0.43,-0.44,10.06,0.13,1.08,0.37,0.96,0.79,0.16,0.04,0.3,0.13
1,0.11,0.14,3.89,1.71,0.43,-0.44,10.06,0.13,1.08,0.37,0.96,0.79,0.16,0.04,0.3,0.13
1,0.11,0.14,3.89,1.71,0.43,-0.44,10.06,0.13,1.08,0.37,0.96,0.79,0.16,0.04,0.3,0.13
1,0.23,0.17,3.99,0.86,0.24,0.31,10.23,0.15,0.45,0.42,0.95,0.6,0.22,0.07,0.31,0.14
1,0.23,0.17,3.99,0.86,0.24,0.31,10.23,0.15,0.45,0.42,0.95,0.6,0.22,0.07,0.31,0.14
1,0.23,0.17,3.99,0.86,0.24,0.31,10.23,0.15,0.45,0.42,0.95,0.6,0.22,0.07,0.31,0.14
1,0.23,0.17,3.99,0.86,0.24,0.31,10.23,0.15,0.45,0.42,0.95,0.6,0.22,0.07,0.31,0.14
1,0.23,0.17,3.99,0.86,0.24,0.31,10.23,0.15,0.45,0.42,0.95,0.6,0.22,0.07,0.31,0.14
1,0.23,0.17,3.99,0.86,0.24,0.31,10.23,0.15,0.45,0.42,0.95,0.6,0.22,0.07,0.31,0.14
1,0.23,0.17,3.99,0.86,0.24,0.31,10.23,0.15,0.45,0.42,0.95,0.6,0.22,0.07,0.31,0.14
1,0.23,0.17,3.99,0.86,0.24,0.31,10.23,0.15,0.45,0.42,0.95,0.6,0.22,0.07,0.31,0.14
1,0.23,0.17,3.99,0.86,0.24,0.31,10.23,0.15,0.45,0.42,0.95,0.6,0.22,0.07,0.31,0.14
1,0.23,0.17,3.99,0.86,0.24,0.31,10.23,0.15,0.45,0.42,0.95,0.6,0.22,0.07,0.31,0.14
1,0.23,0.17,3.99,0.86,0.24,0.31,10.23,0.15,0.45,0.42,0.95,0.6,0.22,0.07,0.31,0.14
1,0.23,0.17,3.99,0.86,0.24,0.31,10.23,0.15,0.45,0.42,0.95,0.6,0.22,0.07,0.31,0.14
1,0.1,0.15,3.81,3.64,0.61,-1.77,10.26,0.14,-0.87,0.8,0.97,0.79,0.12,0.08,0.49,0.22
1,0.1,0.15,3.81,3.64,0.61,-1.77,10.26,0.14,-0.87,0.8,0.97,0.79,0.12,0.08,0.49,0.22
1,0.1,0.15,3.81,3.64,0.61,-1.77,10.26,0.14,-0.87,0.8,0.97,0.79,0.12,0.08,0.49,0.22
1,0.1,0.15,3.81,3.64,0.61,-1.77,10.26,0.14,-0.87,0.8,0.97,0.79,0.12,0.08,0.49,0.22
1,0.1,0.15,3.81,3.64,0.61,-1.77,10.26,0.14,-0.87,0.8,0.97,0.79,0.12,0.08,0.49,0.22
1,0.1,0.15,3.81,3.64,0.61,-1.77,10.26,0.14,-0.87,0.8,0.97,0.79,0.12,0.08,0.49,0.22
1,0.1,0.15,3.81,3.64,0.61,-1.77,10.26,0.14,-0.87,0.8,0.97,0.79,0.12,0.08,0.49,0.22
1,0.1,0.15,3.81,3.64,0.61,-1.77,10.26,0.14,-0.87,0.8,0.97,0.79,0.12,0.08,0.49,0.22
1,0.1,0.15,3.81,3.64,0.61,-1.77,10.26,0.14,-0.87,0.8,0.97,0.79,0.12,0.08,0.49,0.22
1,0.1,0.15,3.81,3.64,0.61,-1.77,10.26,0.14,-0.87,0.8,0.97,0.79,0.12,0.08,0.49,0.22
1,0.1,0.15,3.81,3.64,0.61,-1.77,10.26,0.14,-0.87,0.8,0.97,0.79,0.12,0.08,0.49,0.22
1,0.1,0.15,3.81,3.64,0.61,-1.77,10.26,0.14,-0.87,0.8,0.97,0.79,0.12,0.08,0.49,0.22
1,0.09,0.12,3.23,1.44,0.62,-0.89,10.8,0.14,-1.81,0.79,0.97,0.82,0.1,0.03,0.48,0.15
1,0.09,0.12,3.23,1.44,0.62,-0.89,10.8,0.14,-1.81,0.79,0.97,0.82,0.1,0.03,0.48,0.15
1,0.09,0.12,3.23,1.44,0.62,-0.89,10.8,0.14,-1.81,0.79,0.97,0.82,0.1,0.03,0.48,0.15
1,0.09,0.12,3.23,1.44,0.62,-0.89,10.8,0.14,-1.81,0.79,0.97,0.82,0.1,0.03,0.48,0.15
1,0.09,0.12,3.23,1.44,0.62,-0.89,10.8,0.14,-1.81,0.79,0.97,0.82,0.1,0.03,0.48,0.15
1,0.09,0.12,3.23,1.44,0.62,-0.89,10.8,0.14,-1.81,0.79,0.97,0.82,0.1,0.03,0.48,0.15
1,0.09,0.12,3.23,1.44,0.62,-0.89,10.8,0.14,-1.81,0.79,0.97,0.82,0.1,0.03,0.48,0.15
1,0.09,0.12,3.23,1.44,0.62,-0.89,10.8,0.14,-1.81,0.79,0.97,0.82,0.1,0.03,0.48,0.15
1,0.09,0.12,3.23,1.44,0.62,-0.89,10.8,0.14,-1.81,0.79,0.97,0.82,0.1,0.03,0.48,0.15
1,0.09,0.12,3.23,1.44,0.62,-0.89,10.8,0.14,-1.81,0.79,0.97,0.82,0.1,0.03,0.48,0.15
1,0.09,0.12,3.23,1.44,0.62,-0.89,10.8,0.14,-1.81,0.79,0.97,0.82,0.1,0.03,0.48,0.15
1,0.09,0.12,3.23,1.44,0.62,-0.89,10.8,0.14,-1.81,0.79,0.97,0.82,0.1,0.03,0.48,0.15
1,0.19,0.17,3.84,4.85,0.46,0.08,10.59,0.17,-0.47,0.57,0.97,0.58,0.22,0.05,0.41,0.16
1,0.19,0.17,3.84,4.85,0.46,0.08,10.59,0.17,-0.47,0.57,0.97,0.58,0.22,0.05,0.41,0.16
1,0.19,0.17,3.84,4.85,0.46,0.08,10.59,0.17,-0.47,0.57,0.97,0.58,0.22,0.05,0.41,0.16
1,0.19,0.17,3.84,4.85,0.46,0.08,10.59,0.17,-0.47,0.57,0.97,0.58,0.22,0.05,0.41,0.16
1,0.19,0.17,3.84,4.85,0.46,0.08,10.59,0.17,-0.47,0.57,0.97,0.58,0.22,0.05,0.41,0.16
1,0.19,0.17,3.84,4.85,0.46,0.08,10.59,0.17,-0.47,0.57,0.97,0.58,0.22,0.05,0.41,0.16
1,0.19,0.17,3.84,4.85,0.46,0.08,10.59,0.17,-0.47,0.57,0.97,0.58,0.22,0.05,0.41,0.16
1,0.19,0.17,3.84,4.85,0.46,0.08,10.59,0.17,-0.47,0.57,0.97,0.58,0.22,0.05,0.41,0.16
1,0.19,0.17,3.84,4.85,0.46,0.08,10.59,0.17,-0.47,0.57,0.97,0.58,0.22,0.05,0.41,0.16
1,0.19,0.17,3.84,4.85,0.46,0.08,10.59,0.17,-0.47,0.57,0.97,0.58,0.22,0.05,0.41,0.16
1,0.19,0.17,3.84,4.85,0.46,0.08,10.59,0.17,-0.47,0.57,0.97,0.58,0.22,0.05,0.41,0.16
1,0.19,0.17,3.84,4.85,0.46,0.08,10.59,0.17,-0.47,0.57,0.97,0.58,0.22,0.05,0.41,0.16
1,0.16,0.21,3.9,25.69,0.46,-1.04,10.21,0.1,-2.31,0.66,0.96,0.81,0.2,0.05,0.47,0.17
1,0.16,0.21,3.9,25.69,0.46,-1.04,10.21,0.1,-2.31,0.66,0.96,0.81,0.2,0.05,0.47,0.17
1,0.16,0.21,3.9,25.69,0.46,-1.04,10.21,0.1,-2.31,0.66,0.96,0.81,0.2,0.05,0.47,0.17
1,0.16,0.21,3.9,25.69,0.46,-1.04,10.21,0.1,-2.31,0.66,0.96,0.81,0.2,0.05,0.47,0.17
1,0.16,0.21,3.9,25.69,0.46,-1.04,10.21,0.1,-2.31,0.66,0.96,0.81,0.2,0.05,0.47,0.17
1,0.16,0.21,3.9,25.69,0.46,-1.04,10.21,0.1,-2.31,0.66,0.96,0.81,0.2,0.05,0.47,0.17
1,0.16,0.21,3.9,25.69,0.46,-1.04,10.21,0.1,-2.31,0.66,0.96,0.81,0.2,0.05,0.47,0.17
1,0.16,0.21,3.9,25.69,0.46,-1.04,10.21,0.1,-2.31,0.66,0.96,0.81,0.2,0.05,0.47,0.17
1,0.16,0.21,3.9,25.69,0.46,-1.04,10.21,0.1,-2.31,0.66,0.96,0.81,0.2,0.05,0.47,0.17
1,0.16,0.21,3.9,25.69,0.46,-1.04,10.21,0.1,-2.31,0.66,0.96,0.81,0.2,0.05,0.47,0.17
1,0.16,0.21,3.9,25.69,0.46,-1.04,10.21,0.1,-2.31,0.66,0.96,0.81,0.2,0.05,0.47,0.17
1,0.16,0.21,3.9,25.69,0.46,-1.04,10.21,0.1,-2.31,0.66,0.96,0.81,0.2,0.05,0.47,0.17
1,0.18,0.2,3.77,25.41,0.43,0.03,10.22,0.12,-0.7,0.58,0.88,0.65,0.22,0.23,0.54,0.21
1,0.18,0.2,3.77,25.41,0.43,0.03,10.22,0.12,-0.7,0.58,0.88,0.65,0.22,0.23,0.54,0.21
1,0.18,0.2,3.77,25.41,0.43,0.03,10.22,0.12,-0.7,0.58,0.88,0.65,0.22,0.23,0.54,0.21
1,0.18,0.2,3.77,25.41,0.43,0.03,10.22,0.12,-0.7,0.58,0.88,0.65,0.22,0.23,0.54,0.21
1,0.18,0.2,3.77,25.41,0.43,0.03,10.22,0.12,-0.7,0.58,0.88,0.65,0.22,0.23,0.54,0.21
1,0.18,0.2,3.77,25.41,0.43,0.03,10.22,0.12,-0.7,0.58,0.88,0.65,0.22,0.23,0.54,0.21
1,0.18,0.2,3.77,25.41,0.43,0.03,10.22,0.12,-0.7,0.58,0.88,0.65,0.22,0.23,0.54,0.21
1,0.18,0.2,3.77,25.41,0.43,0.03,10.22,0.12,-0.7,0.58,0.88,0.65,0.22,0.23,0.54,0.21
1,0.18,0.2,3.77,25.41,0.43,0.03,10.22,0.12,-0.7,0.58,0.88,0.65,0.22,0.23,0.54,0.21
1,0.18,0.2,3.77,25.41,0.43,0.03,10.22,0.12,-0.7,0.58,0.88,0.65,0.22,0.23,0.54,0.21
1,0.18,0.2,3.77,25.41,0.43,0.03,10.22,0.12,-0.7,0.58,0.88,0.65,0.22,0.23,0.54,0.21
1,0.18,0.2,3.77,25.41,0.43,0.03,10.22,0.12,-0.7,0.58,0.88,0.65,0.22,0.23,0.54,0.21
1,0.09,0.16,3.8,6.6,0.76,-1.31,10.54,0.05,-2.81,0.85,0.97,0.67,0.1,0.07,0.41,0.11
1,0.09,0.16,3.8,6.6,0.76,-1.31,10.54,0.05,-2.81,0.85,0.97,0.67,0.1,0.07,0.41,0.11
1,0.09,0.16,3.8,6.6,0.76,-1.31,10.54,0.05,-2.81,0.85,0.97,0.67,0.1,0.07,0.41,0.11
1,0.09,0.16,3.8,6.6,0.76,-1.31,10.54,0.05,-2.81,0.85,0.97,0.67,0.1,0.07,0.41,0.11
1,0.09,0.16,3.8,6.6,0.76,-1.31,10.54,0.05,-2.81,0.85,0.97,0.67,0.1,0.07,0.41,0.11
1,0.09,0.16,3.8,6.6,0.76,-1.31,10.54,0.05,-2.81,0.85,0.97,0.67,0.1,0.07,0.41,0.11
1,0.09,0.16,3.8,6.6,0.76,-1.31,10.54,0.05,-2.81,0.85,0.97,0.67,0.1,0.07,0.41,0.11
1,0.09,0.16,3.8,6.6,0.76,-1.31,10.54,0.05,-2.81,0.85,0.97,0.67,0.1,0.07,0.41,0.11
1,0.09,0.16,3.8,6.6,0.76,-1.31,10.54,0.05,-2.81,0.85,0.97,0.67,0.1,0.07,0.41,0.11
1,0.09,0.16,3.8,6.6,0.76,-1.31,10.54,0.05,-2.81,0.85,0.97,0.67,0.1,0.07,0.41,0.11
1,0.09,0.16,3.8,6.6,0.76,-1.31,10.54,0.05,-2.81,0.85,0.97,0.67,0.1,0.07,0.41,0.11
1,0.09,0.16,3.8,6.6,0.76,-1.31,10.54,0.05,-2.81,0.85,0.97,0.67,0.1,0.07,0.41,0.11
1,0.11,0.14,3.67,0.37,0.41,0.19,11.0,0.16,0.4,0.54,0.94,0.64,0.11,0.15,0.39,0.29
1,0.11,0.14,3.67,0.37,0.41,0.19,11.0,0.16,0.4,0.54,0.94,0.64,0.11,0.15,0.39,0.29
1,0.11,0.14,3.67,0.37,0.41,0.19,11.0,0.16,0.4,0.54,0.94,0.64,0.11,0.15,0.39,0.29
1,0.11,0.14,3.67,0.37,0.41,0.19,11.0,0.16,0.4,0.54,0.94,0.64,0.11,0.15,0.39,0.29
1,0.11,0.14,3.67,0.37,0.41,0.19,11.0,0.16,0.4,0.54,0.94,0.64,0.11,0.15,0.39,0.29
1,0.11,0.14,3.67,0.37,0.41,0.19,11.0,0.16,0.4,0.54,0.94,0.64,0.11,0.15,0.39,0.29
1,0.11,0.14,3.67,0.37,0.41,0.19,11.0,0.16,0.4,0.54,0.94,0.64,0.11,0.15,0.39,0.29
1,0.11,0.14,3.67,0.37,0.41,0.19,11.0,0.16,0.4,0.54,0.94,0.64,0.11,0.15,0.39,0.29
1,0.11,0.14,3.67,0.37,0.41,0.19,11.0,0.16,0.4,0.54,0.94,0.64,0.11,0.15,0.39,0.29
1,0.11,0.14,3.67,0.37,0.41,0.19,11.0,0.16,0.4,0.54,0.94,0.64,0.11,0.15,0.39,0.29
1,0.11,0.14,3.67,0.37,0.41,0.19,11.0,0.16,0.4,0.54,0.94,0.64,0.11,0.15,0.39,0.29
1,0.11,0.14,3.67,0.37,0.41,0.19,11.0,0.16,0.4,0.54,0.94,0.64,0.11,0.15,0.39,0.29
1,0.11,0.1,3.51,1.03,0.18,0.26,10.97,0.1,1.69,0.23,0.95,0.63,0.12,0.06,0.39,0.14
1,0.11,0.1,3.51,1.03,0.18,0.26,10.97,0.1,1.69,0.23,0.95,0.63,0.12,0.06,0.39,0.14
1,0.11,0.1,3.51,1.03,0.18,0.26,10.97,0.1,1.69,0.23,0.95,0.63,0.12,0.06,0.39,0.14
1,0.11,0.1,3.51,1.03,0.18,0.26,10.97,0.1,1.69,0.23,0.95,0.63,0.12,0.06,0.39,0.14
1,0.11,0.1,3.51,1.03,0.18,0.26,10.97,0.1,1.69,0.23,0.95,0.63,0.12,0.06,0.39,0.14
1,0.11,0.1,3.51,1.03,0.18,0.26,10.97,0.1,1.69,0.23,0.95,0.63,0.12,0.06,0.39,0.14
1,0.11,0.1,3.51,1.03,0.18,0.26,10.97,0.1,1.69,0.23,0.95,0.63,0.12,0.06,0.39,0.14
1,0.11,0.1,3.51,1.03,0.18,0.26,10.97,0.1,1.69,0.23,0.95,0.63,0.12,0.06,0.39,0.14
1,0.11,0.1,3.51,1.03,0.18,0.26,10.97,0.1,1.69,0.23,0.95,0.63,0.12,0.06,0.39,0.14
1,0.11,0.1,3.51,1.03,0.18,0.26,10.97,0.1,1.69,0.23,0.95,0.63,0.12,0.06,0.39,0.14
1,0.11,0.1,3.51,1.03,0.18,0.26,10.97,0.1,1.69,0.23,0.95,0.63,0.12,0.06,0.39,0.14
1,0.11,0.1,3.51,1.03,0.18,0.26,10.97,0.1,1.69,0.23,0.95,0.63,0.12,0.06,0.39,0.14
1,0.11,0.17,3.97,8.36,0.72,-0.9,10.97,0.14,-0.31,0.68,0.96,0.64,0.19,0.02,0.31,0.14
1,0.11,0.17,3.97,8.36,0.72,-0.9,10.97,0.14,-0.31,0.68,0.96,0.64,0.19,0.02,0.31,0.14
1,0.11,0.17,3.97,8.36,0.72,-0.9,10.97,0.14,-0.31,0.68,0.96,0.64,0.19,0.02,0.31,0.14
1,0.11,0.17,3.97,8.36,0.72,-0.9,10.97,0.14,-0.31,0.68,0.96,0.64,0.19,0.02,0.31,0.14
1,0.11,0.17,3.97,8.36,0.72,-0.9,10.97,0.14,-0.31,0.68,0.96,0.64,0.19,0.02,0.31,0.14
1,0.11,0.17,3.97,8.36,0.72,-0.9,10.97,0.14,-0.31,0.68,0.96,0.64,0.19,0.02,0.31,0.14
1,0.11,0.17,3.97,8.36,0.72,-0.9,10.97,0.14,-0.31,0.68,0.96,0.64,0.19,0.02,0.31,0.14
1,0.11,0.17,3.97,8.36,0.72,-0.9,10.97,0.14,-0.31,0.68,0.96,0.64,0.19,0.02,0.31,0.14
1,0.11,0.17,3.97,8.36,0.72,-0.9,10.97,0.14,-0.31,0.68,0.96,0.64,0.19,0.02,0.31,0.14
1,0.11,0.17,3.97,8.36,0.72,-0.9,10.97,0.14,-0.31,0.68,0.96,0.64,0.19,0.02,0.31,0.14
1,0.11,0.17,3.97,8.36,0.72,-0.9,10.97,0.14,-0.31,0.68,0.96,0.64,0.19,0.02,0.31,0.14
1,0.11,0.17,3.97,8.36,0.72,-0.9,10.97,0.14,-0.31,0.68,0.96,0.64,0.19,0.02,0.31,0.14
1,0.12,0.2,3.76,9.03,0.51,1.49,10.54,0.12,-1.29,0.78,0.91,0.47,0.16,0.1,0.59,0.21
1,0.12,0.2,3.76,9.03,0.51,1.49,10.54,0.12,-1.29,0.78,0.91,0.47,0.16,0.1,0.59,0.21
1,0.12,0.2,3.76,9.03,0.51,1.49,10.54,0.12,-1.29,0.78,0.91,0.47,0.16,0.1,0.59,0.21
1,0.12,0.2,3.76,9.03,0.51,1.49,10.54,0.12,-1.29,0.78,0.91,0.47,0.16,0.1,0.59,0.21
1,0.12,0.2,3.76,9.03,0.51,1.49,10.54,0.12,-1.29,0.78,0.91,0.47,0.16,0.1,0.59,0.21
1,0.12,0.2,3.76,9.03,0.51,1.49,10.54,0.12,-1.29,0.78,0.91,0.47,0.16,0.1,0.59,0.21
1,0.12,0.2,3.76,9.03,0.51,1.49,10.54,0.12,-1.29,0.78,0.91,0.47,0.16,0.1,0.59,0.21
1,0.12,0.2,3.76,9.03,0.51,1.49,10.54,0.12,-1.29,0.78,0.91,0.47,0.16,0.1,0.59,0.21
1,0.12,0.2,3.76,9.03,0.51,1.49,10.54,0.12,-1.29,0.78,0.91,0.47,0.16,0.1,0.59,0.21
1,0.12,0.2,3.76,9.03,0.51,1.49,10.54,0.12,-1.29,0.78,0.91,0.47,0.16,0.1,0.59,0.21
1,0.12,0.2,3.76,9.03,0.51,1.49,10.54,0.12,-1.29,0.78,0.91,0.47,0.16,0.1,0.59,0.21
1,0.12,0.2,3.76,9.03,0.51,1.49,10.54,0.12,-1.29,0.78,0.91,0.47,0.16,0.1,0.59,0.21
1,0.13,0.17,3.66,4.72,0.62,0.15,10.93,0.16,-1.6,0.78,0.96,0.53,0.19,0.08,0.51,0.22
1,0.13,0.17,3.66,4.72,0.62,0.15,10.93,0.16,-1.6,0.78,0.96,0.53,0.19,0.08,0.51,0.22
1,0.13,0.17,3.66,4.72,0.62,0.15,10.93,0.16,-1.6,0.78,0.96,0.53,0.19,0.08,0.51,0.22
1,0.13,0.17,3.66,4.72,0.62,0.15,10.93,0.16,-1.6,0.78,0.96,0.53,0.19,0.08,0.51,0.22
1,0.13,0.17,3.66,4.72,0.62,0.15,10.93,0.16,-1.6,0.78,0.96,0.53,0.19,0.08,0.51,0.22
1,0.13,0.17,3.66,4.72,0.62,0.15,10.93,0.16,-1.6,0.78,0.96,0.53,0.19,0.08,0.51,0.22
1,0.13,0.17,3.66,4.72,0.62,0.15,10.93,0.16,-1.6,0.78,0.96,0.53,0.19,0.08,0.51,0.22
1,0.13,0.17,3.66,4.72,0.62,0.15,10.93,0.16,-1.6,0.78,0.96,0.53,0.19,0.08,0.51,0.22
1,0.13,0.17,3.66,4.72,0.62,0.15,10.93,0.16,-1.6,0.78,0.96,0.53,0.19,0.08,0.51,0.22
1,0.13,0.17,3.66,4.72,0.62,0.15,10.93,0.16,-1.6,0.78,0.96,0.53,0.19,0.08,0.51,0.22
1,0.13,0.17,3.66,4.72,0.62,0.15,10.93,0.16,-1.6,0.78,0.96,0.53,0.19,0.08,0.51,0.22
1,0.13,0.17,3.66,4.72,0.62,0.15,10.93,0.16,-1.6,0.78,0.96,0.53,0.19,0.08,0.51,0.22
1,0.16,0.21,3.75,3.68,0.49,0.9,10.92,0.16,0.34,0.51,0.94,0.61,0.18,0.05,0.53,0.2
1,0.16,0.21,3.75,3.68,0.49,0.9,10.92,0.16,0.34,0.51,0.94,0.61,0.18,0.05,0.53,0.2
1,0.16,0.21,3.75,3.68,0.49,0.9,10.92,0.16,0.34,0.51,0.94,0.61,0.18,0.05,0.53,0.2
1,0.16,0.21,3.75,3.68,0.49,0.9,10.92,0.16,0.34,0.51,0.94,0.61,0.18,0.05,0.53,0.2
1,0.16,0.21,3.75,3.68,0.49,0.9,10.92,0.16,0.34,0.51,0.94,0.61,0.18,0.05,0.53,0.2
1,0.16,0.21,3.75,3.68,0.49,0.9,10.92,0.16,0.34,0.51,0.94,0.61,0.18,0.05,0.53,0.2
1,0.16,0.21,3.75,3.68,0.49,0.9,10.92,0.16,0.34,0.51,0.94,0.61,0.18,0.05,0.53,0.2
1,0.16,0.21,3.75,3.68,0.49,0.9,10.92,0.16,0.34,0.51,0.94,0.61,0.18,0.05,0.53,0.2
1,0.16,0.21,3.75,3.68,0.49,0.9,10.92,0.16,0.34,0.51,0.94,0.61,0.18,0.05,0.53,0.2
1,0.16,0.21,3.75,3.68,0.49,0.9,10.92,0.16,0.34,0.51,0.94,0.61,0.18,0.05,0.53,0.2
1,0.16,0.21,3.75,3.68,0.49,0.9,10.92,0.16,0.34,0.51,0.94,0.61,0.18,0.05,0.53,0.2
1,0.16,0.21,3.75,3.68,0.49,0.9,10.92,0.16,0.34,0.51,0.94,0.61,0.18,0.05,0.53,0.2
1,0.15,0.15,3.77,0.87,0.34,0.39,10.84,0.12,-1.12,0.57,0.95,0.43,0.16,0.08,0.57,0.2
1,0.15,0.15,3.77,0.87,0.34,0.39,10.84,0.12,-1.12,0.57,0.95,0.43,0.16,0.08,0.57,0.2
1,0.15,0.15,3.77,0.87,0.34,0.39,10.84,0.12,-1.12,0.57,0.95,0.43,0.16,0.08,0.57,0.2
1,0.15,0.15,3.77,0.87,0.34,0.39,10.84,0.12,-1.12,0.57,0.95,0.43,0.16,0.08,0.57,0.2
1,0.15,0.15,3.77,0.87,0.34,0.39,10.84,0.12,-1.12,0.57,0.95,0.43,0.16,0.08,0.57,0.2
1,0.15,0.15,3.77,0.87,0.34,0.39,10.84,0.12,-1.12,0.57,0.95,0.43,0.16,0.08,0.57,0.2
1,0.15,0.15,3.77,0.87,0.34,0.39,10.84,0.12,-1.12,0.57,0.95,0.43,0.16,0.08,0.57,0.2
1,0.15,0.15,3.77,0.87,0.34,0.39,10.84,0.12,-1.12,0.57,0.95,0.43,0.16,0.08,0.57,0.2
1,0.15,0.15,3.77,0.87,0.34,0.39,10.84,0.12,-1.12,0.57,0.95,0.43,0.16,0.08,0.57,0.2
1,0.15,0.15,3.77,0.87,0.34,0.39,10.84,0.12,-1.12,0.57,0.95,0.43,0.16,0.08,0.57,0.2
1,0.15,0.15,3.77,0.87,0.34,0.39,10.84,0.12,-1.12,0.57,0.95,0.43,0.16,0.08,0.57,0.2
1,0.15,0.15,3.77,0.87,0.34,0.39,10.84,0.12,-1.12,0.57,0.95,0.43,0.16,0.08,0.57,0.2
1,0.12,0.13,3.66,0.94,0.35,-0.22,11.0,0.13,0.1,0.47,0.98,0.72,0.16,0.02,0.46,0.16
1,0.12,0.13,3.66,0.94,0.35,-0.22,11.0,0.13,0.1,0.47,0.98,0.72,0.16,0.02,0.46,0.16
1,0.12,0.13,3.66,0.94,0.35,-0.22,11.0,0.13,0.1,0.47,0.98,0.72,0.16,0.02,0.46,0.16
1,0.12,0.13,3.66,0.94,0.35,-0.22,11.0,0.13,0.1,0.47,0.98,0.72,0.16,0.02,0.46,0.16
1,0.12,0.13,3.66,0.94,0.35,-0.22,11.0,0.13,0.1,0.47,0.98,0.72,0.16,0.02,0.46,0.16
1,0.12,0.13,3.66,0.94,0.35,-0.22,11.0,0.13,0.1,0.47,0.98,0.72,0.16,0.02,0.46,0.16
1,0.12,0.13,3.66,0.94,0.35,-0.22,11.0,0.13,0.1,0.47,0.98,0.72,0.16,0.02,0.46,0.16
1,0.12,0.13,3.66,0.94,0.35,-0.22,11.0,0.13,0.1,0.47,0.98,0.72,0.16,0.02,0.46,0.16
1,0.12,0.13,3.66,0.94,0.35,-0.22,11.0,0.13,0.1,0.47,0.98,0.72,0.16,0.02,0.46,0.16
1,0.12,0.13,3.66,0.94,0.35,-0.22,11.0,0.13,0.1,0.47,0.98,0.72,0.16,0.02,0.46,0.16
1,0.12,0.13,3.66,0.94,0.35,-0.22,11.0,0.13,0.1,0.47,0.98,0.72,0.16,0.02,0.46,0.16
1,0.12,0.13,3.66,0.94,0.35,-0.22,11.0,0.13,0.1,0.47,0.98,0.72,0.16,0.02,0.46,0.16
1,0.13,0.13,4.06,0.4,0.27,-0.14,10.53,0.13,0.33,0.37,0.94,0.61,0.15,0.06,0.38,0.15
1,0.13,0.13,4.06,0.4,0.27,-0.14,10.53,0.13,0.33,0.37,0.94,0.61,0.15,0.06,0.38,0.15
1,0.13,0.13,4.06,0.4,0.27,-0.14,10.53,0.13,0.33,0.37,0.94,0.61,0.15,0.06,0.38,0.15
1,0.13,0.13,4.06,0.4,0.27,-0.14,10.53,0.13,0.33,0.37,0.94,0.61,0.15,0.06,0.38,0.15
1,0.13,0.13,4.06,0.4,0.27,-0.14,10.53,0.13,0.33,0.37,0.94,0.61,0.15,0.06,0.38,0.15
1,0.13,0.13,4.06,0.4,0.27,-0.14,10.53,0.13,0.33,0.37,0.94,0.61,0.15,0.06,0.38,0.15
1,0.13,0.13,4.06,0.4,0.27,-0.14,10.53,0.13,0.33,0.37,0.94,0.61,0.15,0.06,0.38,0.15
1,0.13,0.13,4.06,0.4,0.27,-0.14,10.53,0.13,0.33,0.37,0.94,0.61,0.15,0.06,0.38,0.15
1,0.13,0.13,4.06,0.4,0.27,-0.14,10.53,0.13,0.33,0.37,0.94,0.61,0.15,0.06,0.38,0.15
1,0.13,0.13,4.06,0.4,0.27,-0.14,10.53,0.13,0.33,0.37,0.94,0.61,0.15,0.06,0.38,0.15
1,0.13,0.13,4.06,0.4,0.27,-0.14,10.53,0.13,0.33,0.37,0.94,0.61,0.15,0.06,0.38,0.15
1,0.13,0.13,4.06,0.4,0.27,-0.14,10.53,0.13,0.33,0.37,0.94,0.61,0.15,0.06,0.38,0.15
1,0.16,0.15,3.63,7.38,0.35,1.48,10.79,0.19,0.68,0.42,0.93,0.8,0.19,0.08,0.46,0.16
1,0.16,0.15,3.63,7.38,0.35,1.48,10.79,0.19,0.68,0.42,0.93,0.8,0.19,0.08,0.46,0.16
1,0.16,0.15,3.63,7.38,0.35,1.48,10.79,0.19,0.68,0.42,0.93,0.8,0.19,0.08,0.46,0.16
1,0.16,0.15,3.63,7.38,0.35,1.48,10.79,0.19,0.68,0.42,0.93,0.8,0.19,0.08,0.46,0.16
1,0.16,0.15,3.63,7.38,0.35,1.48,10.79,0.19,0.68,0.42,0.93,0.8,0.19,0.08,0.46,0.16
1,0.16,0.15,3.63,7.38,0.35,1.48,10.79,0.19,0.68,0.42,0.93,0.8,0.19,0.08,0.46,0.16
1,0.16,0.15,3.63,7.38,0.35,1.48,10.79,0.19,0.68,0.42,0.93,0.8,0.19,0.08,0.46,0.16
1,0.16,0.15,3.63,7.38,0.35,1.48,10.79,0.19,0.68,0.42,0.93,0.8,0.19,0.08,0.46,0.16
1,0.16,0.15,3.63,7.38,0.35,1.48,10.79,0.19,0.68,0.42,0.93,0.8,0.19,0.08,0.46,0.16
1,0.16,0.15,3.63,7.38,0.35,1.48,10.79,0.19,0.68,0.42,0.93,0.8,0.19,0.08,0.46,0.16
1,0.16,0.15,3.63,7.38,0.35,1.48,10.79,0.19,0.68,0.42,0.93,0.8,0.19,0.08,0.46,0.16
1,0.16,0.15,3.63,7.38,0.35,1.48,10.79,0.19,0.68,0.42,0.93,0.8,0.19,0.08,0.46,0.16
1,0.06,0.23,3.98,1.04,0.53,0.78,10.41,0.04,-0.11,0.84,0.95,0.85,0.08,0.06,0.51,0.07
1,0.06,0.23,3.98,1.04,0.53,0.78,10.41,0.04,-0.11,0.84,0.95,0.85,0.08,0.06,0.51,0.07
1,0.06,0.23,3.98,1.04,0.53,0.78,10.41,0.04,-0.11,0.84,0.95,0.85,0.08,0.06,0.51,0.07
1,0.06,0.23,3.98,1.04,0.53,0.78,10.41,0.04,-0.11,0.84,0.95,0.85,0.08,0.06,0.51,0.07
1,0.06,0.23,3.98,1.04,0.53,0.78,10.41,0.04,-0.11,0.84,0.95,0.85,0.08,0.06,0.51,0.07
1,0.06,0.23,3.98,1.04,0.53,0.78,10.41,0.04,-0.11,0.84,0.95,0.85,0.08,0.06,0.51,0.07
1,0.06,0.23,3.98,1.04,0.53,0.78,10.41,0.04,-0.11,0.84,0.95,0.85,0.08,0.06,0.51,0.07
1,0.06,0.23,3.98,1.04,0.53,0.78,10.41,0.04,-0.11,0.84,0.95,0.85,0.08,0.06,0.51,0.07
1,0.06,0.23,3.98,1.04,0.53,0.78,10.41,0.04,-0.11,0.84,0.95,0.85,0.08,0.06,0.51,0.07
1,0.06,0.23,3.98,1.04,0.53,0.78,10.41,0.04,-0.11,0.84,0.95,0.85,0.08,0.06,0.51,0.07
1,0.06,0.23,3.98,1.04,0.53,0.78,10.41,0.04,-0.11,0.84,0.95,0.85,0.08,0.06,0.51,0.07
1,0.06,0.23,3.98,1.04,0.53,0.78,10.41,0.04,-0.11,0.84,0.95,0.85,0.08,0.06,0.51,0.07
1,0.14,0.18,3.92,7.47,0.67,-0.88,10.36,0.11,-2.52,0.71,0.86,0.5,0.13,0.17,0.54,0.19
1,0.14,0.18,3.92,7.47,0.67,-0.88,10.36,0.11,-2.52,0.71,0.86,0.5,0.13,0.17,0.54,0.19
1,0.14,0.18,3.92,7.47,0.67,-0.88,10.36,0.11,-2.52,0.71,0.86,0.5,0.13,0.17,0.54,0.19
1,0.14,0.18,3.92,7.47,0.67,-0.88,10.36,0.11,-2.52,0.71,0.86,0.5,0.13,0.17,0.54,0.19
1,0.14,0.18,3.92,7.47,0.67,-0.88,10.36,0.11,-2.52,0.71,0.86,0.5,0.13,0.17,0.54,0.19
1,0.14,0.18,3.92,7.47,0.67,-0.88,10.36,0.11,-2.52,0.71,0.86,0.5,0.13,0.17,0.54,0.19
1,0.14,0.18,3.92,7.47,0.67,-0.88,10.36,0.11,-2.52,0.71,0.86,0.5,0.13,0.17,0.54,0.19
1,0.14,0.18,3.92,7.47,0.67,-0.88,10.36,0.11,-2.52,0.71,0.86,0.5,0.13,0.17,0.54,0.19
1,0.14,0.18,3.92,7.47,0.67,-0.88,10.36,0.11,-2.52,0.71,0.86,0.5,0.13,0.17,0.54,0.19
1,0.14,0.18,3.92,7.47,0.67,-0.88,10.36,0.11,-2.52,0.71,0.86,0.5,0.13,0.17,0.54,0.19
1,0.14,0.18,3.92,7.47,0.67,-0.88,10.36,0.11,-2.52,0.71,0.86,0.5,0.13,0.17,0.54,0.19
1,0.14,0.18,3.92,7.47,0.67,-0.88,10.36,0.11,-2.52,0.71,0.86,0.5,0.13,0.17,0.54,0.19
1,0.22,0.2,4.04,0.31,0.28,-0.19,10.46,0.13,-0.36,0.5,0.99,0.81,0.21,0.01,0.51,0.14
1,0.22,0.2,4.04,0.31,0.28,-0.19,10.46,0.13,-0.36,0.5,0.99,0.81,0.21,0.01,0.51,0.14
1,0.22,0.2,4.04,0.31,0.28,-0.19,10.46,0.13,-0.36,0.5,0.99,0.81,0.21,0.01,0.51,0.14
1,0.22,0.2,4.04,0.31,0.28,-0.19,10.46,0.13,-0.36,0.5,0.99,0.81,0.21,0.01,0.51,0.14
1,0.22,0.2,4.04,0.31,0.28,-0.19,10.46,0.13,-0.36,0.5,0.99,0.81,0.21,0.01,0.51,0.14
1,0.22,0.2,4.04,0.31,0.28,-0.19,10.46,0.13,-0.36,0.5,0.99,0.81,0.21,0.01,0.51,0.14
1,0.22,0.2,4.04,0.31,0.28,-0.19,10.46,0.13,-0.36,0.5,0.99,0.81,0.21,0.01,0.51,0.14
1,0.22,0.2,4.04,0.31,0.28,-0.19,10.46,0.13,-0.36,0.5,0.99,0.81,0.21,0.01,0.51,0.14
1,0.22,0.2,4.04,0.31,0.28,-0.19,10.46,0.13,-0.36,0.5,0.99,0.81,0.21,0.01,0.51,0.14
1,0.22,0.2,4.04,0.31,0.28,-0.19,10.46,0.13,-0.36,0.5,0.99,0.81,0.21,0.01,0.51,0.14
1,0.22,0.2,4.04,0.31,0.28,-0.19,10.46,0.13,-0.36,0.5,0.99,0.81,0.21,0.01,0.51,0.14
1,0.22,0.2,4.04,0.31,0.28,-0.19,10.46,0.13,-0.36,0.5,0.99,0.81,0.21,0.01,0.51,0.14
1,0.23,0.19,3.95,1.07,0.26,0.41,10.35,0.15,0.39,0.43,0.95,0.78,0.22,0.06,0.37,0.14
1,0.23,0.19,3.95,1.07,0.26,0.41,10.35,0.15,0.39,0.43,0.95,0.78,0.22,0.06,0.37,0.14
1,0.23,0.19,3.95,1.07,0.26,0.41,10.35,0.15,0.39,0.43,0.95,0.78,0.22,0.06,0.37,0.14
1,0.23,0.19,3.95,1.07,0.26,0.41,10.35,0.15,0.39,0.43,0.95,0.78,0.22,0.06,0.37,0.14
1,0.23,0.19,3.95,1.07,0.26,0.41,10.35,0.15,0.39,0.43,0.95,0.78,0.22,0.06,0.37,0.14
1,0.23,0.19,3.95,1.07,0.26,0.41,10.35,0.15,0.39,0.43,0.95,0.78,0.22,0.06,0.37,0.14
1,0.23,0.19,3.95,1.07,0.26,0.41,10.35,0.15,0.39,0.43,0.95,0.78,0.22,0.06,0.37,0.14
1,0.23,0.19,3.95,1.07,0.26,0.41,10.35,0.15,0.39,0.43,0.95,0.78,0.22,0.06,0.37,0.14
1,0.23,0.19,3.95,1.07,0.26,0.41,10.35,0.15,0.39,0.43,0.95,0.78,0.22,0.06,0.37,0.14
1,0.23,0.19,3.95,1.07,0.26,0.41,10.35,0.15,0.39,0.43,0.95,0.78,0.22,0.06,0.37,0.14
1,0.23,0.19,3.95,1.07,0.26,0.41,10.35,0.15,0.39,0.43,0.95,0.78,0.22,0.06,0.37,0.14
1,0.23,0.19,3.95,1.07,0.26,0.41,10.35,0.15,0.39,0.43,0.95,0.78,0.22,0.06,0.37,0.14
1,0.18,0.16,3.81,3.82,0.23,0.63,10.8,0.14,0.34,0.41,0.94,0.56,0.11,0.11,0.39,0.2
1,0.18,0.16,3.81,3.82,0.23,0.63,10.8,0.14,0.34,0.41,0.94,0.56,0.11,0.11,0.39,0.2
1,0.18,0.16,3.81,3.82,0.23,0.63,10.8,0.14,0.34,0.41,0.94,0.56,0.11,0.11,0.39,0.2
1,0.18,0.16,3.81,3.82,0.23,0.63,10.8,0.14,0.34,0.41,0.94,0.56,0.11,0.11,0.39,0.2
1,0.18,0.16,3.81,3.82,0.23,0.63,10.8,0.14,0.34,0.41,0.94,0.56,0.11,0.11,0.39,0.2
1,0.18,0.16,3.81,3.82,0.23,0.63,10.8,0.14,0.34,0.41,0.94,0.56,0.11,0.11,0.39,0.2
1,0.18,0.16,3.81,3.82,0.23,0.63,10.8,0.14,0.34,0.41,0.94,0.56,0.11,0.11,0.39,0.2
1,0.18,0.16,3.81,3.82,0.23,0.63,10.8,0.14,0.34,0.41,0.94,0.56,0.11,0.11,0.39,0.2
1,0.18,0.16,3.81,3.82,0.23,0.63,10.8,0.14,0.34,0.41,0.94,0.56,0.11,0.11,0.39,0.2
1,0.18,0.16,3.81,3.82,0.23,0.63,10.8,0.14,0.34,0.41,0.94,0.56,0.11,0.11,0.39,0.2
1,0.18,0.16,3.81,3.82,0.23,0.63,10.8,0.14,0.34,0.41,0.94,0.56,0.11,0.11,0.39,0.2
1,0.18,0.16,3.81,3.82,0.23,0.63,10.8,0.14,0.34,0.41,0.94,0.56,0.11,0.11,0.39,0.2
1,0.19,0.17,3.84,4.85,0.46,0.08,10.59,0.17,-0.47,0.57,0.97,0.58,0.22,0.05,0.41,0.16
1,0.19,0.17,3.84,4.85,0.46,0.08,10.59,0.17,-0.47,0.57,0.97,0.58,0.22,0.05,0.41,0.16
1,0.19,0.17,3.84,4.85,0.46,0.08,10.59,0.17,-0.47,0.57,0.97,0.58,0.22,0.05,0.41,0.16
1,0.19,0.17,3.84,4.85,0.46,0.08,10.59,0.17,-0.47,0.57,0.97,0.58,0.22,0.05,0.41,0.16
1,0.19,0.17,3.84,4.85,0.46,0.08,10.59,0.17,-0.47,0.57,0.97,0.58,0.22,0.05,0.41,0.16
1,0.19,0.17,3.84,4.85,0.46,0.08,10.59,0.17,-0.47,0.57,0.97,0.58,0.22,0.05,0.41,0.16
1,0.19,0.17,3.84,4.85,0.46,0.08,10.59,0.17,-0.47,0.57,0.97,0.58,0.22,0.05,0.41,0.16
1,0.19,0.17,3.84,4.85,0.46,0.08,10.59,0.17,-0.47,0.57,0.97,0.58,0.22,0.05,0.41,0.16
1,0.19,0.17,3.84,4.85,0.46,0.08,10.59,0.17,-0.47,0.57,0.97,0.58,0.22,0.05,0.41,0.16
1,0.19,0.17,3.84,4.85,0.46,0.08,10.59,0.17,-0.47,0.57,0.97,0.58,0.22,0.05,0.41,0.16
1,0.19,0.17,3.84,4.85,0.46,0.08,10.59,0.17,-0.47,0.57,0.97,0.58,0.22,0.05,0.41,0.16
1,0.19,0.17,3.84,4.85,0.46,0.08,10.59,0.17,-0.47,0.57,0.97,0.58,0.22,0.05,0.41,0.16
1,0.2,0.2,3.73,22.12,0.37,-0.88,10.3,0.09,-0.9,0.59,0.87,0.55,0.22,0.32,0.46,0.25
1,0.2,0.2,3.73,22.12,0.37,-0.88,10.3,0.09,-0.9,0.59,0.87,0.55,0.22,0.32,0.46,0.25
1,0.2,0.2,3.73,22.12,0.37,-0.88,10.3,0.09,-0.9,0.59,0.87,0.55,0.22,0.32,0.46,0.25
1,0.2,0.2,3.73,22.12,0.37,-0.88,10.3,0.09,-0.9,0.59,0.87,0.55,0.22,0.32,0.46,0.25
1,0.2,0.2,3.73,22.12,0.37,-0.88,10.3,0.09,-0.9,0.59,0.87,0.55,0.22,0.32,0.46,0.25
1,0.2,0.2,3.73,22.12,0.37,-0.88,10.3,0.09,-0.9,0.59,0.87,0.55,0.22,0.32,0.46,0.25
1,0.2,0.2,3.73,22.12,0.37,-0.88,10.3,0.09,-0.9,0.59,0.87,0.55,0.22,0.32,0.46,0.25
1,0.2,0.2,3.73,22.12,0.37,-0.88,10.3,0.09,-0.9,0.59,0.87,0.55,0.22,0.32,0.46,0.25
1,0.2,0.2,3.73,22.12,0.37,-0.88,10.3,0.09,-0.9,0.59,0.87,0.55,0.22,0.32,0.46,0.25
1,0.2,0.2,3.73,22.12,0.37,-0.88,10.3,0.09,-0.9,0.59,0.87,0.55,0.22,0.32,0.46,0.25
1,0.2,0.2,3.73,22.12,0.37,-0.88,10.3,0.09,-0.9,0.59,0.87,0.55,0.22,0.32,0.46,0.25
1,0.2,0.2,3.73,22.12,0.37,-0.88,10.3,0.09,-0.9,0.59,0.87,0.55,0.22,0.32,0.46,0.25
1,0.08,0.18,3.88,1.25,0.57,-0.94,10.57,0.11,-0.54,0.77,0.96,0.59,0.1,0.11,0.5,0.19
1,0.08,0.18,3.88,1.25,0.57,-0.94,10.57,0.11,-0.54,0.77,0.96,0.59,0.1,0.11,0.5,0.19
1,0.08,0.18,3.88,1.25,0.57,-0.94,10.57,0.11,-0.54,0.77,0.96,0.59,0.1,0.11,0.5,0.19
1,0.08,0.18,3.88,1.25,0.57,-0.94,10.57,0.11,-0.54,0.77,0.96,0.59,0.1,0.11,0.5,0.19
1,0.08,0.18,3.88,1.25,0.57,-0.94,10.57,0.11,-0.54,0.77,0.96,0.59,0.1,0.11,0.5,0.19
1,0.08,0.18,3.88,1.25,0.57,-0.94,10.57,0.11,-0.54,0.77,0.96,0.59,0.1,0.11,0.5,0.19
1,0.08,0.18,3.88,1.25,0.57,-0.94,10.57,0.11,-0.54,0.77,0.96,0.59,0.1,0.11,0.5,0.19
1,0.08,0.18,3.88,1.25,0.57,-0.94,10.57,0.11,-0.54,0.77,0.96,0.59,0.1,0.11,0.5,0.19
1,0.08,0.18,3.88,1.25,0.57,-0.94,10.57,0.11,-0.54,0.77,0.96,0.59,0.1,0.11,0.5,0.19
1,0.08,0.18,3.88,1.25,0.57,-0.94,10.57,0.11,-0.54,0.77,0.96,0.59,0.1,0.11,0.5,0.19
1,0.08,0.18,3.88,1.25,0.57,-0.94,10.57,0.11,-0.54,0.77,0.96,0.59,0.1,0.11,0.5,0.19
1,0.08,0.18,3.88,1.25,0.57,-0.94,10.57,0.11,-0.54,0.77,0.96,0.59,0.1,0.11,0.5,0.19
1,0.1,0.15,3.61,12.01,0.44,-0.49,11.01,0.09,-1.97,0.68,0.91,0.56,0.14,0.14,0.43,0.15
1,0.1,0.15,3.61,12.01,0.44,-0.49,11.01,0.09,-1.97,0.68,0.91,0.56,0.14,0.14,0.43,0.15
1,0.1,0.15,3.61,12.01,0.44,-0.49,11.01,0.09,-1.97,0.68,0.91,0.56,0.14,0.14,0.43,0.15
1,0.1,0.15,3.61,12.01,0.44,-0.49,11.01,0.09,-1.97,0.68,0.91,0.56,0.14,0.14,0.43,0.15
1,0.1,0.15,3.61,12.01,0.44,-0.49,11.01,0.09,-1.97,0.68,0.91,0.56,0.14,0.14,0.43,0.15
1,0.1,0.15,3.61,12.01,0.44,-0.49,11.01,0.09,-1.97,0.68,0.91,0.56,0.14,0.14,0.43,0.15
1,0.1,0.15,3.61,12.01,0.44,-0.49,11.01,0.09,-1.97,0.68,0.91,0.56,0.14,0.14,0.43,0.15
1,0.1,0.15,3.61,12.01,0.44,-0.49,11.01,0.09,-1.97,0.68,0.91,0.56,0.14,0.14,0.43,0.15
1,0.1,0.15,3.61,12.01,0.44,-0.49,11.01,0.09,-1.97,0.68,0.91,0.56,0.14,0.14,0.43,0.15
1,0.1,0.15,3.61,12.01,0.44,-0.49,11.01,0.09,-1.97,0.68,0.91,0.56,0.14,0.14,0.43,0.15
1,0.1,0.15,3.61,12.01,0.44,-0.49,11.01,0.09,-1.97,0.68,0.91,0.56,0.14,0.14,0.43,0.15
1,0.1,0.15,3.61,12.01,0.44,-0.49,11.01,0.09,-1.97,0.68,0.91,0.56,0.14,0.14,0.43,0.15
1,0.19,0.19,3.36,0.39,0.49,-0.61,10.79,0.18,0.25,0.43,0.9,0.66,0.19,0.25,0.39,0.23
1,0.19,0.19,3.36,0.39,0.49,-0.61,10.79,0.18,0.25,0.43,0.9,0.66,0.19,0.25,0.39,0.23
1,0.19,0.19,3.36,0.39,0.49,-0.61,10.79,0.18,0.25,0.43,0.9,0.66,0.19,0.25,0.39,0.23
1,0.19,0.19,3.36,0.39,0.49,-0.61,10.79,0.18,0.25,0.43,0.9,0.66,0.19,0.25,0.39,0.23
1,0.19,0.19,3.36,0.39,0.49,-0.61,10.79,0.18,0.25,0.43,0.9,0.66,0.19,0.25,0.39,0.23
1,0.19,0.19,3.36,0.39,0.49,-0.61,10.79,0.18,0.25,0.43,0.9,0.66,0.19,0.25,0.39,0.23
1,0.19,0.19,3.36,0.39,0.49,-0.61,10.79,0.18,0.25,0.43,0.9,0.66,0.19,0.25,0.39,0.23
1,0.19,0.19,3.36,0.39,0.49,-0.61,10.79,0.18,0.25,0.43,0.9,0.66,0.19,0.25,0.39,0.23
1,0.19,0.19,3.36,0.39,0.49,-0.61,10.79,0.18,0.25,0.43,0.9,0.66,0.19,0.25,0.39,0.23
1,0.19,0.19,3.36,0.39,0.49,-0.61,10.79,0.18,0.25,0.43,0.9,0.66,0.19,0.25,0.39,0.23
1,0.19,0.19,3.36,0.39,0.49,-0.61,10.79,0.18,0.25,0.43,0.9,0.66,0.19,0.25,0.39,0.23
1,0.19,0.19,3.36,0.39,0.49,-0.61,10.79,0.18,0.25,0.43,0.9,0.66,0.19,0.25,0.39,0.23
1,0.09,0.11,3.66,5.2,0.33,-0.43,10.73,0.07,-1.05,0.7,0.94,0.61,0.2,0.09,0.62,0.15
1,0.09,0.11,3.66,5.2,0.33,-0.43,10.73,0.07,-1.05,0.7,0.94,0.61,0.2,0.09,0.62,0.15
1,0.09,0.11,3.66,5.2,0.33,-0.43,10.73,0.07,-1.05,0.7,0.94,0.61,0.2,0.09,0.62,0.15
1,0.09,0.11,3.66,5.2,0.33,-0.43,10.73,0.07,-1.05,0.7,0.94,0.61,0.2,0.09,0.62,0.15
1,0.09,0.11,3.66,5.2,0.33,-0.43,10.73,0.07,-1.05,0.7,0.94,0.61,0.2,0.09,0.62,0.15
1,0.09,0.11,3.66,5.2,0.33,-0.43,10.73,0.07,-1.05,0.7,0.94,0.61,0.2,0.09,0.62,0.15
1,0.09,0.11,3.66,5.2,0.33,-0.43,10.73,0.07,-1.05,0.7,0.94,0.61,0.2,0.09,0.62,0.15
1,0.09,0.11,3.66,5.2,0.33,-0.43,10.73,0.07,-1.05,0.7,0.94,0.61,0.2,0.09,0.62,0.15
1,0.09,0.11,3.66,5.2,0.33,-0.43,10.73,0.07,-1.05,0.7,0.94,0.61,0.2,0.09,0.62,0.15
1,0.09,0.11,3.66,5.2,0.33,-0.43,10.73,0.07,-1.05,0.7,0.94,0.61,0.2,0.09,0.62,0.15
1,0.09,0.11,3.66,5.2,0.33,-0.43,10.73,0.07,-1.05,0.7,0.94,0.61,0.2,0.09,0.62,0.15
1,0.09,0.11,3.66,5.2,0.33,-0.43,10.73,0.07,-1.05,0.7,0.94,0.61,0.2,0.09,0.62,0.15
1,0.14,0.16,3.8,1.08,0.42,0.34,10.79,0.13,0.46,0.43,0.95,0.72,0.22,0.07,0.48,0.21
1,0.14,0.16,3.8,1.08,0.42,0.34,10.79,0.13,0.46,0.43,0.95,0.72,0.22,0.07,0.48,0.21
1,0.14,0.16,3.8,1.08,0.42,0.34,10.79,0.13,0.46,0.43,0.95,0.72,0.22,0.07,0.48,0.21
1,0.14,0.16,3.8,1.08,0.42,0.34,10.79,0.13,0.46,0.43,0.95,0.72,0.22,0.07,0.48,0.21
1,0.14,0.16,3.8,1.08,0.42,0.34,10.79,0.13,0.46,0.43,0.95,0.72,0.22,0.07,0.48,0.21
1,0.14,0.16,3.8,1.08,0.42,0.34,10.79,0.13,0.46,0.43,0.95,0.72,0.22,0.07,0.48,0.21
1,0.14,0.16,3.8,1.08,0.42,0.34,10.79,0.13,0.46,0.43,0.95,0.72,0.22,0.07,0.48,0.21
1,0.14,0.16,3.8,1.08,0.42,0.34,10.79,0.13,0.46,0.43,0.95,0.72,0.22,0.07,0.48,0.21
1,0.14,0.16,3.8,1.08,0.42,0.34,10.79,0.13,0.46,0.43,0.95,0.72,0.22,0.07,0.48,0.21
1,0.14,0.16,3.8,1.08,0.42,0.34,10.79,0.13,0.46,0.43,0.95,0.72,0.22,0.07,0.48,0.21
1,0.14,0.16,3.8,1.08,0.42,0.34,10.79,0.13,0.46,0.43,0.95,0.72,0.22,0.07,0.48,0.21
1,0.14,0.16,3.8,1.08,0.42,0.34,10.79,0.13,0.46,0.43,0.95,0.72,0.22,0.07,0.48,0.21
1,0.17,0.16,4.18,0.35,0.4,-0.09,10.17,0.19,0.46,0.47,0.95,0.75,0.21,0.04,0.42,0.12
1,0.17,0.16,4.18,0.35,0.4,-0.09,10.17,0.19,0.46,0.47,0.95,0.75,0.21,0.04,0.42,0.12
1,0.17,0.16,4.18,0.35,0.4,-0.09,10.17,0.19,0.46,0.47,0.95,0.75,0.21,0.04,0.42,0.12
1,0.17,0.16,4.18,0.35,0.4,-0.09,10.17,0.19,0.46,0.47,0.95,0.75,0.21,0.04,0.42,0.12
1,0.17,0.16,4.18,0.35,0.4,-0.09,10.17,0.19,0.46,0.47,0.95,0.75,0.21,0.04,0.42,0.12
1,0.17,0.16,4.18,0.35,0.4,-0.09,10.17,0.19,0.46,0.47,0.95,0.75,0.21,0.04,0.42,0.12
1,0.17,0.16,4.18,0.35,0.4,-0.09,10.17,0.19,0.46,0.47,0.95,0.75,0.21,0.04,0.42,0.12
1,0.17,0.16,4.18,0.35,0.4,-0.09,10.17,0.19,0.46,0.47,0.95,0.75,0.21,0.04,0.42,0.12
1,0.17,0.16,4.18,0.35,0.4,-0.09,10.17,0.19,0.46,0.47,0.95,0.75,0.21,0.04,0.42,0.12
1,0.17,0.16,4.18,0.35,0.4,-0.09,10.17,0.19,0.46,0.47,0.95,0.75,0.21,0.04,0.42,0.12
1,0.17,0.16,4.18,0.35,0.4,-0.09,10.17,0.19,0.46,0.47,0.95,0.75,0.21,0.04,0.42,0.12
1,0.17,0.16,4.18,0.35,0.4,-0.09,10.17,0.19,0.46,0.47,0.95,0.75,0.21,0.04,0.42,0.12
1,0.08,0.09,3.81,1.11,0.18,1.01,10.4,0.07,0.09,0.5,0.95,0.71,0.11,0.08,0.57,0.19
1,0.08,0.09,3.81,1.11,0.18,1.01,10.4,0.07,0.09,0.5,0.95,0.71,0.11,0.08,0.57,0.19
1,0.08,0.09,3.81,1.11,0.18,1.01,10.4,0.07,0.09,0.5,0.95,0.71,0.11,0.08,0.57,0.19
1,0.08,0.09,3.81,1.11,0.18,1.01,10.4,0.07,0.09,0.5,0.95,0.71,0.11,0.08,0.57,0.19
1,0.08,0.09,3.81,1.11,0.18,1.01,10.4,0.07,0.09,0.5,0.95,0.71,0.11,0.08,0.57,0.19
1,0.08,0.09,3.81,1.11,0.18,1.01,10.4,0.07,0.09,0.5,0.95,0.71,0.11,0.08,0.57,0.19
1,0.08,0.09,3.81,1.11,0.18,1.01,10.4,0.07,0.09,0.5,0.95,0.71,0.11,0.08,0.57,0.19
1,0.08,0.09,3.81,1.11,0.18,1.01,10.4,0.07,0.09,0.5,0.95,0.71,0.11,0.08,0.57,0.19
1,0.08,0.09,3.81,1.11,0.18,1.01,10.4,0.07,0.09,0.5,0.95,0.71,0.11,0.08,0.57,0.19
1,0.08,0.09,3.81,1.11,0.18,1.01,10.4,0.07,0.09,0.5,0.95,0.71,0.11,0.08,0.57,0.19
1,0.08,0.09,3.81,1.11,0.18,1.01,10.4,0.07,0.09,0.5,0.95,0.71,0.11,0.08,0.57,0.19
1,0.08,0.09,3.81,1.11,0.18,1.01,10.4,0.07,0.09,0.5,0.95,0.71,0.11,0.08,0.57,0.19
1,0.09,0.1,3.78,1.58,0.19,1.03,10.17,0.08,0.1,0.55,0.93,0.79,0.11,0.07,0.59,0.14
1,0.09,0.1,3.78,1.58,0.19,1.03,10.17,0.08,0.1,0.55,0.93,0.79,0.11,0.07,0.59,0.14
1,0.09,0.1,3.78,1.58,0.19,1.03,10.17,0.08,0.1,0.55,0.93,0.79,0.11,0.07,0.59,0.14
1,0.09,0.1,3.78,1.58,0.19,1.03,10.17,0.08,0.1,0.55,0.93,0.79,0.11,0.07,0.59,0.14
1,0.09,0.1,3.78,1.58,0.19,1.03,10.17,0.08,0.1,0.55,0.93,0.79,0.11,0.07,0.59,0.14
1,0.09,0.1,3.78,1.58,0.19,1.03,10.17,0.08,0.1,0.55,0.93,0.79,0.11,0.07,0.59,0.14
1,0.09,0.1,3.78,1.58,0.19,1.03,10.17,0.08,0.1,0.55,0.93,0.79,0.11,0.07,0.59,0.14
1,0.09,0.1,3.78,1.58,0.19,1.03,10.17,0.08,0.1,0.55,0.93,0.79,0.11,0.07,0.59,0.14
1,0.09,0.1,3.78,1.58,0.19,1.03,10.17,0.08,0.1,0.55,0.93,0.79,0.11,0.07,0.59,0.14
1,0.09,0.1,3.78,1.58,0.19,1.03,10.17,0.08,0.1,0.55,0.93,0.79,0.11,0.07,0.59,0.14
1,0.09,0.1,3.78,1.58,0.19,1.03,10.17,0.08,0.1,0.55,0.93,0.79,0.11,0.07,0.59,0.14
1,0.09,0.1,3.78,1.58,0.19,1.03,10.17,0.08,0.1,0.55,0.93,0.79,0.11,0.07,0.59,0.14
1,0.11,0.1,3.51,1.03,0.18,0.26,10.97,0.1,1.69,0.23,0.95,0.63,0.12,0.06,0.39,0.14
1,0.11,0.1,3.51,1.03,0.18,0.26,10.97,0.1,1.69,0.23,0.95,0.63,0.12,0.06,0.39,0.14
1,0.11,0.1,3.51,1.03,0.18,0.26,10.97,0.1,1.69,0.23,0.95,0.63,0.12,0.06,0.39,0.14
1,0.11,0.1,3.51,1.03,0.18,0.26,10.97,0.1,1.69,0.23,0.95,0.63,0.12,0.06,0.39,0.14
1,0.11,0.1,3.51,1.03,0.18,0.26,10.97,0.1,1.69,0.23,0.95,0.63,0.12,0.06,0.39,0.14
1,0.11,0.1,3.51,1.03,0.18,0.26,10.97,0.1,1.69,0.23,0.95,0.63,0.12,0.06,0.39,0.14
1,0.11,0.1,3.51,1.03,0.18,0.26,10.97,0.1,1.69,0.23,0.95,0.63,0.12,0.06,0.39,0.14
1,0.11,0.1,3.51,1.03,0.18,0.26,10.97,0.1,1.69,0.23,0.95,0.63,0.12,0.06,0.39,0.14
1,0.11,0.1,3.51,1.03,0.18,0.26,10.97,0.1,1.69,0.23,0.95,0.63,0.12,0.06,0.39,0.14
1,0.11,0.1,3.51,1.03,0.18,0.26,10.97,0.1,1.69,0.23,0.95,0.63,0.12,0.06,0.39,0.14
1,0.11,0.1,3.51,1.03,0.18,0.26,10.97,0.1,1.69,0.23,0.95,0.63,0.12,0.06,0.39,0.14
1,0.11,0.1,3.51,1.03,0.18,0.26,10.97,0.1,1.69,0.23,0.95,0.63,0.12,0.06,0.39,0.14
1,0.06,0.14,4.02,1.13,0.52,-0.73,10.14,0.07,-0.26,0.69,0.95,0.6,0.1,0.15,0.32,0.22
1,0.06,0.14,4.02,1.13,0.52,-0.73,10.14,0.07,-0.26,0.69,0.95,0.6,0.1,0.15,0.32,0.22
1,0.06,0.14,4.02,1.13,0.52,-0.73,10.14,0.07,-0.26,0.69,0.95,0.6,0.1,0.15,0.32,0.22
1,0.06,0.14,4.02,1.13,0.52,-0.73,10.14,0.07,-0.26,0.69,0.95,0.6,0.1,0.15,0.32,0.22
1,0.06,0.14,4.02,1.13,0.52,-0.73,10.14,0.07,-0.26,0.69,0.95,0.6,0.1,0.15,0.32,0.22
1,0.06,0.14,4.02,1.13,0.52,-0.73,10.14,0.07,-0.26,0.69,0.95,0.6,0.1,0.15,0.32,0.22
1,0.06,0.14,4.02,1.13,0.52,-0.73,10.14,0.07,-0.26,0.69,0.95,0.6,0.1,0.15,0.32,0.22
1,0.06,0.14,4.02,1.13,0.52,-0.73,10.14,0.07,-0.26,0.69,0.95,0.6,0.1,0.15,0.32,0.22
1,0.06,0.14,4.02,1.13,0.52,-0.73,10.14,0.07,-0.26,0.69,0.95,0.6,0.1,0.15,0.32,0.22
1,0.06,0.14,4.02,1.13,0.52,-0.73,10.14,0.07,-0.26,0.69,0.95,0.6,0.1,0.15,0.32,0.22
1,0.06,0.14,4.02,1.13,0.52,-0.73,10.14,0.07,-0.26,0.69,0.95,0.6,0.1,0.15,0.32,0.22
1,0.06,0.14,4.02,1.13,0.52,-0.73,10.14,0.07,-0.26,0.69,0.95,0.6,0.1,0.15,0.32,0.22
1,0.15,0.18,4.01,19.0,0.63,-2.1,9.81,0.18,-1.21,0.63,0.93,0.58,0.2,0.29,0.28,0.26
1,0.15,0.18,4.01,19.0,0.63,-2.1,9.81,0.18,-1.21,0.63,0.93,0.58,0.2,0.29,0.28,0.26
1,0.15,0.18,4.01,19.0,0.63,-2.1,9.81,0.18,-1.21,0.63,0.93,0.58,0.2,0.29,0.28,0.26
1,0.15,0.18,4.01,19.0,0.63,-2.1,9.81,0.18,-1.21,0.63,0.93,0.58,0.2,0.29,0.28,0.26
1,0.15,0.18,4.01,19.0,0.63,-2.1,9.81,0.18,-1.21,0.63,0.93,0.58,0.2,0.29,0.28,0.26
1,0.15,0.18,4.01,19.0,0.63,-2.1,9.81,0.18,-1.21,0.63,0.93,0.58,0.2,0.29,0.28,0.26
1,0.15,0.18,4.01,19.0,0.63,-2.1,9.81,0.18,-1.21,0.63,0.93,0.58,0.2,0.29,0.28,0.26
1,0.15,0.18,4.01,19.0,0.63,-2.1,9.81,0.18,-1.21,0.63,0.93,0.58,0.2,0.29,0.28,0.26
1,0.15,0.18,4.01,19.0,0.63,-2.1,9.81,0.18,-1.21,0.63,0.93,0.58,0.2,0.29,0.28,0.26
1,0.15,0.18,4.01,19.0,0.63,-2.1,9.81,0.18,-1.21,0.63,0.93,0.58,0.2,0.29,0.28,0.26
1,0.15,0.18,4.01,19.0,0.63,-2.1,9.81,0.18,-1.21,0.63,0.93,0.58,0.2,0.29,0.28,0.26
1,0.15,0.18,4.01,19.0,0.63,-2.1,9.81,0.18,-1.21,0.63,0.93,0.58,0.2,0.29,0.28,0.26
1,0.21,0.22,3.9,3.34,0.43,0.1,10.46,0.28,0.5,0.37,0.94,0.84,0.19,0.09,0.27,0.14
1,0.21,0.22,3.9,3.34,0.43,0.1,10.46,0.28,0.5,0.37,0.94,0.84,0.19,0.09,0.27,0.14
1,0.21,0.22,3.9,3.34,0.43,0.1,10.46,0.28,0.5,0.37,0.94,0.84,0.19,0.09,0.27,0.14
1,0.21,0.22,3.9,3.34,0.43,0.1,10.46,0.28,0.5,0.37,0.94,0.84,0.19,0.09,0.27,0.14
1,0.21,0.22,3.9,3.34,0.43,0.1,10.46,0.28,0.5,0.37,0.94,0.84,0.19,0.09,0.27,0.14
1,0.21,0.22,3.9,3.34,0.43,0.1,10.46,0.28,0.5,0.37,0.94,0.84,0.19,0.09,0.27,0.14
1,0.21,0.22,3.9,3.34,0.43,0.1,10.46,0.28,0.5,0.37,0.94,0.84,0.19,0.09,0.27,0.14
1,0.21,0.22,3.9,3.34,0.43,0.1,10.46,0.28,0.5,0.37,0.94,0.84,0.19,0.09,0.27,0.14
1,0.21,0.22,3.9,3.34,0.43,0.1,10.46,0.28,0.5,0.37,0.94,0.84,0.19,0.09,0.27,0.14
1,0.21,0.22,3.9,3.34,0.43,0.1,10.46,0.28,0.5,0.37,0.94,0.84,0.19,0.09,0.27,0.14
1,0.21,0.22,3.9,3.34,0.43,0.1,10.46,0.28,0.5,0.37,0.94,0.84,0.19,0.09,0.27,0.14
1,0.21,0.22,3.9,3.34,0.43,0.1,10.46,0.28,0.5,0.37,0.94,0.84,0.19,0.09,0.27,0.14
1,0.06,0.06,4.14,29.38,0.62,-1.82,10.3,0.08,-2.26,0.66,0.93,0.76,0.14,0.19,0.55,0.2
1,0.06,0.06,4.14,29.38,0.62,-1.82,10.3,0.08,-2.26,0.66,0.93,0.76,0.14,0.19,0.55,0.2
1,0.06,0.06,4.14,29.38,0.62,-1.82,10.3,0.08,-2.26,0.66,0.93,0.76,0.14,0.19,0.55,0.2
1,0.06,0.06,4.14,29.38,0.62,-1.82,10.3,0.08,-2.26,0.66,0.93,0.76,0.14,0.19,0.55,0.2
1,0.06,0.06,4.14,29.38,0.62,-1.82,10.3,0.08,-2.26,0.66,0.93,0.76,0.14,0.19,0.55,0.2
1,0.06,0.06,4.14,29.38,0.62,-1.82,10.3,0.08,-2.26,0.66,0.93,0.76,0.14,0.19,0.55,0.2
1,0.06,0.06,4.14,29.38,0.62,-1.82,10.3,0.08,-2.26,0.66,0.93,0.76,0.14,0.19,0.55,0.2
1,0.06,0.06,4.14,29.38,0.62,-1.82,10.3,0.08,-2.26,0.66,0.93,0.76,0.14,0.19,0.55,0.2
1,0.06,0.06,4.14,29.38,0.62,-1.82,10.3,0.08,-2.26,0.66,0.93,0.76,0.14,0.19,0.55,0.2
1,0.06,0.06,4.14,29.38,0.62,-1.82,10.3,0.08,-2.26,0.66,0.93,0.76,0.14,0.19,0.55,0.2
1,0.06,0.06,4.14,29.38,0.62,-1.82,10.3,0.08,-2.26,0.66,0.93,0.76,0.14,0.19,0.55,0.2
1,0.06,0.06,4.14,29.38,0.62,-1.82,10.3,0.08,-2.26,0.66,0.93,0.76,0.14,0.19,0.55,0.2
1,0.13,0.15,3.88,0.67,0.23,0.04,10.1,0.06,-0.2,0.54,0.97,0.81,0.2,0.05,0.51,0.23
1,0.13,0.15,3.88,0.67,0.23,0.04,10.1,0.06,-0.2,0.54,0.97,0.81,0.2,0.05,0.51,0.23
1,0.13,0.15,3.88,0.67,0.23,0.04,10.1,0.06,-0.2,0.54,0.97,0.81,0.2,0.05,0.51,0.23
1,0.13,0.15,3.88,0.67,0.23,0.04,10.1,0.06,-0.2,0.54,0.97,0.81,0.2,0.05,0.51,0.23
1,0.13,0.15,3.88,0.67,0.23,0.04,10.1,0.06,-0.2,0.54,0.97,0.81,0.2,0.05,0.51,0.23
1,0.13,0.15,3.88,0.67,0.23,0.04,10.1,0.06,-0.2,0.54,0.97,0.81,0.2,0.05,0.51,0.23
1,0.13,0.15,3.88,0.67,0.23,0.04,10.1,0.06,-0.2,0.54,0.97,0.81,0.2,0.05,0.51,0.23
1,0.13,0.15,3.88,0.67,0.23,0.04,10.1,0.06,-0.2,0.54,0.97,0.81,0.2,0.05,0.51,0.23
1,0.13,0.15,3.88,0.67,0.23,0.04,10.1,0.06,-0.2,0.54,0.97,0.81,0.2,0.05,0.51,0.23
1,0.13,0.15,3.88,0.67,0.23,0.04,10.1,0.06,-0.2,0.54,0.97,0.81,0.2,0.05,0.51,0.23
1,0.13,0.15,3.88,0.67,0.23,0.04,10.1,0.06,-0.2,0.54,0.97,0.81,0.2,0.05,0.51,0.23
1,0.13,0.15,3.88,0.67,0.23,0.04,10.1,0.06,-0.2,0.54,0.97,0.81,0.2,0.05,0.51,0.23
1,0.08,0.12,3.6,2.81,0.53,0.31,10.89,0.09,-0.8,0.61,0.91,0.64,0.13,0.14,0.5,0.13
1,0.08,0.12,3.6,2.81,0.53,0.31,10.89,0.09,-0.8,0.61,0.91,0.64,0.13,0.14,0.5,0.13
1,0.08,0.12,3.6,2.81,0.53,0.31,10.89,0.09,-0.8,0.61,0.91,0.64,0.13,0.14,0.5,0.13
1,0.08,0.12,3.6,2.81,0.53,0.31,10.89,0.09,-0.8,0.61,0.91,0.64,0.13,0.14,0.5,0.13
1,0.08,0.12,3.6,2.81,0.53,0.31,10.89,0.09,-0.8,0.61,0.91,0.64,0.13,0.14,0.5,0.13
1,0.08,0.12,3.6,2.81,0.53,0.31,10.89,0.09,-0.8,0.61,0.91,0.64,0.13,0.14,0.5,0.13
1,0.08,0.12,3.6,2.81,0.53,0.31,10.89,0.09,-0.8,0.61,0.91,0.64,0.13,0.14,0.5,0.13
1,0.08,0.12,3.6,2.81,0.53,0.31,10.89,0.09,-0.8,0.61,0.91,0.64,0.13,0.14,0.5,0.13
1,0.08,0.12,3.6,2.81,0.53,0.31,10.89,0.09,-0.8,0.61,0.91,0.64,0.13,0.14,0.5,0.13
1,0.08,0.12,3.6,2.81,0.53,0.31,10.89,0.09,-0.8,0.61,0.91,0.64,0.13,0.14,0.5,0.13
1,0.08,0.12,3.6,2.81,0.53,0.31,10.89,0.09,-0.8,0.61,0.91,0.64,0.13,0.14,0.5,0.13
1,0.08,0.12,3.6,2.81,0.53,0.31,10.89,0.09,-0.8,0.61,0.91,0.64,0.13,0.14,0.5,0.13
1,0.09,0.15,3.72,6.0,0.21,0.33,10.42,0.1,-0.36,0.68,0.92,0.57,0.16,0.15,0.52,0.17
1,0.09,0.15,3.72,6.0,0.21,0.33,10.42,0.1,-0.36,0.68,0.92,0.57,0.16,0.15,0.52,0.17
1,0.09,0.15,3.72,6.0,0.21,0.33,10.42,0.1,-0.36,0.68,0.92,0.57,0.16,0.15,0.52,0.17
1,0.09,0.15,3.72,6.0,0.21,0.33,10.42,0.1,-0.36,0.68,0.92,0.57,0.16,0.15,0.52,0.17
1,0.09,0.15,3.72,6.0,0.21,0.33,10.42,0.1,-0.36,0.68,0.92,0.57,0.16,0.15,0.52,0.17
1,0.09,0.15,3.72,6.0,0.21,0.33,10.42,0.1,-0.36,0.68,0.92,0.57,0.16,0.15,0.52,0.17
1,0.09,0.15,3.72,6.0,0.21,0.33,10.42,0.1,-0.36,0.68,0.92,0.57,0.16,0.15,0.52,0.17
1,0.09,0.15,3.72,6.0,0.21,0.33,10.42,0.1,-0.36,0.68,0.92,0.57,0.16,0.15,0.52,0.17
1,0.09,0.15,3.72,6.0,0.21,0.33,10.42,0.1,-0.36,0.68,0.92,0.57,0.16,0.15,0.52,0.17
1,0.09,0.15,3.72,6.0,0.21,0.33,10.42,0.1,-0.36,0.68,0.92,0.57,0.16,0.15,0.52,0.17
1,0.09,0.15,3.72,6.0,0.21,0.33,10.42,0.1,-0.36,0.68,0.92,0.57,0.16,0.15,0.52,0.17
1,0.09,0.15,3.72,6.0,0.21,0.33,10.42,0.1,-0.36,0.68,0.92,0.57,0.16,0.15,0.52,0.17
1,0.18,0.19,3.74,25.55,0.43,0.05,10.23,0.12,-0.69,0.58,0.88,0.64,0.21,0.23,0.55,0.22
1,0.18,0.19,3.74,25.55,0.43,0.05,10.23,0.12,-0.69,0.58,0.88,0.64,0.21,0.23,0.55,0.22
1,0.18,0.19,3.74,25.55,0.43,0.05,10.23,0.12,-0.69,0.58,0.88,0.64,0.21,0.23,0.55,0.22
1,0.18,0.19,3.74,25.55,0.43,0.05,10.23,0.12,-0.69,0.58,0.88,0.64,0.21,0.23,0.55,0.22
1,0.18,0.19,3.74,25.55,0.43,0.05,10.23,0.12,-0.69,0.58,0.88,0.64,0.21,0.23,0.55,0.22
1,0.18,0.19,3.74,25.55,0.43,0.05,10.23,0.12,-0.69,0.58,0.88,0.64,0.21,0.23,0.55,0.22
1,0.18,0.19,3.74,25.55,0.43,0.05,10.23,0.12,-0.69,0.58,0.88,0.64,0.21,0.23,0.55,0.22
1,0.18,0.19,3.74,25.55,0.43,0.05,10.23,0.12,-0.69,0.58,0.88,0.64,0.21,0.23,0.55,0.22
1,0.18,0.19,3.74,25.55,0.43,0.05,10.23,0.12,-0.69,0.58,0.88,0.64,0.21,0.23,0.55,0.22
1,0.18,0.19,3.74,25.55,0.43,0.05,10.23,0.12,-0.69,0.58,0.88,0.64,0.21,0.23,0.55,0.22
1,0.18,0.19,3.74,25.55,0.43,0.05,10.23,0.12,-0.69,0.58,0.88,0.64,0.21,0.23,0.55,0.22
1,0.18,0.19,3.74,25.55,0.43,0.05,10.23,0.12,-0.69,0.58,0.88,0.64,0.21,0.23,0.55,0.22
1,0.09,0.12,3.65,4.28,0.44,0.45,10.66,0.11,-0.45,0.66,0.96,0.7,0.12,0.13,0.57,0.2
1,0.09,0.12,3.65,4.28,0.44,0.45,10.66,0.11,-0.45,0.66,0.96,0.7,0.12,0.13,0.57,0.2
1,0.09,0.12,3.65,4.28,0.44,0.45,10.66,0.11,-0.45,0.66,0.96,0.7,0.12,0.13,0.57,0.2
1,0.09,0.12,3.65,4.28,0.44,0.45,10.66,0.11,-0.45,0.66,0.96,0.7,0.12,0.13,0.57,0.2
1,0.09,0.12,3.65,4.28,0.44,0.45,10.66,0.11,-0.45,0.66,0.96,0.7,0.12,0.13,0.57,0.2
1,0.09,0.12,3.65,4.28,0.44,0.45,10.66,0.11,-0.45,0.66,0.96,0.7,0.12,0.13,0.57,0.2
1,0.09,0.12,3.65,4.28,0.44,0.45,10.66,0.11,-0.45,0.66,0.96,0.7,0.12,0.13,0.57,0.2
1,0.09,0.12,3.65,4.28,0.44,0.45,10.66,0.11,-0.45,0.66,0.96,0.7,0.12,0.13,0.57,0.2
1,0.09,0.12,3.65,4.28,0.44,0.45,10.66,0.11,-0.45,0.66,0.96,0.7,0.12,0.13,0.57,0.2
1,0.09,0.12,3.65,4.28,0.44,0.45,10.66,0.11,-0.45,0.66,0.96,0.7,0.12,0.13,0.57,0.2
1,0.09,0.12,3.65,4.28,0.44,0.45,10.66,0.11,-0.45,0.66,0.96,0.7,0.12,0.13,0.57,0.2
1,0.09,0.12,3.65,4.28,0.44,0.45,10.66,0.11,-0.45,0.66,0.96,0.7,0.12,0.13,0.57,0.2
1,0.07,0.1,3.87,1.14,0.35,-0.05,10.51,0.07,1.1,0.44,0.99,0.77,0.08,0.01,0.32,0.1
1,0.07,0.1,3.87,1.14,0.35,-0.05,10.51,0.07,1.1,0.44,0.99,0.77,0.08,0.01,0.32,0.1
1,0.07,0.1,3.87,1.14,0.35,-0.05,10.51,0.07,1.1,0.44,0.99,0.77,0.08,0.01,0.32,0.1
1,0.07,0.1,3.87,1.14,0.35,-0.05,10.51,0.07,1.1,0.44,0.99,0.77,0.08,0.01,0.32,0.1
1,0.07,0.1,3.87,1.14,0.35,-0.05,10.51,0.07,1.1,0.44,0.99,0.77,0.08,0.01,0.32,0.1
1,0.07,0.1,3.87,1.14,0.35,-0.05,10.51,0.07,1.1,0.44,0.99,0.77,0.08,0.01,0.32,0.1
1,0.07,0.1,3.87,1.14,0.35,-0.05,10.51,0.07,1.1,0.44,0.99,0.77,0.08,0.01,0.32,0.1
1,0.07,0.1,3.87,1.14,0.35,-0.05,10.51,0.07,1.1,0.44,0.99,0.77,0.08,0.01,0.32,0.1
1,0.07,0.1,3.87,1.14,0.35,-0.05,10.51,0.07,1.1,0.44,0.99,0.77,0.08,0.01,0.32,0.1
1,0.07,0.1,3.87,1.14,0.35,-0.05,10.51,0.07,1.1,0.44,0.99,0.77,0.08,0.01,0.32,0.1
1,0.07,0.1,3.87,1.14,0.35,-0.05,10.51,0.07,1.1,0.44,0.99,0.77,0.08,0.01,0.32,0.1
1,0.07,0.1,3.87,1.14,0.35,-0.05,10.51,0.07,1.1,0.44,0.99,0.77,0.08,0.01,0.32,0.1
1,0.11,0.19,3.74,3.01,0.38,0.3,11.02,0.09,-1.04,0.73,0.93,0.54,0.19,0.13,0.45,0.22
1,0.11,0.19,3.74,3.01,0.38,0.3,11.02,0.09,-1.04,0.73,0.93,0.54,0.19,0.13,0.45,0.22
1,0.11,0.19,3.74,3.01,0.38,0.3,11.02,0.09,-1.04,0.73,0.93,0.54,0.19,0.13,0.45,0.22
1,0.11,0.19,3.74,3.01,0.38,0.3,11.02,0.09,-1.04,0.73,0.93,0.54,0.19,0.13,0.45,0.22
1,0.11,0.19,3.74,3.01,0.38,0.3,11.02,0.09,-1.04,0.73,0.93,0.54,0.19,0.13,0.45,0.22
1,0.11,0.19,3.74,3.01,0.38,0.3,11.02,0.09,-1.04,0.73,0.93,0.54,0.19,0.13,0.45,0.22
1,0.11,0.19,3.74,3.01,0.38,0.3,11.02,0.09,-1.04,0.73,0.93,0.54,0.19,0.13,0.45,0.22
1,0.11,0.19,3.74,3.01,0.38,0.3,11.02,0.09,-1.04,0.73,0.93,0.54,0.19,0.13,0.45,0.22
1,0.11,0.19,3.74,3.01,0.38,0.3,11.02,0.09,-1.04,0.73,0.93,0.54,0.19,0.13,0.45,0.22
1,0.11,0.19,3.74,3.01,0.38,0.3,11.02,0.09,-1.04,0.73,0.93,0.54,0.19,0.13,0.45,0.22
1,0.11,0.19,3.74,3.01,0.38,0.3,11.02,0.09,-1.04,0.73,0.93,0.54,0.19,0.13,0.45,0.22
1,0.11,0.19,3.74,3.01,0.38,0.3,11.02,0.09,-1.04,0.73,0.93,0.54,0.19,0.13,0.45,0.22
1,0.11,0.1,3.48,0.2,0.36,0.42,10.75,0.15,-0.27,0.37,0.98,0.83,0.15,0.03,0.42,0.26
1,0.11,0.1,3.48,0.2,0.36,0.42,10.75,0.15,-0.27,0.37,0.98,0.83,0.15,0.03,0.42,0.26
1,0.11,0.1,3.48,0.2,0.36,0.42,10.75,0.15,-0.27,0.37,0.98,0.83,0.15,0.03,0.42,0.26
1,0.11,0.1,3.48,0.2,0.36,0.42,10.75,0.15,-0.27,0.37,0.98,0.83,0.15,0.03,0.42,0.26
1,0.11,0.1,3.48,0.2,0.36,0.42,10.75,0.15,-0.27,0.37,0.98,0.83,0.15,0.03,0.42,0.26
1,0.11,0.1,3.48,0.2,0.36,0.42,10.75,0.15,-0.27,0.37,0.98,0.83,0.15,0.03,0.42,0.26
1,0.11,0.1,3.48,0.2,0.36,0.42,10.75,0.15,-0.27,0.37,0.98,0.83,0.15,0.03,0.42,0.26
1,0.11,0.1,3.48,0.2,0.36,0.42,10.75,0.15,-0.27,0.37,0.98,0.83,0.15,0.03,0.42,0.26
1,0.11,0.1,3.48,0.2,0.36,0.42,10.75,0.15,-0.27,0.37,0.98,0.83,0.15,0.03,0.42,0.26
1,0.11,0.1,3.48,0.2,0.36,0.42,10.75,0.15,-0.27,0.37,0.98,0.83,0.15,0.03,0.42,0.26
1,0.11,0.1,3.48,0.2,0.36,0.42,10.75,0.15,-0.27,0.37,0.98,0.83,0.15,0.03,0.42,0.26
1,0.11,0.1,3.48,0.2,0.36,0.42,10.75,0.15,-0.27,0.37,0.98,0.83,0.15,0.03,0.42,0.26
1,0.1,0.11,3.74,10.3,0.49,0.18,10.51,0.13,1.22,0.47,0.91,0.61,0.11,0.23,0.52,0.17
1,0.1,0.11,3.74,10.3,0.49,0.18,10.51,0.13,1.22,0.47,0.91,0.61,0.11,0.23,0.52,0.17
1,0.1,0.11,3.74,10.3,0.49,0.18,10.51,0.13,1.22,0.47,0.91,0.61,0.11,0.23,0.52,0.17
1,0.1,0.11,3.74,10.3,0.49,0.18,10.51,0.13,1.22,0.47,0.91,0.61,0.11,0.23,0.52,0.17
1,0.1,0.11,3.74,10.3,0.49,0.18,10.51,0.13,1.22,0.47,0.91,0.61,0.11,0.23,0.52,0.17
1,0.1,0.11,3.74,10.3,0.49,0.18,10.51,0.13,1.22,0.47,0.91,0.61,0.11,0.23,0.52,0.17
1,0.1,0.11,3.74,10.3,0.49,0.18,10.51,0.13,1.22,0.47,0.91,0.61,0.11,0.23,0.52,0.17
1,0.1,0.11,3.74,10.3,0.49,0.18,10.51,0.13,1.22,0.47,0.91,0.61,0.11,0.23,0.52,0.17
1,0.1,0.11,3.74,10.3,0.49,0.18,10.51,0.13,1.22,0.47,0.91,0.61,0.11,0.23,0.52,0.17
1,0.1,0.11,3.74,10.3,0.49,0.18,10.51,0.13,1.22,0.47,0.91,0.61,0.11,0.23,0.52,0.17
1,0.1,0.11,3.74,10.3,0.49,0.18,10.51,0.13,1.22,0.47,0.91,0.61,0.11,0.23,0.52,0.17
1,0.1,0.11,3.74,10.3,0.49,0.18,10.51,0.13,1.22,0.47,0.91,0.61,0.11,0.23,0.52,0.17
1,0.13,0.15,4.04,0.41,0.25,-0.0,10.12,0.1,-0.29,0.42,0.92,0.67,0.22,0.26,0.4,0.3
1,0.13,0.15,4.04,0.41,0.25,-0.0,10.12,0.1,-0.29,0.42,0.92,0.67,0.22,0.26,0.4,0.3
1,0.13,0.15,4.04,0.41,0.25,-0.0,10.12,0.1,-0.29,0.42,0.92,0.67,0.22,0.26,0.4,0.3
1,0.13,0.15,4.04,0.41,0.25,-0.0,10.12,0.1,-0.29,0.42,0.92,0.67,0.22,0.26,0.4,0.3
1,0.13,0.15,4.04,0.41,0.25,-0.0,10.12,0.1,-0.29,0.42,0.92,0.67,0.22,0.26,0.4,0.3
1,0.13,0.15,4.04,0.41,0.25,-0.0,10.12,0.1,-0.29,0.42,0.92,0.67,0.22,0.26,0.4,0.3
1,0.13,0.15,4.04,0.41,0.25,-0.0,10.12,0.1,-0.29,0.42,0.92,0.67,0.22,0.26,0.4,0.3
1,0.13,0.15,4.04,0.41,0.25,-0.0,10.12,0.1,-0.29,0.42,0.92,0.67,0.22,0.26,0.4,0.3
1,0.13,0.15,4.04,0.41,0.25,-0.0,10.12,0.1,-0.29,0.42,0.92,0.67,0.22,0.26,0.4,0.3
1,0.13,0.15,4.04,0.41,0.25,-0.0,10.12,0.1,-0.29,0.42,0.92,0.67,0.22,0.26,0.4,0.3
1,0.13,0.15,4.04,0.41,0.25,-0.0,10.12,0.1,-0.29,0.42,0.92,0.67,0.22,0.26,0.4,0.3
1,0.13,0.15,4.04,0.41,0.25,-0.0,10.12,0.1,-0.29,0.42,0.92,0.67,0.22,0.26,0.4,0.3
1,0.1,0.18,3.76,3.57,0.25,0.36,10.22,0.08,-0.72,0.65,0.97,0.63,0.21,0.04,0.6,0.15
1,0.1,0.18,3.76,3.57,0.25,0.36,10.22,0.08,-0.72,0.65,0.97,0.63,0.21,0.04,0.6,0.15
1,0.1,0.18,3.76,3.57,0.25,0.36,10.22,0.08,-0.72,0.65,0.97,0.63,0.21,0.04,0.6,0.15
1,0.1,0.18,3.76,3.57,0.25,0.36,10.22,0.08,-0.72,0.65,0.97,0.63,0.21,0.04,0.6,0.15
1,0.1,0.18,3.76,3.57,0.25,0.36,10.22,0.08,-0.72,0.65,0.97,0.63,0.21,0.04,0.6,0.15
1,0.1,0.18,3.76,3.57,0.25,0.36,10.22,0.08,-0.72,0.65,0.97,0.63,0.21,0.04,0.6,0.15
1,0.1,0.18,3.76,3.57,0.25,0.36,10.22,0.08,-0.72,0.65,0.97,0.63,0.21,0.04,0.6,0.15
1,0.1,0.18,3.76,3.57,0.25,0.36,10.22,0.08,-0.72,0.65,0.97,0.63,0.21,0.04,0.6,0.15
1,0.1,0.18,3.76,3.57,0.25,0.36,10.22,0.08,-0.72,0.65,0.97,0.63,0.21,0.04,0.6,0.15
1,0.1,0.18,3.76,3.57,0.25,0.36,10.22,0.08,-0.72,0.65,0.97,0.63,0.21,0.04,0.6,0.15
1,0.1,0.18,3.76,3.57,0.25,0.36,10.22,0.08,-0.72,0.65,0.97,0.63,0.21,0.04,0.6,0.15
1,0.1,0.18,3.76,3.57,0.25,0.36,10.22,0.08,-0.72,0.65,0.97,0.63,0.21,0.04,0.6,0.15
1,0.14,0.1,3.9,9.23,0.37,-0.39,10.44,0.1,-1.11,0.66,0.84,0.48,0.18,0.43,0.5,0.16
1,0.14,0.1,3.9,9.23,0.37,-0.39,10.44,0.1,-1.11,0.66,0.84,0.48,0.18,0.43,0.5,0.16
1,0.14,0.1,3.9,9.23,0.37,-0.39,10.44,0.1,-1.11,0.66,0.84,0.48,0.18,0.43,0.5,0.16
1,0.14,0.1,3.9,9.23,0.37,-0.39,10.44,0.1,-1.11,0.66,0.84,0.48,0.18,0.43,0.5,0.16
1,0.14,0.1,3.9,9.23,0.37,-0.39,10.44,0.1,-1.11,0.66,0.84,0.48,0.18,0.43,0.5,0.16
1,0.14,0.1,3.9,9.23,0.37,-0.39,10.44,0.1,-1.11,0.66,0.84,0.48,0.18,0.43,0.5,0.16
1,0.14,0.1,3.9,9.23,0.37,-0.39,10.44,0.1,-1.11,0.66,0.84,0.48,0.18,0.43,0.5,0.16
1,0.14,0.1,3.9,9.23,0.37,-0.39,10.44,0.1,-1.11,0.66,0.84,0.48,0.18,0.43,0.5,0.16
1,0.14,0.1,3.9,9.23,0.37,-0.39,10.44,0.1,-1.11,0.66,0.84,0.48,0.18,0.43,0.5,0.16
1,0.14,0.1,3.9,9.23,0.37,-0.39,10.44,0.1,-1.11,0.66,0.84,0.48,0.18,0.43,0.5,0.16
1,0.14,0.1,3.9,9.23,0.37,-0.39,10.44,0.1,-1.11,0.66,0.84,0.48,0.18,0.43,0.5,0.16
1,0.14,0.1,3.9,9.23,0.37,-0.39,10.44,0.1,-1.11,0.66,0.84,0.48,0.18,0.43,0.5,0.16
1,0.12,0.12,3.96,0.76,0.21,0.08,10.27,0.09,-0.21,0.49,0.97,0.79,0.16,0.04,0.39,0.15
1,0.12,0.12,3.96,0.76,0.21,0.08,10.27,0.09,-0.21,0.49,0.97,0.79,0.16,0.04,0.39,0.15
1,0.12,0.12,3.96,0.76,0.21,0.08,10.27,0.09,-0.21,0.49,0.97,0.79,0.16,0.04,0.39,0.15
1,0.12,0.12,3.96,0.76,0.21,0.08,10.27,0.09,-0.21,0.49,0.97,0.79,0.16,0.04,0.39,0.15
1,0.12,0.12,3.96,0.76,0.21,0.08,10.27,0.09,-0.21,0.49,0.97,0.79,0.16,0.04,0.39,0.15
1,0.12,0.12,3.96,0.76,0.21,0.08,10.27,0.09,-0.21,0.49,0.97,0.79,0.16,0.04,0.39,0.15
1,0.12,0.12,3.96,0.76,0.21,0.08,10.27,0.09,-0.21,0.49,0.97,0.79,0.16,0.04,0.39,0.15
1,0.12,0.12,3.96,0.76,0.21,0.08,10.27,0.09,-0.21,0.49,0.97,0.79,0.16,0.04,0.39,0.15
1,0.12,0.12,3.96,0.76,0.21,0.08,10.27,0.09,-0.21,0.49,0.97,0.79,0.16,0.04,0.39,0.15
1,0.12,0.12,3.96,0.76,0.21,0.08,10.27,0.09,-0.21,0.49,0.97,0.79,0.16,0.04,0.39,0.15
1,0.12,0.12,3.96,0.76,0.21,0.08,10.27,0.09,-0.21,0.49,0.97,0.79,0.16,0.04,0.39,0.15
1,0.12,0.12,3.96,0.76,0.21,0.08,10.27,0.09,-0.21,0.49,0.97,0.79,0.16,0.04,0.39,0.15
1,0.21,0.16,3.9,0.85,0.47,-0.18,10.6,0.24,0.08,0.52,0.98,0.82,0.21,0.03,0.48,0.24
1,0.21,0.16,3.9,0.85,0.47,-0.18,10.6,0.24,0.08,0.52,0.98,0.82,0.21,0.03,0.48,0.24
1,0.21,0.16,3.9,0.85,0.47,-0.18,10.6,0.24,0.08,0.52,0.98,0.82,0.21,0.03,0.48,0.24
1,0.21,0.16,3.9,0.85,0.47,-0.18,10.6,0.24,0.08,0.52,0.98,0.82,0.21,0.03,0.48,0.24
1,0.21,0.16,3.9,0.85,0.47,-0.18,10.6,0.24,0.08,0.52,0.98,0.82,0.21,0.03,0.48,0.24
1,0.21,0.16,3.9,0.85,0.47,-0.18,10.6,0.24,0.08,0.52,0.98,0.82,0.21,0.03,0.48,0.24
1,0.21,0.16,3.9,0.85,0.47,-0.18,10.6,0.24,0.08,0.52,0.98,0.82,0.21,0.03,0.48,0.24
1,0.21,0.16,3.9,0.85,0.47,-0.18,10.6,0.24,0.08,0.52,0.98,0.82,0.21,0.03,0.48,0.24
1,0.21,0.16,3.9,0.85,0.47,-0.18,10.6,0.24,0.08,0.52,0.98,0.82,0.21,0.03,0.48,0.24
1,0.21,0.16,3.9,0.85,0.47,-0.18,10.6,0.24,0.08,0.52,0.98,0.82,0.21,0.03,0.48,0.24
1,0.21,0.16,3.9,0.85,0.47,-0.18,10.6,0.24,0.08,0.52,0.98,0.82,0.21,0.03,0.48,0.24
1,0.21,0.16,3.9,0.85,0.47,-0.18,10.6,0.24,0.08,0.52,0.98,0.82,0.21,0.03,0.48,0.24
1,0.19,0.19,3.78,1.2,0.25,0.29,10.27,0.14,0.4,0.42,0.93,0.76,0.19,0.08,0.29,0.12
1,0.19,0.19,3.78,1.2,0.25,0.29,10.27,0.14,0.4,0.42,0.93,0.76,0.19,0.08,0.29,0.12
1,0.19,0.19,3.78,1.2,0.25,0.29,10.27,0.14,0.4,0.42,0.93,0.76,0.19,0.08,0.29,0.12
1,0.19,0.19,3.78,1.2,0.25,0.29,10.27,0.14,0.4,0.42,0.93,0.76,0.19,0.08,0.29,0.12
1,0.19,0.19,3.78,1.2,0.25,0.29,10.27,0.14,0.4,0.42,0.93,0.76,0.19,0.08,0.29,0.12
1,0.19,0.19,3.78,1.2,0.25,0.29,10.27,0.14,0.4,0.42,0.93,0.76,0.19,0.08,0.29,0.12
1,0.19,0.19,3.78,1.2,0.25,0.29,10.27,0.14,0.4,0.42,0.93,0.76,0.19,0.08,0.29,0.12
1,0.19,0.19,3.78,1.2,0.25,0.29,10.27,0.14,0.4,0.42,0.93,0.76,0.19,0.08,0.29,0.12
1,0.19,0.19,3.78,1.2,0.25,0.29,10.27,0.14,0.4,0.42,0.93,0.76,0.19,0.08,0.29,0.12
1,0.19,0.19,3.78,1.2,0.25,0.29,10.27,0.14,0.4,0.42,0.93,0.76,0.19,0.08,0.29,0.12
1,0.19,0.19,3.78,1.2,0.25,0.29,10.27,0.14,0.4,0.42,0.93,0.76,0.19,0.08,0.29,0.12
1,0.19,0.19,3.78,1.2,0.25,0.29,10.27,0.14,0.4,0.42,0.93,0.76,0.19,0.08,0.29,0.12
1,0.1,0.16,3.84,1.47,0.57,-0.19,10.39,0.13,-0.24,0.71,0.93,0.56,0.12,0.12,0.5,0.24
1,0.1,0.16,3.84,1.47,0.57,-0.19,10.39,0.13,-0.24,0.71,0.93,0.56,0.12,0.12,0.5,0.24
1,0.1,0.16,3.84,1.47,0.57,-0.19,10.39,0.13,-0.24,0.71,0.93,0.56,0.12,0.12,0.5,0.24
1,0.1,0.16,3.84,1.47,0.57,-0.19,10.39,0.13,-0.24,0.71,0.93,0.56,0.12,0.12,0.5,0.24
1,0.1,0.16,3.84,1.47,0.57,-0.19,10.39,0.13,-0.24,0.71,0.93,0.56,0.12,0.12,0.5,0.24
1,0.1,0.16,3.84,1.47,0.57,-0.19,10.39,0.13,-0.24,0.71,0.93,0.56,0.12,0.12,0.5,0.24
1,0.1,0.16,3.84,1.47,0.57,-0.19,10.39,0.13,-0.24,0.71,0.93,0.56,0.12,0.12,0.5,0.24
1,0.1,0.16,3.84,1.47,0.57,-0.19,10.39,0.13,-0.24,0.71,0.93,0.56,0.12,0.12,0.5,0.24
1,0.1,0.16,3.84,1.47,0.57,-0.19,10.39,0.13,-0.24,0.71,0.93,0.56,0.12,0.12,0.5,0.24
1,0.1,0.16,3.84,1.47,0.57,-0.19,10.39,0.13,-0.24,0.71,0.93,0.56,0.12,0.12,0.5,0.24
1,0.1,0.16,3.84,1.47,0.57,-0.19,10.39,0.13,-0.24,0.71,0.93,0.56,0.12,0.12,0.5,0.24
1,0.1,0.16,3.84,1.47,0.57,-0.19,10.39,0.13,-0.24,0.71,0.93,0.56,0.12,0.12,0.5,0.24
1,0.09,0.14,3.68,1.05,0.34,0.08,10.86,0.11,-0.02,0.67,0.95,0.49,0.16,0.05,0.56,0.17
1,0.09,0.14,3.68,1.05,0.34,0.08,10.86,0.11,-0.02,0.67,0.95,0.49,0.16,0.05,0.56,0.17
1,0.09,0.14,3.68,1.05,0.34,0.08,10.86,0.11,-0.02,0.67,0.95,0.49,0.16,0.05,0.56,0.17
1,0.09,0.14,3.68,1.05,0.34,0.08,10.86,0.11,-0.02,0.67,0.95,0.49,0.16,0.05,0.56,0.17
1,0.09,0.14,3.68,1.05,0.34,0.08,10.86,0.11,-0.02,0.67,0.95,0.49,0.16,0.05,0.56,0.17
1,0.09,0.14,3.68,1.05,0.34,0.08,10.86,0.11,-0.02,0.67,0.95,0.49,0.16,0.05,0.56,0.17
1,0.09,0.14,3.68,1.05,0.34,0.08,10.86,0.11,-0.02,0.67,0.95,0.49,0.16,0.05,0.56,0.17
1,0.09,0.14,3.68,1.05,0.34,0.08,10.86,0.11,-0.02,0.67,0.95,0.49,0.16,0.05,0.56,0.17
1,0.09,0.14,3.68,1.05,0.34,0.08,10.86,0.11,-0.02,0.67,0.95,0.49,0.16,0.05,0.56,0.17
1,0.09,0.14,3.68,1.05,0.34,0.08,10.86,0.11,-0.02,0.67,0.95,0.49,0.16,0.05,0.56,0.17
1,0.09,0.14,3.68,1.05,0.34,0.08,10.86,0.11,-0.02,0.67,0.95,0.49,0.16,0.05,0.56,0.17
1,0.09,0.14,3.68,1.05,0.34,0.08,10.86,0.11,-0.02,0.67,0.95,0.49,0.16,0.05,0.56,0.17
1,0.13,0.22,3.85,0.93,0.16,0.53,10.8,0.05,0.23,0.31,0.96,0.68,0.24,0.07,0.48,0.17
1,0.13,0.22,3.85,0.93,0.16,0.53,10.8,0.05,0.23,0.31,0.96,0.68,0.24,0.07,0.48,0.17
1,0.13,0.22,3.85,0.93,0.16,0.53,10.8,0.05,0.23,0.31,0.96,0.68,0.24,0.07,0.48,0.17
1,0.13,0.22,3.85,0.93,0.16,0.53,10.8,0.05,0.23,0.31,0.96,0.68,0.24,0.07,0.48,0.17
1,0.13,0.22,3.85,0.93,0.16,0.53,10.8,0.05,0.23,0.31,0.96,0.68,0.24,0.07,0.48,0.17
1,0.13,0.22,3.85,0.93,0.16,0.53,10.8,0.05,0.23,0.31,0.96,0.68,0.24,0.07,0.48,0.17
1,0.13,0.22,3.85,0.93,0.16,0.53,10.8,0.05,0.23,0.31,0.96,0.68,0.24,0.07,0.48,0.17
1,0.13,0.22,3.85,0.93,0.16,0.53,10.8,0.05,0.23,0.31,0.96,0.68,0.24,0.07,0.48,0.17
1,0.13,0.22,3.85,0.93,0.16,0.53,10.8,0.05,0.23,0.31,0.96,0.68,0.24,0.07,0.48,0.17
1,0.13,0.22,3.85,0.93,0.16,0.53,10.8,0.05,0.23,0.31,0.96,0.68,0.24,0.07,0.48,0.17
1,0.13,0.22,3.85,0.93,0.16,0.53,10.8,0.05,0.23,0.31,0.96,0.68,0.24,0.07,0.48,0.17
1,0.13,0.22,3.85,0.93,0.16,0.53,10.8,0.05,0.23,0.31,0.96,0.68,0.24,0.07,0.48,0.17
1,0.18,0.19,3.38,0.31,0.47,-0.68,10.67,0.18,0.18,0.43,0.88,0.72,0.19,0.28,0.42,0.2
1,0.18,0.19,3.38,0.31,0.47,-0.68,10.67,0.18,0.18,0.43,0.88,0.72,0.19,0.28,0.42,0.2
1,0.18,0.19,3.38,0.31,0.47,-0.68,10.67,0.18,0.18,0.43,0.88,0.72,0.19,0.28,0.42,0.2
1,0.18,0.19,3.38,0.31,0.47,-0.68,10.67,0.18,0.18,0.43,0.88,0.72,0.19,0.28,0.42,0.2
1,0.18,0.19,3.38,0.31,0.47,-0.68,10.67,0.18,0.18,0.43,0.88,0.72,0.19,0.28,0.42,0.2
1,0.18,0.19,3.38,0.31,0.47,-0.68,10.67,0.18,0.18,0.43,0.88,0.72,0.19,0.28,0.42,0.2
1,0.18,0.19,3.38,0.31,0.47,-0.68,10.67,0.18,0.18,0.43,0.88,0.72,0.19,0.28,0.42,0.2
1,0.18,0.19,3.38,0.31,0.47,-0.68,10.67,0.18,0.18,0.43,0.88,0.72,0.19,0.28,0.42,0.2
1,0.18,0.19,3.38,0.31,0.47,-0.68,10.67,0.18,0.18,0.43,0.88,0.72,0.19,0.28,0.42,0.2
1,0.18,0.19,3.38,0.31,0.47,-0.68,10.67,0.18,0.18,0.43,0.88,0.72,0.19,0.28,0.42,0.2
1,0.18,0.19,3.38,0.31,0.47,-0.68,10.67,0.18,0.18,0.43,0.88,0.72,0.19,0.28,0.42,0.2
1,0.18,0.19,3.38,0.31,0.47,-0.68,10.67,0.18,0.18,0.43,0.88,0.72,0.19,0.28,0.42,0.2
1,0.11,0.2,3.43,1.85,0.26,0.47,10.51,0.08,-0.97,0.71,0.98,0.6,0.2,0.02,0.63,0.21
1,0.11,0.2,3.43,1.85,0.26,0.47,10.51,0.08,-0.97,0.71,0.98,0.6,0.2,0.02,0.63,0.21
1,0.11,0.2,3.43,1.85,0.26,0.47,10.51,0.08,-0.97,0.71,0.98,0.6,0.2,0.02,0.63,0.21
1,0.11,0.2,3.43,1.85,0.26,0.47,10.51,0.08,-0.97,0.71,0.98,0.6,0.2,0.02,0.63,0.21
1,0.11,0.2,3.43,1.85,0.26,0.47,10.51,0.08,-0.97,0.71,0.98,0.6,0.2,0.02,0.63,0.21
1,0.11,0.2,3.43,1.85,0.26,0.47,10.51,0.08,-0.97,0.71,0.98,0.6,0.2,0.02,0.63,0.21
1,0.11,0.2,3.43,1.85,0.26,0.47,10.51,0.08,-0.97,0.71,0.98,0.6,0.2,0.02,0.63,0.21
1,0.11,0.2,3.43,1.85,0.26,0.47,10.51,0.08,-0.97,0.71,0.98,0.6,0.2,0.02,0.63,0.21
1,0.11,0.2,3.43,1.85,0.26,0.47,10.51,0.08,-0.97,0.71,0.98,0.6,0.2,0.02,0.63,0.21
1,0.11,0.2,3.43,1.85,0.26,0.47,10.51,0.08,-0.97,0.71,0.98,0.6,0.2,0.02,0.63,0.21
1,0.11,0.2,3.43,1.85,0.26,0.47,10.51,0.08,-0.97,0.71,0.98,0.6,0.2,0.02,0.63,0.21
1,0.11,0.2,3.43,1.85,0.26,0.47,10.51,0.08,-0.97,0.71,0.98,0.6,0.2,0.02,0.63,0.21
1,0.14,0.14,3.9,12.24,0.32,0.27,9.89,0.18,0.86,0.41,0.96,0.68,0.18,0.09,0.49,0.19
1,0.14,0.14,3.9,12.24,0.32,0.27,9.89,0.18,0.86,0.41,0.96,0.68,0.18,0.09,0.49,0.19
1,0.14,0.14,3.9,12.24,0.32,0.27,9.89,0.18,0.86,0.41,0.96,0.68,0.18,0.09,0.49,0.19
1,0.14,0.14,3.9,12.24,0.32,0.27,9.89,0.18,0.86,0.41,0.96,0.68,0.18,0.09,0.49,0.19
1,0.14,0.14,3.9,12.24,0.32,0.27,9.89,0.18,0.86,0.41,0.96,0.68,0.18,0.09,0.49,0.19
1,0.14,0.14,3.9,12.24,0.32,0.27,9.89,0.18,0.86,0.41,0.96,0.68,0.18,0.09,0.49,0.19
1,0.14,0.14,3.9,12.24,0.32,0.27,9.89,0.18,0.86,0.41,0.96,0.68,0.18,0.09,0.49,0.19
1,0.14,0.14,3.9,12.24,0.32,0.27,9.89,0.18,0.86,0.41,0.96,0.68,0.18,0.09,0.49,0.19
1,0.14,0.14,3.9,12.24,0.32,0.27,9.89,0.18,0.86,0.41,0.96,0.68,0.18,0.09,0.49,0.19
1,0.14,0.14,3.9,12.24,0.32,0.27,9.89,0.18,0.86,0.41,0.96,0.68,0.18,0.09,0.49,0.19
1,0.14,0.14,3.9,12.24,0.32,0.27,9.89,0.18,0.86,0.41,0.96,0.68,0.18,0.09,0.49,0.19
1,0.14,0.14,3.9,12.24,0.32,0.27,9.89,0.18,0.86,0.41,0.96,0.68,0.18,0.09,0.49,0.19
1,0.09,0.16,3.86,16.49,0.61,-1.64,10.1,0.12,-0.98,0.68,0.96,0.83,0.15,0.08,0.3,0.14
1,0.09,0.16,3.86,16.49,0.61,-1.64,10.1,0.12,-0.98,0.68,0.96,0.83,0.15,0.08,0.3,0.14
1,0.09,0.16,3.86,16.49,0.61,-1.64,10.1,0.12,-0.98,0.68,0.96,0.83,0.15,0.08,0.3,0.14
1,0.09,0.16,3.86,16.49,0.61,-1.64,10.1,0.12,-0.98,0.68,0.96,0.83,0.15,0.08,0.3,0.14
1,0.09,0.16,3.86,16.49,0.61,-1.64,10.1,0.12,-0.98,0.68,0.96,0.83,0.15,0.08,0.3,0.14
1,0.09,0.16,3.86,16.49,0.61,-1.64,10.1,0.12,-0.98,0.68,0.96,0.83,0.15,0.08,0.3,0.14
1,0.09,0.16,3.86,16.49,0.61,-1.64,10.1,0.12,-0.98,0.68,0.96,0.83,0.15,0.08,0.3,0.14
1,0.09,0.16,3.86,16.49,0.61,-1.64,10.1,0.12,-0.98,0.68,0.96,0.83,0.15,0.08,0.3,0.14
1,0.09,0.16,3.86,16.49,0.61,-1.64,10.1,0.12,-0.98,0.68,0.96,0.83,0.15,0.08,0.3,0.14
1,0.09,0.16,3.86,16.49,0.61,-1.64,10.1,0.12,-0.98,0.68,0.96,0.83,0.15,0.08,0.3,0.14
1,0.09,0.16,3.86,16.49,0.61,-1.64,10.1,0.12,-0.98,0.68,0.96,0.83,0.15,0.08,0.3,0.14
1,0.09,0.16,3.86,16.49,0.61,-1.64,10.1,0.12,-0.98,0.68,0.96,0.83,0.15,0.08,0.3,0.14
1,0.1,0.16,3.59,4.44,0.55,-0.66,10.54,0.12,-0.58,0.72,0.93,0.78,0.13,0.13,0.3,0.13
1,0.1,0.16,3.59,4.44,0.55,-0.66,10.54,0.12,-0.58,0.72,0.93,0.78,0.13,0.13,0.3,0.13
1,0.1,0.16,3.59,4.44,0.55,-0.66,10.54,0.12,-0.58,0.72,0.93,0.78,0.13,0.13,0.3,0.13
1,0.1,0.16,3.59,4.44,0.55,-0.66,10.54,0.12,-0.58,0.72,0.93,0.78,0.13,0.13,0.3,0.13
1,0.1,0.16,3.59,4.44,0.55,-0.66,10.54,0.12,-0.58,0.72,0.93,0.78,0.13,0.13,0.3,0.13
1,0.1,0.16,3.59,4.44,0.55,-0.66,10.54,0.12,-0.58,0.72,0.93,0.78,0.13,0.13,0.3,0.13
1,0.1,0.16,3.59,4.44,0.55,-0.66,10.54,0.12,-0.58,0.72,0.93,0.78,0.13,0.13,0.3,0.13
1,0.1,0.16,3.59,4.44,0.55,-0.66,10.54,0.12,-0.58,0.72,0.93,0.78,0.13,0.13,0.3,0.13
1,0.1,0.16,3.59,4.44,0.55,-0.66,10.54,0.12,-0.58,0.72,0.93,0.78,0.13,0.13,0.3,0.13
1,0.1,0.16,3.59,4.44,0.55,-0.66,10.54,0.12,-0.58,0.72,0.93,0.78,0.13,0.13,0.3,0.13
1,0.1,0.16,3.59,4.44,0.55,-0.66,10.54,0.12,-0.58,0.72,0.93,0.78,0.13,0.13,0.3,0.13
1,0.1,0.16,3.59,4.44,0.55,-0.66,10.54,0.12,-0.58,0.72,0.93,0.78,0.13,0.13,0.3,0.13
1,0.11,0.15,3.87,0.61,0.38,0.13,10.52,0.16,1.08,0.49,0.94,0.67,0.12,0.13,0.41,0.25
1,0.11,0.15,3.87,0.61,0.38,0.13,10.52,0.16,1.08,0.49,0.94,0.67,0.12,0.13,0.41,0.25
1,0.11,0.15,3.87,0.61,0.38,0.13,10.52,0.16,1.08,0.49,0.94,0.67,0.12,0.13,0.41,0.25
1,0.11,0.15,3.87,0.61,0.38,0.13,10.52,0.16,1.08,0.49,0.94,0.67,0.12,0.13,0.41,0.25
1,0.11,0.15,3.87,0.61,0.38,0.13,10.52,0.16,1.08,0.49,0.94,0.67,0.12,0.13,0.41,0.25
1,0.11,0.15,3.87,0.61,0.38,0.13,10.52,0.16,1.08,0.49,0.94,0.67,0.12,0.13,0.41,0.25
1,0.11,0.15,3.87,0.61,0.38,0.13,10.52,0.16,1.08,0.49,0.94,0.67,0.12,0.13,0.41,0.25
1,0.11,0.15,3.87,0.61,0.38,0.13,10.52,0.16,1.08,0.49,0.94,0.67,0.12,0.13,0.41,0.25
1,0.11,0.15,3.87,0.61,0.38,0.13,10.52,0.16,1.08,0.49,0.94,0.67,0.12,0.13,0.41,0.25
1,0.11,0.15,3.87,0.61,0.38,0.13,10.52,0.16,1.08,0.49,0.94,0.67,0.12,0.13,0.41,0.25
1,0.11,0.15,3.87,0.61,0.38,0.13,10.52,0.16,1.08,0.49,0.94,0.67,0.12,0.13,0.41,0.25
1,0.11,0.15,3.87,0.61,0.38,0.13,10.52,0.16,1.08,0.49,0.94,0.67,0.12,0.13,0.41,0.25
1,0.18,0.14,3.91,18.64,0.61,-0.06,10.49,0.18,-1.1,0.7,0.99,0.74,0.2,0.02,0.61,0.25
1,0.18,0.14,3.91,18.64,0.61,-0.06,10.49,0.18,-1.1,0.7,0.99,0.74,0.2,0.02,0.61,0.25
1,0.18,0.14,3.91,18.64,0.61,-0.06,10.49,0.18,-1.1,0.7,0.99,0.74,0.2,0.02,0.61,0.25
1,0.18,0.14,3.91,18.64,0.61,-0.06,10.49,0.18,-1.1,0.7,0.99,0.74,0.2,0.02,0.61,0.25
1,0.18,0.14,3.91,18.64,0.61,-0.06,10.49,0.18,-1.1,0.7,0.99,0.74,0.2,0.02,0.61,0.25
1,0.18,0.14,3.91,18.64,0.61,-0.06,10.49,0.18,-1.1,0.7,0.99,0.74,0.2,0.02,0.61,0.25
1,0.18,0.14,3.91,18.64,0.61,-0.06,10.49,0.18,-1.1,0.7,0.99,0.74,0.2,0.02,0.61,0.25
1,0.18,0.14,3.91,18.64,0.61,-0.06,10.49,0.18,-1.1,0.7,0.99,0.74,0.2,0.02,0.61,0.25
1,0.18,0.14,3.91,18.64,0.61,-0.06,10.49,0.18,-1.1,0.7,0.99,0.74,0.2,0.02,0.61,0.25
1,0.18,0.14,3.91,18.64,0.61,-0.06,10.49,0.18,-1.1,0.7,0.99,0.74,0.2,0.02,0.61,0.25
1,0.18,0.14,3.91,18.64,0.61,-0.06,10.49,0.18,-1.1,0.7,0.99,0.74,0.2,0.02,0.61,0.25
1,0.18,0.14,3.91,18.64,0.61,-0.06,10.49,0.18,-1.1,0.7,0.99,0.74,0.2,0.02,0.61,0.25
1,0.21,0.17,4.72,54.09,0.51,-0.26,8.64,0.29,-0.35,0.65,0.97,0.7,0.3,0.07,0.6,0.21
1,0.21,0.17,4.72,54.09,0.51,-0.26,8.64,0.29,-0.35,0.65,0.97,0.7,0.3,0.07,0.6,0.21
1,0.21,0.17,4.72,54.09,0.51,-0.26,8.64,0.29,-0.35,0.65,0.97,0.7,0.3,0.07,0.6,0.21
1,0.21,0.17,4.72,54.09,0.51,-0.26,8.64,0.29,-0.35,0.65,0.97,0.7,0.3,0.07,0.6,0.21
1,0.21,0.17,4.72,54.09,0.51,-0.26,8.64,0.29,-0.35,0.65,0.97,0.7,0.3,0.07,0.6,0.21
1,0.21,0.17,4.72,54.09,0.51,-0.26,8.64,0.29,-0.35,0.65,0.97,0.7,0.3,0.07,0.6,0.21
1,0.21,0.17,4.72,54.09,0.51,-0.26,8.64,0.29,-0.35,0.65,0.97,0.7,0.3,0.07,0.6,0.21
1,0.21,0.17,4.72,54.09,0.51,-0.26,8.64,0.29,-0.35,0.65,0.97,0.7,0.3,0.07,0.6,0.21
1,0.21,0.17,4.72,54.09,0.51,-0.26,8.64,0.29,-0.35,0.65,0.97,0.7,0.3,0.07,0.6,0.21
1,0.21,0.17,4.72,54.09,0.51,-0.26,8.64,0.29,-0.35,0.65,0.97,0.7,0.3,0.07,0.6,0.21
1,0.21,0.17,4.72,54.09,0.51,-0.26,8.64,0.29,-0.35,0.65,0.97,0.7,0.3,0.07,0.6,0.21
1,0.21,0.17,4.72,54.09,0.51,-0.26,8.64,0.29,-0.35,0.65,0.97,0.7,0.3,0.07,0.6,0.21
1,0.15,0.1,3.91,1.25,0.4,-0.18,10.72,0.18,-0.85,0.52,0.96,0.77,0.12,0.13,0.26,0.29
1,0.15,0.1,3.91,1.25,0.4,-0.18,10.72,0.18,-0.85,0.52,0.96,0.77,0.12,0.13,0.26,0.29
1,0.15,0.1,3.91,1.25,0.4,-0.18,10.72,0.18,-0.85,0.52,0.96,0.77,0.12,0.13,0.26,0.29
1,0.15,0.1,3.91,1.25,0.4,-0.18,10.72,0.18,-0.85,0.52,0.96,0.77,0.12,0.13,0.26,0.29
1,0.15,0.1,3.91,1.25,0.4,-0.18,10.72,0.18,-0.85,0.52,0.96,0.77,0.12,0.13,0.26,0.29
1,0.15,0.1,3.91,1.25,0.4,-0.18,10.72,0.18,-0.85,0.52,0.96,0.77,0.12,0.13,0.26,0.29
1,0.15,0.1,3.91,1.25,0.4,-0.18,10.72,0.18,-0.85,0.52,0.96,0.77,0.12,0.13,0.26,0.29
1,0.15,0.1,3.91,1.25,0.4,-0.18,10.72,0.18,-0.85,0.52,0.96,0.77,0.12,0.13,0.26,0.29
1,0.15,0.1,3.91,1.25,0.4,-0.18,10.72,0.18,-0.85,0.52,0.96,0.77,0.12,0.13,0.26,0.29
1,0.15,0.1,3.91,1.25,0.4,-0.18,10.72,0.18,-0.85,0.52,0.96,0.77,0.12,0.13,0.26,0.29
1,0.15,0.1,3.91,1.25,0.4,-0.18,10.72,0.18,-0.85,0.52,0.96,0.77,0.12,0.13,0.26,0.29
1,0.15,0.1,3.91,1.25,0.4,-0.18,10.72,0.18,-0.85,0.52,0.96,0.77,0.12,0.13,0.26,0.29
1,0.08,0.18,3.57,1.85,0.64,-0.82,10.86,0.13,-1.36,0.8,0.93,0.56,0.09,0.18,0.42,0.22
1,0.08,0.18,3.57,1.85,0.64,-0.82,10.86,0.13,-1.36,0.8,0.93,0.56,0.09,0.18,0.42,0.22
1,0.08,0.18,3.57,1.85,0.64,-0.82,10.86,0.13,-1.36,0.8,0.93,0.56,0.09,0.18,0.42,0.22
1,0.08,0.18,3.57,1.85,0.64,-0.82,10.86,0.13,-1.36,0.8,0.93,0.56,0.09,0.18,0.42,0.22
1,0.08,0.18,3.57,1.85,0.64,-0.82,10.86,0.13,-1.36,0.8,0.93,0.56,0.09,0.18,0.42,0.22
1,0.08,0.18,3.57,1.85,0.64,-0.82,10.86,0.13,-1.36,0.8,0.93,0.56,0.09,0.18,0.42,0.22
1,0.08,0.18,3.57,1.85,0.64,-0.82,10.86,0.13,-1.36,0.8,0.93,0.56,0.09,0.18,0.42,0.22
1,0.08,0.18,3.57,1.85,0.64,-0.82,10.86,0.13,-1.36,0.8,0.93,0.56,0.09,0.18,0.42,0.22
1,0.08,0.18,3.57,1.85,0.64,-0.82,10.86,0.13,-1.36,0.8,0.93,0.56,0.09,0.18,0.42,0.22
1,0.08,0.18,3.57,1.85,0.64,-0.82,10.86,0.13,-1.36,0.8,0.93,0.56,0.09,0.18,0.42,0.22
1,0.08,0.18,3.57,1.85,0.64,-0.82,10.86,0.13,-1.36,0.8,0.93,0.56,0.09,0.18,0.42,0.22
1,0.08,0.18,3.57,1.85,0.64,-0.82,10.86,0.13,-1.36,0.8,0.93,0.56,0.09,0.18,0.42,0.22
1,0.16,0.16,3.81,1.54,0.26,0.33,10.42,0.14,-0.07,0.37,0.93,0.78,0.19,0.08,0.29,0.12
1,0.16,0.16,3.81,1.54,0.26,0.33,10.42,0.14,-0.07,0.37,0.93,0.78,0.19,0.08,0.29,0.12
1,0.16,0.16,3.81,1.54,0.26,0.33,10.42,0.14,-0.07,0.37,0.93,0.78,0.19,0.08,0.29,0.12
1,0.16,0.16,3.81,1.54,0.26,0.33,10.42,0.14,-0.07,0.37,0.93,0.78,0.19,0.08,0.29,0.12
1,0.16,0.16,3.81,1.54,0.26,0.33,10.42,0.14,-0.07,0.37,0.93,0.78,0.19,0.08,0.29,0.12
1,0.16,0.16,3.81,1.54,0.26,0.33,10.42,0.14,-0.07,0.37,0.93,0.78,0.19,0.08,0.29,0.12
1,0.16,0.16,3.81,1.54,0.26,0.33,10.42,0.14,-0.07,0.37,0.93,0.78,0.19,0.08,0.29,0.12
1,0.16,0.16,3.81,1.54,0.26,0.33,10.42,0.14,-0.07,0.37,0.93,0.78,0.19,0.08,0.29,0.12
1,0.16,0.16,3.81,1.54,0.26,0.33,10.42,0.14,-0.07,0.37,0.93,0.78,0.19,0.08,0.29,0.12
1,0.16,0.16,3.81,1.54,0.26,0.33,10.42,0.14,-0.07,0.37,0.93,0.78,0.19,0.08,0.29,0.12
1,0.16,0.16,3.81,1.54,0.26,0.33,10.42,0.14,-0.07,0.37,0.93,0.78,0.19,0.08,0.29,0.12
1,0.16,0.16,3.81,1.54,0.26,0.33,10.42,0.14,-0.07,0.37,0.93,0.78,0.19,0.08,0.29,0.12
1,0.11,0.14,3.65,1.01,0.43,0.09,10.96,0.18,-0.13,0.47,0.97,0.64,0.2,0.05,0.34,0.19
1,0.11,0.14,3.65,1.01,0.43,0.09,10.96,0.18,-0.13,0.47,0.97,0.64,0.2,0.05,0.34,0.19
1,0.11,0.14,3.65,1.01,0.43,0.09,10.96,0.18,-0.13,0.47,0.97,0.64,0.2,0.05,0.34,0.19
1,0.11,0.14,3.65,1.01,0.43,0.09,10.96,0.18,-0.13,0.47,0.97,0.64,0.2,0.05,0.34,0.19
1,0.11,0.14,3.65,1.01,0.43,0.09,10.96,0.18,-0.13,0.47,0.97,0.64,0.2,0.05,0.34,0.19
1,0.11,0.14,3.65,1.01,0.43,0.09,10.96,0.18,-0.13,0.47,0.97,0.64,0.2,0.05,0.34,0.19
1,0.11,0.14,3.65,1.01,0.43,0.09,10.96,0.18,-0.13,0.47,0.97,0.64,0.2,0.05,0.34,0.19
1,0.11,0.14,3.65,1.01,0.43,0.09,10.96,0.18,-0.13,0.47,0.97,0.64,0.2,0.05,0.34,0.19
1,0.11,0.14,3.65,1.01,0.43,0.09,10.96,0.18,-0.13,0.47,0.97,0.64,0.2,0.05,0.34,0.19
1,0.11,0.14,3.65,1.01,0.43,0.09,10.96,0.18,-0.13,0.47,0.97,0.64,0.2,0.05,0.34,0.19
1,0.11,0.14,3.65,1.01,0.43,0.09,10.96,0.18,-0.13,0.47,0.97,0.64,0.2,0.05,0.34,0.19
1,0.11,0.14,3.65,1.01,0.43,0.09,10.96,0.18,-0.13,0.47,0.97,0.64,0.2,0.05,0.34,0.19
1,0.11,0.11,4.16,4.88,0.58,-3.12,9.81,0.15,-0.07,0.66,0.95,0.55,0.09,0.13,0.28,0.24
1,0.11,0.11,4.16,4.88,0.58,-3.12,9.81,0.15,-0.07,0.66,0.95,0.55,0.09,0.13,0.28,0.24
1,0.11,0.11,4.16,4.88,0.58,-3.12,9.81,0.15,-0.07,0.66,0.95,0.55,0.09,0.13,0.28,0.24
1,0.11,0.11,4.16,4.88,0.58,-3.12,9.81,0.15,-0.07,0.66,0.95,0.55,0.09,0.13,0.28,0.24
1,0.11,0.11,4.16,4.88,0.58,-3.12,9.81,0.15,-0.07,0.66,0.95,0.55,0.09,0.13,0.28,0.24
1,0.11,0.11,4.16,4.88,0.58,-3.12,9.81,0.15,-0.07,0.66,0.95,0.55,0.09,0.13,0.28,0.24
1,0.11,0.11,4.16,4.88,0.58,-3.12,9.81,0.15,-0.07,0.66,0.95,0.55,0.09,0.13,0.28,0.24
1,0.11,0.11,4.16,4.88,0.58,-3.12,9.81,0.15,-0.07,0.66,0.95,0.55,0.09,0.13,0.28,0.24
1,0.11,0.11,4.16,4.88,0.58,-3.12,9.81,0.15,-0.07,0.66,0.95,0.55,0.09,0.13,0.28,0.24
1,0.11,0.11,4.16,4.88,0.58,-3.12,9.81,0.15,-0.07,0.66,0.95,0.55,0.09,0.13,0.28,0.24
1,0.11,0.11,4.16,4.88,0.58,-3.12,9.81,0.15,-0.07,0.66,0.95,0.55,0.09,0.13,0.28,0.24
1,0.11,0.11,4.16,4.88,0.58,-3.12,9.81,0.15,-0.07,0.66,0.95,0.55,0.09,0.13,0.28,0.24
1,0.16,0.15,3.98,0.39,0.31,-0.43,10.32,0.12,0.96,0.29,0.96,0.65,0.14,0.06,0.32,0.16
1,0.16,0.15,3.98,0.39,0.31,-0.43,10.32,0.12,0.96,0.29,0.96,0.65,0.14,0.06,0.32,0.16
1,0.16,0.15,3.98,0.39,0.31,-0.43,10.32,0.12,0.96,0.29,0.96,0.65,0.14,0.06,0.32,0.16
1,0.16,0.15,3.98,0.39,0.31,-0.43,10.32,0.12,0.96,0.29,0.96,0.65,0.14,0.06,0.32,0.16
1,0.16,0.15,3.98,0.39,0.31,-0.43,10.32,0.12,0.96,0.29,0.96,0.65,0.14,0.06,0.32,0.16
1,0.16,0.15,3.98,0.39,0.31,-0.43,10.32,0.12,0.96,0.29,0.96,0.65,0.14,0.06,0.32,0.16
1,0.16,0.15,3.98,0.39,0.31,-0.43,10.32,0.12,0.96,0.29,0.96,0.65,0.14,0.06,0.32,0.16
1,0.16,0.15,3.98,0.39,0.31,-0.43,10.32,0.12,0.96,0.29,0.96,0.65,0.14,0.06,0.32,0.16
1,0.16,0.15,3.98,0.39,0.31,-0.43,10.32,0.12,0.96,0.29,0.96,0.65,0.14,0.06,0.32,0.16
1,0.16,0.15,3.98,0.39,0.31,-0.43,10.32,0.12,0.96,0.29,0.96,0.65,0.14,0.06,0.32,0.16
1,0.16,0.15,3.98,0.39,0.31,-0.43,10.32,0.12,0.96,0.29,0.96,0.65,0.14,0.06,0.32,0.16
1,0.16,0.15,3.98,0.39,0.31,-0.43,10.32,0.12,0.96,0.29,0.96,0.65,0.14,0.06,0.32,0.16
1,0.12,0.24,3.87,1.5,0.44,-0.32,10.47,0.08,-0.96,0.72,0.96,0.67,0.12,0.11,0.55,0.19
1,0.12,0.24,3.87,1.5,0.44,-0.32,10.47,0.08,-0.96,0.72,0.96,0.67,0.12,0.11,0.55,0.19
1,0.12,0.24,3.87,1.5,0.44,-0.32,10.47,0.08,-0.96,0.72,0.96,0.67,0.12,0.11,0.55,0.19
1,0.12,0.24,3.87,1.5,0.44,-0.32,10.47,0.08,-0.96,0.72,0.96,0.67,0.12,0.11,0.55,0.19
1,0.12,0.24,3.87,1.5,0.44,-0.32,10.47,0.08,-0.96,0.72,0.96,0.67,0.12,0.11,0.55,0.19
1,0.12,0.24,3.87,1.5,0.44,-0.32,10.47,0.08,-0.96,0.72,0.96,0.67,0.12,0.11,0.55,0.19
1,0.12,0.24,3.87,1.5,0.44,-0.32,10.47,0.08,-0.96,0.72,0.96,0.67,0.12,0.11,0.55,0.19
1,0.12,0.24,3.87,1.5,0.44,-0.32,10.47,0.08,-0.96,0.72,0.96,0.67,0.12,0.11,0.55,0.19
1,0.12,0.24,3.87,1.5,0.44,-0.32,10.47,0.08,-0.96,0.72,0.96,0.67,0.12,0.11,0.55,0.19
1,0.12,0.24,3.87,1.5,0.44,-0.32,10.47,0.08,-0.96,0.72,0.96,0.67,0.12,0.11,0.55,0.19
1,0.12,0.24,3.87,1.5,0.44,-0.32,10.47,0.08,-0.96,0.72,0.96,0.67,0.12,0.11,0.55,0.19
1,0.12,0.24,3.87,1.5,0.44,-0.32,10.47,0.08,-0.96,0.72,0.96,0.67,0.12,0.11,0.55,0.19
1,0.11,0.08,3.79,12.57,0.42,-1.6,10.5,0.09,-1.98,0.76,0.83,0.51,0.12,0.44,0.33,0.19
1,0.11,0.08,3.79,12.57,0.42,-1.6,10.5,0.09,-1.98,0.76,0.83,0.51,0.12,0.44,0.33,0.19
1,0.11,0.08,3.79,12.57,0.42,-1.6,10.5,0.09,-1.98,0.76,0.83,0.51,0.12,0.44,0.33,0.19
1,0.11,0.08,3.79,12.57,0.42,-1.6,10.5,0.09,-1.98,0.76,0.83,0.51,0.12,0.44,0.33,0.19
1,0.11,0.08,3.79,12.57,0.42,-1.6,10.5,0.09,-1.98,0.76,0.83,0.51,0.12,0.44,0.33,0.19
1,0.11,0.08,3.79,12.57,0.42,-1.6,10.5,0.09,-1.98,0.76,0.83,0.51,0.12,0.44,0.33,0.19
1,0.11,0.08,3.79,12.57,0.42,-1.6,10.5,0.09,-1.98,0.76,0.83,0.51,0.12,0.44,0.33,0.19
1,0.11,0.08,3.79,12.57,0.42,-1.6,10.5,0.09,-1.98,0.76,0.83,0.51,0.12,0.44,0.33,0.19
1,0.11,0.08,3.79,12.57,0.42,-1.6,10.5,0.09,-1.98,0.76,0.83,0.51,0.12,0.44,0.33,0.19
1,0.11,0.08,3.79,12.57,0.42,-1.6,10.5,0.09,-1.98,0.76,0.83,0.51,0.12,0.44,0.33,0.19
1,0.11,0.08,3.79,12.57,0.42,-1.6,10.5,0.09,-1.98,0.76,0.83,0.51,0.12,0.44,0.33,0.19
1,0.11,0.08,3.79,12.57,0.42,-1.6,10.5,0.09,-1.98,0.76,0.83,0.51,0.12,0.44,0.33,0.19
1,0.2,0.2,4.72,13.73,0.44,-0.15,8.65,0.15,-1.7,0.61,0.96,0.61,0.22,0.13,0.45,0.26
1,0.2,0.2,4.72,13.73,0.44,-0.15,8.65,0.15,-1.7,0.61,0.96,0.61,0.22,0.13,0.45,0.26
1,0.2,0.2,4.72,13.73,0.44,-0.15,8.65,0.15,-1.7,0.61,0.96,0.61,0.22,0.13,0.45,0.26
1,0.2,0.2,4.72,13.73,0.44,-0.15,8.65,0.15,-1.7,0.61,0.96,0.61,0.22,0.13,0.45,0.26
1,0.2,0.2,4.72,13.73,0.44,-0.15,8.65,0.15,-1.7,0.61,0.96,0.61,0.22,0.13,0.45,0.26
1,0.2,0.2,4.72,13.73,0.44,-0.15,8.65,0.15,-1.7,0.61,0.96,0.61,0.22,0.13,0.45,0.26
1,0.2,0.2,4.72,13.73,0.44,-0.15,8.65,0.15,-1.7,0.61,0.96,0.61,0.22,0.13,0.45,0.26
1,0.2,0.2,4.72,13.73,0.44,-0.15,8.65,0.15,-1.7,0.61,0.96,0.61,0.22,0.13,0.45,0.26
1,0.2,0.2,4.72,13.73,0.44,-0.15,8.65,0.15,-1.7,0.61,0.96,0.61,0.22,0.13,0.45,0.26
1,0.2,0.2,4.72,13.73,0.44,-0.15,8.65,0.15,-1.7,0.61,0.96,0.61,0.22,0.13,0.45,0.26
1,0.2,0.2,4.72,13.73,0.44,-0.15,8.65,0.15,-1.7,0.61,0.96,0.61,0.22,0.13,0.45,0.26
1,0.2,0.2,4.72,13.73,0.44,-0.15,8.65,0.15,-1.7,0.61,0.96,0.61,0.22,0.13,0.45,0.26
1,0.13,0.18,3.79,1.23,0.27,0.0,10.52,0.13,0.09,0.48,0.96,0.78,0.22,0.08,0.5,0.15
1,0.13,0.18,3.79,1.23,0.27,0.0,10.52,0.13,0.09,0.48,0.96,0.78,0.22,0.08,0.5,0.15
1,0.13,0.18,3.79,1.23,0.27,0.0,10.52,0.13,0.09,0.48,0.96,0.78,0.22,0.08,0.5,0.15
1,0.13,0.18,3.79,1.23,0.27,0.0,10.52,0.13,0.09,0.48,0.96,0.78,0.22,0.08,0.5,0.15
1,0.13,0.18,3.79,1.23,0.27,0.0,10.52,0.13,0.09,0.48,0.96,0.78,0.22,0.08,0.5,0.15
1,0.13,0.18,3.79,1.23,0.27,0.0,10.52,0.13,0.09,0.48,0.96,0.78,0.22,0.08,0.5,0.15
1,0.13,0.18,3.79,1.23,0.27,0.0,10.52,0.13,0.09,0.48,0.96,0.78,0.22,0.08,0.5,0.15
1,0.13,0.18,3.79,1.23,0.27,0.0,10.52,0.13,0.09,0.48,0.96,0.78,0.22,0.08,0.5,0.15
1,0.13,0.18,3.79,1.23,0.27,0.0,10.52,0.13,0.09,0.48,0.96,0.78,0.22,0.08,0.5,0.15
1,0.13,0.18,3.79,1.23,0.27,0.0,10.52,0.13,0.09,0.48,0.96,0.78,0.22,0.08,0.5,0.15
1,0.13,0.18,3.79,1.23,0.27,0.0,10.52,0.13,0.09,0.48,0.96,0.78,0.22,0.08,0.5,0.15
1,0.13,0.18,3.79,1.23,0.27,0.0,10.52,0.13,0.09,0.48,0.96,0.78,0.22,0.08,0.5,0.15
1,0.1,0.13,3.9,9.86,0.56,-1.76,10.47,0.08,0.01,0.57,0.92,0.71,0.09,0.13,0.44,0.11
1,0.1,0.13,3.9,9.86,0.56,-1.76,10.47,0.08,0.01,0.57,0.92,0.71,0.09,0.13,0.44,0.11
1,0.1,0.13,3.9,9.86,0.56,-1.76,10.47,0.08,0.01,0.57,0.92,0.71,0.09,0.13,0.44,0.11
1,0.1,0.13,3.9,9.86,0.56,-1.76,10.47,0.08,0.01,0.57,0.92,0.71,0.09,0.13,0.44,0.11
1,0.1,0.13,3.9,9.86,0.56,-1.76,10.47,0.08,0.01,0.57,0.92,0.71,0.09,0.13,0.44,0.11
1,0.1,0.13,3.9,9.86,0.56,-1.76,10.47,0.08,0.01,0.57,0.92,0.71,0.09,0.13,0.44,0.11
1,0.1,0.13,3.9,9.86,0.56,-1.76,10.47,0.08,0.01,0.57,0.92,0.71,0.09,0.13,0.44,0.11
1,0.1,0.13,3.9,9.86,0.56,-1.76,10.47,0.08,0.01,0.57,0.92,0.71,0.09,0.13,0.44,0.11
1,0.1,0.13,3.9,9.86,0.56,-1.76,10.47,0.08,0.01,0.57,0.92,0.71,0.09,0.13,0.44,0.11
1,0.1,0.13,3.9,9.86,0.56,-1.76,10.47,0.08,0.01,0.57,0.92,0.71,0.09,0.13,0.44,0.11
1,0.1,0.13,3.9,9.86,0.56,-1.76,10.47,0.08,0.01,0.57,0.92,0.71,0.09,0.13,0.44,0.11
1,0.1,0.13,3.9,9.86,0.56,-1.76,10.47,0.08,0.01,0.57,0.92,0.71,0.09,0.13,0.44,0.11
1,0.13,0.17,3.63,0.48,0.22,-0.03,10.61,0.13,1.84,0.29,0.93,0.63,0.21,0.1,0.29,0.12
1,0.13,0.17,3.63,0.48,0.22,-0.03,10.61,0.13,1.84,0.29,0.93,0.63,0.21,0.1,0.29,0.12
1,0.13,0.17,3.63,0.48,0.22,-0.03,10.61,0.13,1.84,0.29,0.93,0.63,0.21,0.1,0.29,0.12
1,0.13,0.17,3.63,0.48,0.22,-0.03,10.61,0.13,1.84,0.29,0.93,0.63,0.21,0.1,0.29,0.12
1,0.13,0.17,3.63,0.48,0.22,-0.03,10.61,0.13,1.84,0.29,0.93,0.63,0.21,0.1,0.29,0.12
1,0.13,0.17,3.63,0.48,0.22,-0.03,10.61,0.13,1.84,0.29,0.93,0.63,0.21,0.1,0.29,0.12
1,0.13,0.17,3.63,0.48,0.22,-0.03,10.61,0.13,1.84,0.29,0.93,0.63,0.21,0.1,0.29,0.12
1,0.13,0.17,3.63,0.48,0.22,-0.03,10.61,0.13,1.84,0.29,0.93,0.63,0.21,0.1,0.29,0.12
1,0.13,0.17,3.63,0.48,0.22,-0.03,10.61,0.13,1.84,0.29,0.93,0.63,0.21,0.1,0.29,0.12
1,0.13,0.17,3.63,0.48,0.22,-0.03,10.61,0.13,1.84,0.29,0.93,0.63,0.21,0.1,0.29,0.12
1,0.13,0.17,3.63,0.48,0.22,-0.03,10.61,0.13,1.84,0.29,0.93,0.63,0.21,0.1,0.29,0.12
1,0.13,0.17,3.63,0.48,0.22,-0.03,10.61,0.13,1.84,0.29,0.93,0.63,0.21,0.1,0.29,0.12
1,0.04,0.14,3.73,2.89,0.43,0.8,10.74,0.06,1.69,0.21,0.95,0.67,0.05,0.12,0.46,0.29
1,0.04,0.14,3.73,2.89,0.43,0.8,10.74,0.06,1.69,0.21,0.95,0.67,0.05,0.12,0.46,0.29
1,0.04,0.14,3.73,2.89,0.43,0.8,10.74,0.06,1.69,0.21,0.95,0.67,0.05,0.12,0.46,0.29
1,0.04,0.14,3.73,2.89,0.43,0.8,10.74,0.06,1.69,0.21,0.95,0.67,0.05,0.12,0.46,0.29
1,0.04,0.14,3.73,2.89,0.43,0.8,10.74,0.06,1.69,0.21,0.95,0.67,0.05,0.12,0.46,0.29
1,0.04,0.14,3.73,2.89,0.43,0.8,10.74,0.06,1.69,0.21,0.95,0.67,0.05,0.12,0.46,0.29
1,0.04,0.14,3.73,2.89,0.43,0.8,10.74,0.06,1.69,0.21,0.95,0.67,0.05,0.12,0.46,0.29
1,0.04,0.14,3.73,2.89,0.43,0.8,10.74,0.06,1.69,0.21,0.95,0.67,0.05,0.12,0.46,0.29
1,0.04,0.14,3.73,2.89,0.43,0.8,10.74,0.06,1.69,0.21,0.95,0.67,0.05,0.12,0.46,0.29
1,0.04,0.14,3.73,2.89,0.43,0.8,10.74,0.06,1.69,0.21,0.95,0.67,0.05,0.12,0.46,0.29
1,0.04,0.14,3.73,2.89,0.43,0.8,10.74,0.06,1.69,0.21,0.95,0.67,0.05,0.12,0.46,0.29
1,0.04,0.14,3.73,2.89,0.43,0.8,10.74,0.06,1.69,0.21,0.95,0.67,0.05,0.12,0.46,0.29
1,0.06,0.11,3.35,1.07,0.22,1.2,11.96,0.07,2.44,0.18,0.88,0.7,0.06,0.25,0.31,0.22
1,0.06,0.11,3.35,1.07,0.22,1.2,11.96,0.07,2.44,0.18,0.88,0.7,0.06,0.25,0.31,0.22
1,0.06,0.11,3.35,1.07,0.22,1.2,11.96,0.07,2.44,0.18,0.88,0.7,0.06,0.25,0.31,0.22
1,0.06,0.11,3.35,1.07,0.22,1.2,11.96,0.07,2.44,0.18,0.88,0.7,0.06,0.25,0.31,0.22
1,0.06,0.11,3.35,1.07,0.22,1.2,11.96,0.07,2.44,0.18,0.88,0.7,0.06,0.25,0.31,0.22
1,0.06,0.11,3.35,1.07,0.22,1.2,11.96,0.07,2.44,0.18,0.88,0.7,0.06,0.25,0.31,0.22
1,0.06,0.11,3.35,1.07,0.22,1.2,11.96,0.07,2.44,0.18,0.88,0.7,0.06,0.25,0.31,0.22
1,0.06,0.11,3.35,1.07,0.22,1.2,11.96,0.07,2.44,0.18,0.88,0.7,0.06,0.25,0.31,0.22
1,0.06,0.11,3.35,1.07,0.22,1.2,11.96,0.07,2.44,0.18,0.88,0.7,0.06,0.25,0.31,0.22
1,0.06,0.11,3.35,1.07,0.22,1.2,11.96,0.07,2.44,0.18,0.88,0.7,0.06,0.25,0.31,0.22
1,0.06,0.11,3.35,1.07,0.22,1.2,11.96,0.07,2.44,0.18,0.88,0.7,0.06,0.25,0.31,0.22
1,0.06,0.11,3.35,1.07,0.22,1.2,11.96,0.07,2.44,0.18,0.88,0.7,0.06,0.25,0.31,0.22
1,0.09,0.18,3.92,22.18,0.43,0.02,10.53,0.11,-0.33,0.36,0.92,0.67,0.13,0.16,0.41,0.13
1,0.09,0.18,3.92,22.18,0.43,0.02,10.53,0.11,-0.33,0.36,0.92,0.67,0.13,0.16,0.41,0.13
1,0.09,0.18,3.92,22.18,0.43,0.02,10.53,0.11,-0.33,0.36,0.92,0.67,0.13,0.16,0.41,0.13
1,0.09,0.18,3.92,22.18,0.43,0.02,10.53,0.11,-0.33,0.36,0.92,0.67,0.13,0.16,0.41,0.13
1,0.09,0.18,3.92,22.18,0.43,0.02,10.53,0.11,-0.33,0.36,0.92,0.67,0.13,0.16,0.41,0.13
1,0.09,0.18,3.92,22.18,0.43,0.02,10.53,0.11,-0.33,0.36,0.92,0.67,0.13,0.16,0.41,0.13
1,0.09,0.18,3.92,22.18,0.43,0.02,10.53,0.11,-0.33,0.36,0.92,0.67,0.13,0.16,0.41,0.13
1,0.09,0.18,3.92,22.18,0.43,0.02,10.53,0.11,-0.33,0.36,0.92,0.67,0.13,0.16,0.41,0.13
1,0.09,0.18,3.92,22.18,0.43,0.02,10.53,0.11,-0.33,0.36,0.92,0.67,0.13,0.16,0.41,0.13
1,0.09,0.18,3.92,22.18,0.43,0.02,10.53,0.11,-0.33,0.36,0.92,0.67,0.13,0.16,0.41,0.13
1,0.09,0.18,3.92,22.18,0.43,0.02,10.53,0.11,-0.33,0.36,0.92,0.67,0.13,0.16,0.41,0.13
1,0.09,0.18,3.92,22.18,0.43,0.02,10.53,0.11,-0.33,0.36,0.92,0.67,0.13,0.16,0.41,0.13
1,0.14,0.11,4.01,3.78,0.53,-0.58,10.39,0.1,-0.43,0.52,0.95,0.81,0.1,0.08,0.5,0.16
1,0.14,0.11,4.01,3.78,0.53,-0.58,10.39,0.1,-0.43,0.52,0.95,0.81,0.1,0.08,0.5,0.16
1,0.14,0.11,4.01,3.78,0.53,-0.58,10.39,0.1,-0.43,0.52,0.95,0.81,0.1,0.08,0.5,0.16
1,0.14,0.11,4.01,3.78,0.53,-0.58,10.39,0.1,-0.43,0.52,0.95,0.81,0.1,0.08,0.5,0.16
1,0.14,0.11,4.01,3.78,0.53,-0.58,10.39,0.1,-0.43,0.52,0.95,0.81,0.1,0.08,0.5,0.16
1,0.14,0.11,4.01,3.78,0.53,-0.58,10.39,0.1,-0.43,0.52,0.95,0.81,0.1,0.08,0.5,0.16
1,0.14,0.11,4.01,3.78,0.53,-0.58,10.39,0.1,-0.43,0.52,0.95,0.81,0.1,0.08,0.5,0.16
1,0.14,0.11,4.01,3.78,0.53,-0.58,10.39,0.1,-0.43,0.52,0.95,0.81,0.1,0.08,0.5,0.16
1,0.14,0.11,4.01,3.78,0.53,-0.58,10.39,0.1,-0.43,0.52,0.95,0.81,0.1,0.08,0.5,0.16
1,0.14,0.11,4.01,3.78,0.53,-0.58,10.39,0.1,-0.43,0.52,0.95,0.81,0.1,0.08,0.5,0.16
1,0.14,0.11,4.01,3.78,0.53,-0.58,10.39,0.1,-0.43,0.52,0.95,0.81,0.1,0.08,0.5,0.16
1,0.14,0.11,4.01,3.78,0.53,-0.58,10.39,0.1,-0.43,0.52,0.95,0.81,0.1,0.08,0.5,0.16
1,0.02,0.03,3.32,10.25,0.38,-1.83,10.76,0.06,-10.31,0.67,0.89,0.79,0.04,0.32,0.83,0.22
1,0.02,0.03,3.32,10.25,0.38,-1.83,10.76,0.06,-10.31,0.67,0.89,0.79,0.04,0.32,0.83,0.22
1,0.02,0.03,3.32,10.25,0.38,-1.83,10.76,0.06,-10.31,0.67,0.89,0.79,0.04,0.32,0.83,0.22
1,0.02,0.03,3.32,10.25,0.38,-1.83,10.76,0.06,-10.31,0.67,0.89,0.79,0.04,0.32,0.83,0.22
1,0.02,0.03,3.32,10.25,0.38,-1.83,10.76,0.06,-10.31,0.67,0.89,0.79,0.04,0.32,0.83,0.22
1,0.02,0.03,3.32,10.25,0.38,-1.83,10.76,0.06,-10.31,0.67,0.89,0.79,0.04,0.32,0.83,0.22
1,0.02,0.03,3.32,10.25,0.38,-1.83,10.76,0.06,-10.31,0.67,0.89,0.79,0.04,0.32,0.83,0.22
1,0.02,0.03,3.32,10.25,0.38,-1.83,10.76,0.06,-10.31,0.67,0.89,0.79,0.04,0.32,0.83,0.22
1,0.02,0.03,3.32,10.25,0.38,-1.83,10.76,0.06,-10.31,0.67,0.89,0.79,0.04,0.32,0.83,0.22
1,0.02,0.03,3.32,10.25,0.38,-1.83,10.76,0.06,-10.31,0.67,0.89,0.79,0.04,0.32,0.83,0.22
1,0.02,0.03,3.32,10.25,0.38,-1.83,10.76,0.06,-10.31,0.67,0.89,0.79,0.04,0.32,0.83,0.22
1,0.02,0.03,3.32,10.25,0.38,-1.83,10.76,0.06,-10.31,0.67,0.89,0.79,0.04,0.32,0.83,0.22
1,0.03,0.06,3.89,9.63,0.3,-3.34,10.52,0.04,1.98,0.27,0.92,0.67,0.05,0.11,0.6,0.21
1,0.03,0.06,3.89,9.63,0.3,-3.34,10.52,0.04,1.98,0.27,0.92,0.67,0.05,0.11,0.6,0.21
1,0.03,0.06,3.89,9.63,0.3,-3.34,10.52,0.04,1.98,0.27,0.92,0.67,0.05,0.11,0.6,0.21
1,0.03,0.06,3.89,9.63,0.3,-3.34,10.52,0.04,1.98,0.27,0.92,0.67,0.05,0.11,0.6,0.21
1,0.03,0.06,3.89,9.63,0.3,-3.34,10.52,0.04,1.98,0.27,0.92,0.67,0.05,0.11,0.6,0.21
1,0.03,0.06,3.89,9.63,0.3,-3.34,10.52,0.04,1.98,0.27,0.92,0.67,0.05,0.11,0.6,0.21
1,0.03,0.06,3.89,9.63,0.3,-3.34,10.52,0.04,1.98,0.27,0.92,0.67,0.05,0.11,0.6,0.21
1,0.03,0.06,3.89,9.63,0.3,-3.34,10.52,0.04,1.98,0.27,0.92,0.67,0.05,0.11,0.6,0.21
1,0.03,0.06,3.89,9.63,0.3,-3.34,10.52,0.04,1.98,0.27,0.92,0.67,0.05,0.11,0.6,0.21
1,0.03,0.06,3.89,9.63,0.3,-3.34,10.52,0.04,1.98,0.27,0.92,0.67,0.05,0.11,0.6,0.21
1,0.03,0.06,3.89,9.63,0.3,-3.34,10.52,0.04,1.98,0.27,0.92,0.67,0.05,0.11,0.6,0.21
1,0.03,0.06,3.89,9.63,0.3,-3.34,10.52,0.04,1.98,0.27,0.92,0.67,0.05,0.11,0.6,0.21
1,0.03,0.04,3.73,15.03,0.47,-1.33,10.71,0.09,-2.68,0.85,0.98,0.67,0.15,0.05,0.83,0.18
1,0.03,0.04,3.73,15.03,0.47,-1.33,10.71,0.09,-2.68,0.85,0.98,0.67,0.15,0.05,0.83,0.18
1,0.03,0.04,3.73,15.03,0.47,-1.33,10.71,0.09,-2.68,0.85,0.98,0.67,0.15,0.05,0.83,0.18
1,0.03,0.04,3.73,15.03,0.47,-1.33,10.71,0.09,-2.68,0.85,0.98,0.67,0.15,0.05,0.83,0.18
1,0.03,0.04,3.73,15.03,0.47,-1.33,10.71,0.09,-2.68,0.85,0.98,0.67,0.15,0.05,0.83,0.18
1,0.03,0.04,3.73,15.03,0.47,-1.33,10.71,0.09,-2.68,0.85,0.98,0.67,0.15,0.05,0.83,0.18
1,0.03,0.04,3.73,15.03,0.47,-1.33,10.71,0.09,-2.68,0.85,0.98,0.67,0.15,0.05,0.83,0.18
1,0.03,0.04,3.73,15.03,0.47,-1.33,10.71,0.09,-2.68,0.85,0.98,0.67,0.15,0.05,0.83,0.18
1,0.03,0.04,3.73,15.03,0.47,-1.33,10.71,0.09,-2.68,0.85,0.98,0.67,0.15,0.05,0.83,0.18
1,0.03,0.04,3.73,15.03,0.47,-1.33,10.71,0.09,-2.68,0.85,0.98,0.67,0.15,0.05,0.83,0.18
1,0.03,0.04,3.73,15.03,0.47,-1.33,10.71,0.09,-2.68,0.85,0.98,0.67,0.15,0.05,0.83,0.18
1,0.03,0.04,3.73,15.03,0.47,-1.33,10.71,0.09,-2.68,0.85,0.98,0.67,0.15,0.05,0.83,0.18
1,0.2,0.15,3.96,0.46,0.46,-0.35,10.54,0.18,-0.38,0.58,0.96,0.53,0.11,0.18,0.55,0.35
1,0.2,0.15,3.96,0.46,0.46,-0.35,10.54,0.18,-0.38,0.58,0.96,0.53,0.11,0.18,0.55,0.35
1,0.2,0.15,3.96,0.46,0.46,-0.35,10.54,0.18,-0.38,0.58,0.96,0.53,0.11,0.18,0.55,0.35
1,0.2,0.15,3.96,0.46,0.46,-0.35,10.54,0.18,-0.38,0.58,0.96,0.53,0.11,0.18,0.55,0.35
1,0.2,0.15,3.96,0.46,0.46,-0.35,10.54,0.18,-0.38,0.58,0.96,0.53,0.11,0.18,0.55,0.35
1,0.2,0.15,3.96,0.46,0.46,-0.35,10.54,0.18,-0.38,0.58,0.96,0.53,0.11,0.18,0.55,0.35
1,0.2,0.15,3.96,0.46,0.46,-0.35,10.54,0.18,-0.38,0.58,0.96,0.53,0.11,0.18,0.55,0.35
1,0.2,0.15,3.96,0.46,0.46,-0.35,10.54,0.18,-0.38,0.58,0.96,0.53,0.11,0.18,0.55,0.35
1,0.2,0.15,3.96,0.46,0.46,-0.35,10.54,0.18,-0.38,0.58,0.96,0.53,0.11,0.18,0.55,0.35
1,0.2,0.15,3.96,0.46,0.46,-0.35,10.54,0.18,-0.38,0.58,0.96,0.53,0.11,0.18,0.55,0.35
1,0.2,0.15,3.96,0.46,0.46,-0.35,10.54,0.18,-0.38,0.58,0.96,0.53,0.11,0.18,0.55,0.35
1,0.2,0.15,3.96,0.46,0.46,-0.35,10.54,0.18,-0.38,0.58,0.96,0.53,0.11,0.18,0.55,0.35
1,0.12,0.12,3.86,2.74,0.33,-0.45,10.36,0.15,0.64,0.46,0.93,0.48,0.13,0.13,0.45,0.16
1,0.12,0.12,3.86,2.74,0.33,-0.45,10.36,0.15,0.64,0.46,0.93,0.48,0.13,0.13,0.45,0.16
1,0.12,0.12,3.86,2.74,0.33,-0.45,10.36,0.15,0.64,0.46,0.93,0.48,0.13,0.13,0.45,0.16
1,0.12,0.12,3.86,2.74,0.33,-0.45,10.36,0.15,0.64,0.46,0.93,0.48,0.13,0.13,0.45,0.16
1,0.12,0.12,3.86,2.74,0.33,-0.45,10.36,0.15,0.64,0.46,0.93,0.48,0.13,0.13,0.45,0.16
1,0.12,0.12,3.86,2.74,0.33,-0.45,10.36,0.15,0.64,0.46,0.93,0.48,0.13,0.13,0.45,0.16
1,0.12,0.12,3.86,2.74,0.33,-0.45,10.36,0.15,0.64,0.46,0.93,0.48,0.13,0.13,0.45,0.16
1,0.12,0.12,3.86,2.74,0.33,-0.45,10.36,0.15,0.64,0.46,0.93,0.48,0.13,0.13,0.45,0.16
1,0.12,0.12,3.86,2.74,0.33,-0.45,10.36,0.15,0.64,0.46,0.93,0.48,0.13,0.13,0.45,0.16
1,0.12,0.12,3.86,2.74,0.33,-0.45,10.36,0.15,0.64,0.46,0.93,0.48,0.13,0.13,0.45,0.16
1,0.12,0.12,3.86,2.74,0.33,-0.45,10.36,0.15,0.64,0.46,0.93,0.48,0.13,0.13,0.45,0.16
1,0.12,0.12,3.86,2.74,0.33,-0.45,10.36,0.15,0.64,0.46,0.93,0.48,0.13,0.13,0.45,0.16
1,0.17,0.18,3.83,0.73,0.51,-0.0,10.49,0.15,-0.42,0.58,0.96,0.64,0.18,0.06,0.41,0.23
1,0.17,0.18,3.83,0.73,0.51,-0.0,10.49,0.15,-0.42,0.58,0.96,0.64,0.18,0.06,0.41,0.23
1,0.17,0.18,3.83,0.73,0.51,-0.0,10.49,0.15,-0.42,0.58,0.96,0.64,0.18,0.06,0.41,0.23
1,0.17,0.18,3.83,0.73,0.51,-0.0,10.49,0.15,-0.42,0.58,0.96,0.64,0.18,0.06,0.41,0.23
1,0.17,0.18,3.83,0.73,0.51,-0.0,10.49,0.15,-0.42,0.58,0.96,0.64,0.18,0.06,0.41,0.23
1,0.17,0.18,3.83,0.73,0.51,-0.0,10.49,0.15,-0.42,0.58,0.96,0.64,0.18,0.06,0.41,0.23
1,0.17,0.18,3.83,0.73,0.51,-0.0,10.49,0.15,-0.42,0.58,0.96,0.64,0.18,0.06,0.41,0.23
1,0.17,0.18,3.83,0.73,0.51,-0.0,10.49,0.15,-0.42,0.58,0.96,0.64,0.18,0.06,0.41,0.23
1,0.17,0.18,3.83,0.73,0.51,-0.0,10.49,0.15,-0.42,0.58,0.96,0.64,0.18,0.06,0.41,0.23
1,0.17,0.18,3.83,0.73,0.51,-0.0,10.49,0.15,-0.42,0.58,0.96,0.64,0.18,0.06,0.41,0.23
1,0.17,0.18,3.83,0.73,0.51,-0.0,10.49,0.15,-0.42,0.58,0.96,0.64,0.18,0.06,0.41,0.23
1,0.17,0.18,3.83,0.73,0.51,-0.0,10.49,0.15,-0.42,0.58,0.96,0.64,0.18,0.06,0.41,0.23
1,0.1,0.09,3.81,0.74,0.75,-0.75,10.87,0.08,-0.17,0.64,0.98,0.75,0.09,0.08,0.24,0.3
1,0.1,0.09,3.81,0.74,0.75,-0.75,10.87,0.08,-0.17,0.64,0.98,0.75,0.09,0.08,0.24,0.3
1,0.1,0.09,3.81,0.74,0.75,-0.75,10.87,0.08,-0.17,0.64,0.98,0.75,0.09,0.08,0.24,0.3
1,0.1,0.09,3.81,0.74,0.75,-0.75,10.87,0.08,-0.17,0.64,0.98,0.75,0.09,0.08,0.24,0.3
1,0.1,0.09,3.81,0.74,0.75,-0.75,10.87,0.08,-0.17,0.64,0.98,0.75,0.09,0.08,0.24,0.3
1,0.1,0.09,3.81,0.74,0.75,-0.75,10.87,0.08,-0.17,0.64,0.98,0.75,0.09,0.08,0.24,0.3
1,0.1,0.09,3.81,0.74,0.75,-0.75,10.87,0.08,-0.17,0.64,0.98,0.75,0.09,0.08,0.24,0.3
1,0.1,0.09,3.81,0.74,0.75,-0.75,10.87,0.08,-0.17,0.64,0.98,0.75,0.09,0.08,0.24,0.3
1,0.1,0.09,3.81,0.74,0.75,-0.75,10.87,0.08,-0.17,0.64,0.98,0.75,0.09,0.08,0.24,0.3
1,0.1,0.09,3.81,0.74,0.75,-0.75,10.87,0.08,-0.17,0.64,0.98,0.75,0.09,0.08,0.24,0.3
1,0.1,0.09,3.81,0.74,0.75,-0.75,10.87,0.08,-0.17,0.64,0.98,0.75,0.09,0.08,0.24,0.3
1,0.1,0.09,3.81,0.74,0.75,-0.75,10.87,0.08,-0.17,0.64,0.98,0.75,0.09,0.08,0.24,0.3
1,0.1,0.16,4.01,5.83,0.46,-1.49,10.19,0.09,-3.47,0.67,0.8,0.65,0.14,0.28,0.4,0.12
1,0.1,0.16,4.01,5.83,0.46,-1.49,10.19,0.09,-3.47,0.67,0.8,0.65,0.14,0.28,0.4,0.12
1,0.1,0.16,4.01,5.83,0.46,-1.49,10.19,0.09,-3.47,0.67,0.8,0.65,0.14,0.28,0.4,0.12
1,0.1,0.16,4.01,5.83,0.46,-1.49,10.19,0.09,-3.47,0.67,0.8,0.65,0.14,0.28,0.4,0.12
1,0.1,0.16,4.01,5.83,0.46,-1.49,10.19,0.09,-3.47,0.67,0.8,0.65,0.14,0.28,0.4,0.12
1,0.1,0.16,4.01,5.83,0.46,-1.49,10.19,0.09,-3.47,0.67,0.8,0.65,0.14,0.28,0.4,0.12
1,0.1,0.16,4.01,5.83,0.46,-1.49,10.19,0.09,-3.47,0.67,0.8,0.65,0.14,0.28,0.4,0.12
1,0.1,0.16,4.01,5.83,0.46,-1.49,10.19,0.09,-3.47,0.67,0.8,0.65,0.14,0.28,0.4,0.12
1,0.1,0.16,4.01,5.83,0.46,-1.49,10.19,0.09,-3.47,0.67,0.8,0.65,0.14,0.28,0.4,0.12
1,0.1,0.16,4.01,5.83,0.46,-1.49,10.19,0.09,-3.47,0.67,0.8,0.65,0.14,0.28,0.4,0.12
1,0.1,0.16,4.01,5.83,0.46,-1.49,10.19,0.09,-3.47,0.67,0.8,0.65,0.14,0.28,0.4,0.12
1,0.1,0.16,4.01,5.83,0.46,-1.49,10.19,0.09,-3.47,0.67,0.8,0.65,0.14,0.28,0.4,0.12
1,0.19,0.18,3.67,0.91,0.5,0.2,10.74,0.22,-0.42,0.63,0.95,0.77,0.17,0.04,0.55,0.11
1,0.19,0.18,3.67,0.91,0.5,0.2,10.74,0.22,-0.42,0.63,0.95,0.77,0.17,0.04,0.55,0.11
1,0.19,0.18,3.67,0.91,0.5,0.2,10.74,0.22,-0.42,0.63,0.95,0.77,0.17,0.04,0.55,0.11
1,0.19,0.18,3.67,0.91,0.5,0.2,10.74,0.22,-0.42,0.63,0.95,0.77,0.17,0.04,0.55,0.11
1,0.19,0.18,3.67,0.91,0.5,0.2,10.74,0.22,-0.42,0.63,0.95,0.77,0.17,0.04,0.55,0.11
1,0.19,0.18,3.67,0.91,0.5,0.2,10.74,0.22,-0.42,0.63,0.95,0.77,0.17,0.04,0.55,0.11
1,0.19,0.18,3.67,0.91,0.5,0.2,10.74,0.22,-0.42,0.63,0.95,0.77,0.17,0.04,0.55,0.11
1,0.19,0.18,3.67,0.91,0.5,0.2,10.74,0.22,-0.42,0.63,0.95,0.77,0.17,0.04,0.55,0.11
1,0.19,0.18,3.67,0.91,0.5,0.2,10.74,0.22,-0.42,0.63,0.95,0.77,0.17,0.04,0.55,0.11
1,0.19,0.18,3.67,0.91,0.5,0.2,10.74,0.22,-0.42,0.63,0.95,0.77,0.17,0.04,0.55,0.11
1,0.19,0.18,3.67,0.91,0.5,0.2,10.74,0.22,-0.42,0.63,0.95,0.77,0.17,0.04,0.55,0.11
1,0.19,0.18,3.67,0.91,0.5,0.2,10.74,0.22,-0.42,0.63,0.95,0.77,0.17,0.04,0.55,0.11
1,0.1,0.09,3.9,1.58,0.32,-1.23,10.58,0.06,-0.72,0.71,0.9,0.47,0.09,0.21,0.36,0.2
1,0.1,0.09,3.9,1.58,0.32,-1.23,10.58,0.06,-0.72,0.71,0.9,0.47,0.09,0.21,0.36,0.2
1,0.1,0.09,3.9,1.58,0.32,-1.23,10.58,0.06,-0.72,0.71,0.9,0.47,0.09,0.21,0.36,0.2
1,0.1,0.09,3.9,1.58,0.32,-1.23,10.58,0.06,-0.72,0.71,0.9,0.47,0.09,0.21,0.36,0.2
1,0.1,0.09,3.9,1.58,0.32,-1.23,10.58,0.06,-0.72,0.71,0.9,0.47,0.09,0.21,0.36,0.2
1,0.1,0.09,3.9,1.58,0.32,-1.23,10.58,0.06,-0.72,0.71,0.9,0.47,0.09,0.21,0.36,0.2
1,0.1,0.09,3.9,1.58,0.32,-1.23,10.58,0.06,-0.72,0.71,0.9,0.47,0.09,0.21,0.36,0.2
1,0.1,0.09,3.9,1.58,0.32,-1.23,10.58,0.06,-0.72,0.71,0.9,0.47,0.09,0.21,0.36,0.2
1,0.1,0.09,3.9,1.58,0.32,-1.23,10.58,0.06,-0.72,0.71,0.9,0.47,0.09,0.21,0.36,0.2
1,0.1,0.09,3.9,1.58,0.32,-1.23,10.58,0.06,-0.72,0.71,0.9,0.47,0.09,0.21,0.36,0.2
1,0.1,0.09,3.9,1.58,0.32,-1.23,10.58,0.06,-0.72,0.71,0.9,0.47,0.09,0.21,0.36,0.2
1,0.1,0.09,3.9,1.58,0.32,-1.23,10.58,0.06,-0.72,0.71,0.9,0.47,0.09,0.21,0.36,0.2
1,0.14,0.1,3.84,0.45,0.62,-0.32,10.3,0.15,-0.29,0.65,0.99,0.69,0.16,0.03,0.56,0.24
1,0.14,0.1,3.84,0.45,0.62,-0.32,10.3,0.15,-0.29,0.65,0.99,0.69,0.16,0.03,0.56,0.24
1,0.14,0.1,3.84,0.45,0.62,-0.32,10.3,0.15,-0.29,0.65,0.99,0.69,0.16,0.03,0.56,0.24
1,0.14,0.1,3.84,0.45,0.62,-0.32,10.3,0.15,-0.29,0.65,0.99,0.69,0.16,0.03,0.56,0.24
1,0.14,0.1,3.84,0.45,0.62,-0.32,10.3,0.15,-0.29,0.65,0.99,0.69,0.16,0.03,0.56,0.24
1,0.14,0.1,3.84,0.45,0.62,-0.32,10.3,0.15,-0.29,0.65,0.99,0.69,0.16,0.03,0.56,0.24
1,0.14,0.1,3.84,0.45,0.62,-0.32,10.3,0.15,-0.29,0.65,0.99,0.69,0.16,0.03,0.56,0.24
1,0.14,0.1,3.84,0.45,0.62,-0.32,10.3,0.15,-0.29,0.65,0.99,0.69,0.16,0.03,0.56,0.24
1,0.14,0.1,3.84,0.45,0.62,-0.32,10.3,0.15,-0.29,0.65,0.99,0.69,0.16,0.03,0.56,0.24
1,0.14,0.1,3.84,0.45,0.62,-0.32,10.3,0.15,-0.29,0.65,0.99,0.69,0.16,0.03,0.56,0.24
1,0.14,0.1,3.84,0.45,0.62,-0.32,10.3,0.15,-0.29,0.65,0.99,0.69,0.16,0.03,0.56,0.24
1,0.14,0.1,3.84,0.45,0.62,-0.32,10.3,0.15,-0.29,0.65,0.99,0.69,0.16,0.03,0.56,0.24
1,0.1,0.17,3.96,4.08,0.7,-0.37,10.38,0.1,-0.63,0.62,0.93,0.49,0.14,0.15,0.44,0.23
1,0.1,0.17,3.96,4.08,0.7,-0.37,10.38,0.1,-0.63,0.62,0.93,0.49,0.14,0.15,0.44,0.23
1,0.1,0.17,3.96,4.08,0.7,-0.37,10.38,0.1,-0.63,0.62,0.93,0.49,0.14,0.15,0.44,0.23
1,0.1,0.17,3.96,4.08,0.7,-0.37,10.38,0.1,-0.63,0.62,0.93,0.49,0.14,0.15,0.44,0.23
1,0.1,0.17,3.96,4.08,0.7,-0.37,10.38,0.1,-0.63,0.62,0.93,0.49,0.14,0.15,0.44,0.23
1,0.1,0.17,3.96,4.08,0.7,-0.37,10.38,0.1,-0.63,0.62,0.93,0.49,0.14,0.15,0.44,0.23
1,0.1,0.17,3.96,4.08,0.7,-0.37,10.38,0.1,-0.63,0.62,0.93,0.49,0.14,0.15,0.44,0.23
1,0.1,0.17,3.96,4.08,0.7,-0.37,10.38,0.1,-0.63,0.62,0.93,0.49,0.14,0.15,0.44,0.23
1,0.1,0.17,3.96,4.08,0.7,-0.37,10.38,0.1,-0.63,0.62,0.93,0.49,0.14,0.15,0.44,0.23
1,0.1,0.17,3.96,4.08,0.7,-0.37,10.38,0.1,-0.63,0.62,0.93,0.49,0.14,0.15,0.44,0.23
1,0.1,0.17,3.96,4.08,0.7,-0.37,10.38,0.1,-0.63,0.62,0.93,0.49,0.14,0.15,0.44,0.23
1,0.1,0.17,3.96,4.08,0.7,-0.37,10.38,0.1,-0.63,0.62,0.93,0.49,0.14,0.15,0.44,0.23
1,0.08,0.11,3.59,2.45,0.72,-0.21,10.42,0.1,-1.22,0.71,0.96,0.77,0.12,0.08,0.34,0.16
1,0.08,0.11,3.59,2.45,0.72,-0.21,10.42,0.1,-1.22,0.71,0.96,0.77,0.12,0.08,0.34,0.16
1,0.08,0.11,3.59,2.45,0.72,-0.21,10.42,0.1,-1.22,0.71,0.96,0.77,0.12,0.08,0.34,0.16
1,0.08,0.11,3.59,2.45,0.72,-0.21,10.42,0.1,-1.22,0.71,0.96,0.77,0.12,0.08,0.34,0.16
1,0.08,0.11,3.59,2.45,0.72,-0.21,10.42,0.1,-1.22,0.71,0.96,0.77,0.12,0.08,0.34,0.16
1,0.08,0.11,3.59,2.45,0.72,-0.21,10.42,0.1,-1.22,0.71,0.96,0.77,0.12,0.08,0.34,0.16
1,0.08,0.11,3.59,2.45,0.72,-0.21,10.42,0.1,-1.22,0.71,0.96,0.77,0.12,0.08,0.34,0.16
1,0.08,0.11,3.59,2.45,0.72,-0.21,10.42,0.1,-1.22,0.71,0.96,0.77,0.12,0.08,0.34,0.16
1,0.08,0.11,3.59,2.45,0.72,-0.21,10.42,0.1,-1.22,0.71,0.96,0.77,0.12,0.08,0.34,0.16
1,0.08,0.11,3.59,2.45,0.72,-0.21,10.42,0.1,-1.22,0.71,0.96,0.77,0.12,0.08,0.34,0.16
1,0.08,0.11,3.59,2.45,0.72,-0.21,10.42,0.1,-1.22,0.71,0.96,0.77,0.12,0.08,0.34,0.16
1,0.08,0.11,3.59,2.45,0.72,-0.21,10.42,0.1,-1.22,0.71,0.96,0.77,0.12,0.08,0.34,0.16
1,0.13,0.13,3.71,0.14,0.47,-0.06,11.0,0.2,-0.54,0.46,0.96,0.76,0.17,0.03,0.54,0.25
1,0.13,0.13,3.71,0.14,0.47,-0.06,11.0,0.2,-0.54,0.46,0.96,0.76,0.17,0.03,0.54,0.25
1,0.13,0.13,3.71,0.14,0.47,-0.06,11.0,0.2,-0.54,0.46,0.96,0.76,0.17,0.03,0.54,0.25
1,0.13,0.13,3.71,0.14,0.47,-0.06,11.0,0.2,-0.54,0.46,0.96,0.76,0.17,0.03,0.54,0.25
1,0.13,0.13,3.71,0.14,0.47,-0.06,11.0,0.2,-0.54,0.46,0.96,0.76,0.17,0.03,0.54,0.25
1,0.13,0.13,3.71,0.14,0.47,-0.06,11.0,0.2,-0.54,0.46,0.96,0.76,0.17,0.03,0.54,0.25
1,0.13,0.13,3.71,0.14,0.47,-0.06,11.0,0.2,-0.54,0.46,0.96,0.76,0.17,0.03,0.54,0.25
1,0.13,0.13,3.71,0.14,0.47,-0.06,11.0,0.2,-0.54,0.46,0.96,0.76,0.17,0.03,0.54,0.25
1,0.13,0.13,3.71,0.14,0.47,-0.06,11.0,0.2,-0.54,0.46,0.96,0.76,0.17,0.03,0.54,0.25
1,0.13,0.13,3.71,0.14,0.47,-0.06,11.0,0.2,-0.54,0.46,0.96,0.76,0.17,0.03,0.54,0.25
1,0.13,0.13,3.71,0.14,0.47,-0.06,11.0,0.2,-0.54,0.46,0.96,0.76,0.17,0.03,0.54,0.25
1,0.13,0.13,3.71,0.14,0.47,-0.06,11.0,0.2,-0.54,0.46,0.96,0.76,0.17,0.03,0.54,0.25
1,0.1,0.09,3.86,1.69,0.55,-0.96,10.34,0.17,-0.23,0.6,0.95,0.46,0.09,0.04,0.2,0.17
1,0.1,0.09,3.86,1.69,0.55,-0.96,10.34,0.17,-0.23,0.6,0.95,0.46,0.09,0.04,0.2,0.17
1,0.1,0.09,3.86,1.69,0.55,-0.96,10.34,0.17,-0.23,0.6,0.95,0.46,0.09,0.04,0.2,0.17
1,0.1,0.09,3.86,1.69,0.55,-0.96,10.34,0.17,-0.23,0.6,0.95,0.46,0.09,0.04,0.2,0.17
1,0.1,0.09,3.86,1.69,0.55,-0.96,10.34,0.17,-0.23,0.6,0.95,0.46,0.09,0.04,0.2,0.17
1,0.1,0.09,3.86,1.69,0.55,-0.96,10.34,0.17,-0.23,0.6,0.95,0.46,0.09,0.04,0.2,0.17
1,0.1,0.09,3.86,1.69,0.55,-0.96,10.34,0.17,-0.23,0.6,0.95,0.46,0.09,0.04,0.2,0.17
1,0.1,0.09,3.86,1.69,0.55,-0.96,10.34,0.17,-0.23,0.6,0.95,0.46,0.09,0.04,0.2,0.17
1,0.1,0.09,3.86,1.69,0.55,-0.96,10.34,0.17,-0.23,0.6,0.95,0.46,0.09,0.04,0.2,0.17
1,0.1,0.09,3.86,1.69,0.55,-0.96,10.34,0.17,-0.23,0.6,0.95,0.46,0.09,0.04,0.2,0.17
1,0.1,0.09,3.86,1.69,0.55,-0.96,10.34,0.17,-0.23,0.6,0.95,0.46,0.09,0.04,0.2,0.17
1,0.1,0.09,3.86,1.69,0.55,-0.96,10.34,0.17,-0.23,0.6,0.95,0.46,0.09,0.04,0.2,0.17
2,0.13,0.13,3.91,3.09,0.54,-0.34,10.44,0.17,-0.28,0.61,0.96,0.55,0.21,0.16,0.4,0.23
2,0.13,0.13,3.91,3.09,0.54,-0.34,10.44,0.17,-0.28,0.61,0.96,0.55,0.21,0.16,0.4,0.23
2,0.13,0.13,3.91,3.09,0.54,-0.34,10.44,0.17,-0.28,0.61,0.96,0.55,0.21,0.16,0.4,0.23
2,0.13,0.13,3.91,3.09,0.54,-0.34,10.44,0.17,-0.28,0.61,0.96,0.55,0.21,0.16,0.4,0.23
2,0.13,0.13,3.91,3.09,0.54,-0.34,10.44,0.17,-0.28,0.61,0.96,0.55,0.21,0.16,0.4,0.23
2,0.13,0.13,3.91,3.09,0.54,-0.34,10.44,0.17,-0.28,0.61,0.96,0.55,0.21,0.16,0.4,0.23
2,0.13,0.13,3.91,3.09,0.54,-0.34,10.44,0.17,-0.28,0.61,0.96,0.55,0.21,0.16,0.4,0.23
2,0.13,0.13,3.91,3.09,0.54,-0.34,10.44,0.17,-0.28,0.61,0.96,0.55,0.21,0.16,0.4,0.23
2,0.13,0.13,3.91,3.09,0.54,-0.34,10.44,0.17,-0.28,0.61,0.96,0.55,0.21,0.16,0.4,0.23
2,0.13,0.13,3.91,3.09,0.54,-0.34,10.44,0.17,-0.28,0.61,0.96,0.55,0.21,0.16,0.4,0.23
2,0.13,0.13,3.91,3.09,0.54,-0.34,10.44,0.17,-0.28,0.61,0.96,0.55,0.21,0.16,0.4,0.23
2,0.13,0.13,3.91,3.09,0.54,-0.34,10.44,0.17,-0.28,0.61,0.96,0.55,0.21,0.16,0.4,0.23
2,0.16,0.19,4.04,33.54,0.79,-0.67,10.37,0.19,-1.34,0.67,0.97,0.84,0.17,0.11,0.43,0.15
2,0.16,0.19,4.04,33.54,0.79,-0.67,10.37,0.19,-1.34,0.67,0.97,0.84,0.17,0.11,0.43,0.15
2,0.16,0.19,4.04,33.54,0.79,-0.67,10.37,0.19,-1.34,0.67,0.97,0.84,0.17,0.11,0.43,0.15
2,0.16,0.19,4.04,33.54,0.79,-0.67,10.37,0.19,-1.34,0.67,0.97,0.84,0.17,0.11,0.43,0.15
2,0.16,0.19,4.04,33.54,0.79,-0.67,10.37,0.19,-1.34,0.67,0.97,0.84,0.17,0.11,0.43,0.15
2,0.16,0.19,4.04,33.54,0.79,-0.67,10.37,0.19,-1.34,0.67,0.97,0.84,0.17,0.11,0.43,0.15
2,0.16,0.19,4.04,33.54,0.79,-0.67,10.37,0.19,-1.34,0.67,0.97,0.84,0.17,0.11,0.43,0.15
2,0.16,0.19,4.04,33.54,0.79,-0.67,10.37,0.19,-1.34,0.67,0.97,0.84,0.17,0.11,0.43,0.15
2,0.16,0.19,4.04,33.54,0.79,-0.67,10.37,0.19,-1.34,0.67,0.97,0.84,0.17,0.11,0.43,0.15
2,0.16,0.19,4.04,33.54,0.79,-0.67,10.37,0.19,-1.34,0.67,0.97,0.84,0.17,0.11,0.43,0.15
2,0.16,0.19,4.04,33.54,0.79,-0.67,10.37,0.19,-1.34,0.67,0.97,0.84,0.17,0.11,0.43,0.15
2,0.16,0.19,4.04,33.54,0.79,-0.67,10.37,0.19,-1.34,0.67,0.97,0.84,0.17,0.11,0.43,0.15
2,0.14,0.15,3.85,14.72,0.79,-0.18,10.48,0.16,-0.59,0.72,0.97,0.63,0.12,0.12,0.37,0.15
2,0.14,0.15,3.85,14.72,0.79,-0.18,10.48,0.16,-0.59,0.72,0.97,0.63,0.12,0.12,0.37,0.15
2,0.14,0.15,3.85,14.72,0.79,-0.18,10.48,0.16,-0.59,0.72,0.97,0.63,0.12,0.12,0.37,0.15
2,0.14,0.15,3.85,14.72,0.79,-0.18,10.48,0.16,-0.59,0.72,0.97,0.63,0.12,0.12,0.37,0.15
2,0.14,0.15,3.85,14.72,0.79,-0.18,10.48,0.16,-0.59,0.72,0.97,0.63,0.12,0.12,0.37,0.15
2,0.14,0.15,3.85,14.72,0.79,-0.18,10.48,0.16,-0.59,0.72,0.97,0.63,0.12,0.12,0.37,0.15
2,0.14,0.15,3.85,14.72,0.79,-0.18,10.48,0.16,-0.59,0.72,0.97,0.63,0.12,0.12,0.37,0.15
2,0.14,0.15,3.85,14.72,0.79,-0.18,10.48,0.16,-0.59,0.72,0.97,0.63,0.12,0.12,0.37,0.15
2,0.14,0.15,3.85,14.72,0.79,-0.18,10.48,0.16,-0.59,0.72,0.97,0.63,0.12,0.12,0.37,0.15
2,0.14,0.15,3.85,14.72,0.79,-0.18,10.48,0.16,-0.59,0.72,0.97,0.63,0.12,0.12,0.37,0.15
2,0.14,0.15,3.85,14.72,0.79,-0.18,10.48,0.16,-0.59,0.72,0.97,0.63,0.12,0.12,0.37,0.15
2,0.14,0.15,3.85,14.72,0.79,-0.18,10.48,0.16,-0.59,0.72,0.97,0.63,0.12,0.12,0.37,0.15
2,0.16,0.14,3.87,30.1,0.65,-0.92,10.61,0.14,-0.28,0.53,0.97,0.75,0.15,0.1,0.28,0.17
2,0.16,0.14,3.87,30.1,0.65,-0.92,10.61,0.14,-0.28,0.53,0.97,0.75,0.15,0.1,0.28,0.17
2,0.16,0.14,3.87,30.1,0.65,-0.92,10.61,0.14,-0.28,0.53,0.97,0.75,0.15,0.1,0.28,0.17
2,0.16,0.14,3.87,30.1,0.65,-0.92,10.61,0.14,-0.28,0.53,0.97,0.75,0.15,0.1,0.28,0.17
2,0.16,0.14,3.87,30.1,0.65,-0.92,10.61,0.14,-0.28,0.53,0.97,0.75,0.15,0.1,0.28,0.17
2,0.16,0.14,3.87,30.1,0.65,-0.92,10.61,0.14,-0.28,0.53,0.97,0.75,0.15,0.1,0.28,0.17
2,0.16,0.14,3.87,30.1,0.65,-0.92,10.61,0.14,-0.28,0.53,0.97,0.75,0.15,0.1,0.28,0.17
2,0.16,0.14,3.87,30.1,0.65,-0.92,10.61,0.14,-0.28,0.53,0.97,0.75,0.15,0.1,0.28,0.17
2,0.16,0.14,3.87,30.1,0.65,-0.92,10.61,0.14,-0.28,0.53,0.97,0.75,0.15,0.1,0.28,0.17
2,0.16,0.14,3.87,30.1,0.65,-0.92,10.61,0.14,-0.28,0.53,0.97,0.75,0.15,0.1,0.28,0.17
2,0.16,0.14,3.87,30.1,0.65,-0.92,10.61,0.14,-0.28,0.53,0.97,0.75,0.15,0.1,0.28,0.17
2,0.16,0.14,3.87,30.1,0.65,-0.92,10.61,0.14,-0.28,0.53,0.97,0.75,0.15,0.1,0.28,0.17
2,0.15,0.17,3.79,5.11,0.61,-0.72,10.75,0.11,-0.02,0.54,0.97,0.67,0.14,0.09,0.38,0.26
2,0.15,0.17,3.79,5.11,0.61,-0.72,10.75,0.11,-0.02,0.54,0.97,0.67,0.14,0.09,0.38,0.26
2,0.15,0.17,3.79,5.11,0.61,-0.72,10.75,0.11,-0.02,0.54,0.97,0.67,0.14,0.09,0.38,0.26
2,0.15,0.17,3.79,5.11,0.61,-0.72,10.75,0.11,-0.02,0.54,0.97,0.67,0.14,0.09,0.38,0.26
2,0.15,0.17,3.79,5.11,0.61,-0.72,10.75,0.11,-0.02,0.54,0.97,0.67,0.14,0.09,0.38,0.26
2,0.15,0.17,3.79,5.11,0.61,-0.72,10.75,0.11,-0.02,0.54,0.97,0.67,0.14,0.09,0.38,0.26
2,0.15,0.17,3.79,5.11,0.61,-0.72,10.75,0.11,-0.02,0.54,0.97,0.67,0.14,0.09,0.38,0.26
2,0.15,0.17,3.79,5.11,0.61,-0.72,10.75,0.11,-0.02,0.54,0.97,0.67,0.14,0.09,0.38,0.26
2,0.15,0.17,3.79,5.11,0.61,-0.72,10.75,0.11,-0.02,0.54,0.97,0.67,0.14,0.09,0.38,0.26
2,0.15,0.17,3.79,5.11,0.61,-0.72,10.75,0.11,-0.02,0.54,0.97,0.67,0.14,0.09,0.38,0.26
2,0.15,0.17,3.79,5.11,0.61,-0.72,10.75,0.11,-0.02,0.54,0.97,0.67,0.14,0.09,0.38,0.26
2,0.15,0.17,3.79,5.11,0.61,-0.72,10.75,0.11,-0.02,0.54,0.97,0.67,0.14,0.09,0.38,0.26
2,0.09,0.12,3.74,20.48,0.49,-0.82,10.55,0.07,-2.18,0.76,0.97,0.68,0.14,0.08,0.29,0.18
2,0.09,0.12,3.74,20.48,0.49,-0.82,10.55,0.07,-2.18,0.76,0.97,0.68,0.14,0.08,0.29,0.18
2,0.09,0.12,3.74,20.48,0.49,-0.82,10.55,0.07,-2.18,0.76,0.97,0.68,0.14,0.08,0.29,0.18
2,0.09,0.12,3.74,20.48,0.49,-0.82,10.55,0.07,-2.18,0.76,0.97,0.68,0.14,0.08,0.29,0.18
2,0.09,0.12,3.74,20.48,0.49,-0.82,10.55,0.07,-2.18,0.76,0.97,0.68,0.14,0.08,0.29,0.18
2,0.09,0.12,3.74,20.48,0.49,-0.82,10.55,0.07,-2.18,0.76,0.97,0.68,0.14,0.08,0.29,0.18
2,0.09,0.12,3.74,20.48,0.49,-0.82,10.55,0.07,-2.18,0.76,0.97,0.68,0.14,0.08,0.29,0.18
2,0.09,0.12,3.74,20.48,0.49,-0.82,10.55,0.07,-2.18,0.76,0.97,0.68,0.14,0.08,0.29,0.18
2,0.09,0.12,3.74,20.48,0.49,-0.82,10.55,0.07,-2.18,0.76,0.97,0.68,0.14,0.08,0.29,0.18
2,0.09,0.12,3.74,20.48,0.49,-0.82,10.55,0.07,-2.18,0.76,0.97,0.68,0.14,0.08,0.29,0.18
2,0.09,0.12,3.74,20.48,0.49,-0.82,10.55,0.07,-2.18,0.76,0.97,0.68,0.14,0.08,0.29,0.18
2,0.09,0.12,3.74,20.48,0.49,-0.82,10.55,0.07,-2.18,0.76,0.97,0.68,0.14,0.08,0.29,0.18
2,0.15,0.15,4.35,16.92,0.5,-0.48,9.87,0.15,-1.47,0.61,0.96,0.76,0.18,0.14,0.44,0.2
2,0.15,0.15,4.35,16.92,0.5,-0.48,9.87,0.15,-1.47,0.61,0.96,0.76,0.18,0.14,0.44,0.2
2,0.15,0.15,4.35,16.92,0.5,-0.48,9.87,0.15,-1.47,0.61,0.96,0.76,0.18,0.14,0.44,0.2
2,0.15,0.15,4.35,16.92,0.5,-0.48,9.87,0.15,-1.47,0.61,0.96,0.76,0.18,0.14,0.44,0.2
2,0.15,0.15,4.35,16.92,0.5,-0.48,9.87,0.15,-1.47,0.61,0.96,0.76,0.18,0.14,0.44,0.2
2,0.15,0.15,4.35,16.92,0.5,-0.48,9.87,0.15,-1.47,0.61,0.96,0.76,0.18,0.14,0.44,0.2
2,0.15,0.15,4.35,16.92,0.5,-0.48,9.87,0.15,-1.47,0.61,0.96,0.76,0.18,0.14,0.44,0.2
2,0.15,0.15,4.35,16.92,0.5,-0.48,9.87,0.15,-1.47,0.61,0.96,0.76,0.18,0.14,0.44,0.2
2,0.15,0.15,4.35,16.92,0.5,-0.48,9.87,0.15,-1.47,0.61,0.96,0.76,0.18,0.14,0.44,0.2
2,0.15,0.15,4.35,16.92,0.5,-0.48,9.87,0.15,-1.47,0.61,0.96,0.76,0.18,0.14,0.44,0.2
2,0.15,0.15,4.35,16.92,0.5,-0.48,9.87,0.15,-1.47,0.61,0.96,0.76,0.18,0.14,0.44,0.2
2,0.15,0.15,4.35,16.92,0.5,-0.48,9.87,0.15,-1.47,0.61,0.96,0.76,0.18,0.14,0.44,0.2
2,0.16,0.17,4.08,48.64,0.77,-1.2,9.86,0.16,-2.1,0.64,0.91,0.91,0.23,0.14,0.32,0.09
2,0.16,0.17,4.08,48.64,0.77,-1.2,9.86,0.16,-2.1,0.64,0.91,0.91,0.23,0.14,0.32,0.09
2,0.16,0.17,4.08,48.64,0.77,-1.2,9.86,0.16,-2.1,0.64,0.91,0.91,0.23,0.14,0.32,0.09
2,0.16,0.17,4.08,48.64,0.77,-1.2,9.86,0.16,-2.1,0.64,0.91,0.91,0.23,0.14,0.32,0.09
2,0.16,0.17,4.08,48.64,0.77,-1.2,9.86,0.16,-2.1,0.64,0.91,0.91,0.23,0.14,0.32,0.09
2,0.16,0.17,4.08,48.64,0.77,-1.2,9.86,0.16,-2.1,0.64,0.91,0.91,0.23,0.14,0.32,0.09
2,0.16,0.17,4.08,48.64,0.77,-1.2,9.86,0.16,-2.1,0.64,0.91,0.91,0.23,0.14,0.32,0.09
2,0.16,0.17,4.08,48.64,0.77,-1.2,9.86,0.16,-2.1,0.64,0.91,0.91,0.23,0.14,0.32,0.09
2,0.16,0.17,4.08,48.64,0.77,-1.2,9.86,0.16,-2.1,0.64,0.91,0.91,0.23,0.14,0.32,0.09
2,0.16,0.17,4.08,48.64,0.77,-1.2,9.86,0.16,-2.1,0.64,0.91,0.91,0.23,0.14,0.32,0.09
2,0.16,0.17,4.08,48.64,0.77,-1.2,9.86,0.16,-2.1,0.64,0.91,0.91,0.23,0.14,0.32,0.09
2,0.16,0.17,4.08,48.64,0.77,-1.2,9.86,0.16,-2.1,0.64,0.91,0.91,0.23,0.14,0.32,0.09
2,0.18,0.17,3.83,0.67,0.32,0.3,9.97,0.1,1.1,0.37,0.95,0.8,0.11,0.04,0.4,0.08
2,0.18,0.17,3.83,0.67,0.32,0.3,9.97,0.1,1.1,0.37,0.95,0.8,0.11,0.04,0.4,0.08
2,0.18,0.17,3.83,0.67,0.32,0.3,9.97,0.1,1.1,0.37,0.95,0.8,0.11,0.04,0.4,0.08
2,0.18,0.17,3.83,0.67,0.32,0.3,9.97,0.1,1.1,0.37,0.95,0.8,0.11,0.04,0.4,0.08
2,0.18,0.17,3.83,0.67,0.32,0.3,9.97,0.1,1.1,0.37,0.95,0.8,0.11,0.04,0.4,0.08
2,0.18,0.17,3.83,0.67,0.32,0.3,9.97,0.1,1.1,0.37,0.95,0.8,0.11,0.04,0.4,0.08
2,0.18,0.17,3.83,0.67,0.32,0.3,9.97,0.1,1.1,0.37,0.95,0.8,0.11,0.04,0.4,0.08
2,0.18,0.17,3.83,0.67,0.32,0.3,9.97,0.1,1.1,0.37,0.95,0.8,0.11,0.04,0.4,0.08
2,0.18,0.17,3.83,0.67,0.32,0.3,9.97,0.1,1.1,0.37,0.95,0.8,0.11,0.04,0.4,0.08
2,0.18,0.17,3.83,0.67,0.32,0.3,9.97,0.1,1.1,0.37,0.95,0.8,0.11,0.04,0.4,0.08
2,0.18,0.17,3.83,0.67,0.32,0.3,9.97,0.1,1.1,0.37,0.95,0.8,0.11,0.04,0.4,0.08
2,0.18,0.17,3.83,0.67,0.32,0.3,9.97,0.1,1.1,0.37,0.95,0.8,0.11,0.04,0.4,0.08
2,0.17,0.1,3.99,5.93,0.52,-1.3,9.93,0.15,-0.88,0.63,0.93,0.81,0.13,0.18,0.45,0.17
2,0.17,0.1,3.99,5.93,0.52,-1.3,9.93,0.15,-0.88,0.63,0.93,0.81,0.13,0.18,0.45,0.17
2,0.17,0.1,3.99,5.93,0.52,-1.3,9.93,0.15,-0.88,0.63,0.93,0.81,0.13,0.18,0.45,0.17
2,0.17,0.1,3.99,5.93,0.52,-1.3,9.93,0.15,-0.88,0.63,0.93,0.81,0.13,0.18,0.45,0.17
2,0.17,0.1,3.99,5.93,0.52,-1.3,9.93,0.15,-0.88,0.63,0.93,0.81,0.13,0.18,0.45,0.17
2,0.17,0.1,3.99,5.93,0.52,-1.3,9.93,0.15,-0.88,0.63,0.93,0.81,0.13,0.18,0.45,0.17
2,0.17,0.1,3.99,5.93,0.52,-1.3,9.93,0.15,-0.88,0.63,0.93,0.81,0.13,0.18,0.45,0.17
2,0.17,0.1,3.99,5.93,0.52,-1.3,9.93,0.15,-0.88,0.63,0.93,0.81,0.13,0.18,0.45,0.17
2,0.17,0.1,3.99,5.93,0.52,-1.3,9.93,0.15,-0.88,0.63,0.93,0.81,0.13,0.18,0.45,0.17
2,0.17,0.1,3.99,5.93,0.52,-1.3,9.93,0.15,-0.88,0.63,0.93,0.81,0.13,0.18,0.45,0.17
2,0.17,0.1,3.99,5.93,0.52,-1.3,9.93,0.15,-0.88,0.63,0.93,0.81,0.13,0.18,0.45,0.17
2,0.17,0.1,3.99,5.93,0.52,-1.3,9.93,0.15,-0.88,0.63,0.93,0.81,0.13,0.18,0.45,0.17
2,0.06,0.14,3.91,3.42,0.72,0.27,10.46,0.06,-0.42,0.8,0.95,0.62,0.1,0.11,0.53,0.17
2,0.06,0.14,3.91,3.42,0.72,0.27,10.46,0.06,-0.42,0.8,0.95,0.62,0.1,0.11,0.53,0.17
2,0.06,0.14,3.91,3.42,0.72,0.27,10.46,0.06,-0.42,0.8,0.95,0.62,0.1,0.11,0.53,0.17
2,0.06,0.14,3.91,3.42,0.72,0.27,10.46,0.06,-0.42,0.8,0.95,0.62,0.1,0.11,0.53,0.17
2,0.06,0.14,3.91,3.42,0.72,0.27,10.46,0.06,-0.42,0.8,0.95,0.62,0.1,0.11,0.53,0.17
2,0.06,0.14,3.91,3.42,0.72,0.27,10.46,0.06,-0.42,0.8,0.95,0.62,0.1,0.11,0.53,0.17
2,0.06,0.14,3.91,3.42,0.72,0.27,10.46,0.06,-0.42,0.8,0.95,0.62,0.1,0.11,0.53,0.17
2,0.06,0.14,3.91,3.42,0.72,0.27,10.46,0.06,-0.42,0.8,0.95,0.62,0.1,0.11,0.53,0.17
2,0.06,0.14,3.91,3.42,0.72,0.27,10.46,0.06,-0.42,0.8,0.95,0.62,0.1,0.11,0.53,0.17
2,0.06,0.14,3.91,3.42,0.72,0.27,10.46,0.06,-0.42,0.8,0.95,0.62,0.1,0.11,0.53,0.17
2,0.06,0.14,3.91,3.42,0.72,0.27,10.46,0.06,-0.42,0.8,0.95,0.62,0.1,0.11,0.53,0.17
2,0.06,0.14,3.91,3.42,0.72,0.27,10.46,0.06,-0.42,0.8,0.95,0.62,0.1,0.11,0.53,0.17
2,0.11,0.08,3.65,10.18,0.72,-1.15,10.72,0.14,-0.45,0.59,0.98,0.7,0.11,0.08,0.26,0.19
2,0.11,0.08,3.65,10.18,0.72,-1.15,10.72,0.14,-0.45,0.59,0.98,0.7,0.11,0.08,0.26,0.19
2,0.11,0.08,3.65,10.18,0.72,-1.15,10.72,0.14,-0.45,0.59,0.98,0.7,0.11,0.08,0.26,0.19
2,0.11,0.08,3.65,10.18,0.72,-1.15,10.72,0.14,-0.45,0.59,0.98,0.7,0.11,0.08,0.26,0.19
2,0.11,0.08,3.65,10.18,0.72,-1.15,10.72,0.14,-0.45,0.59,0.98,0.7,0.11,0.08,0.26,0.19
2,0.11,0.08,3.65,10.18,0.72,-1.15,10.72,0.14,-0.45,0.59,0.98,0.7,0.11,0.08,0.26,0.19
2,0.11,0.08,3.65,10.18,0.72,-1.15,10.72,0.14,-0.45,0.59,0.98,0.7,0.11,0.08,0.26,0.19
2,0.11,0.08,3.65,10.18,0.72,-1.15,10.72,0.14,-0.45,0.59,0.98,0.7,0.11,0.08,0.26,0.19
2,0.11,0.08,3.65,10.18,0.72,-1.15,10.72,0.14,-0.45,0.59,0.98,0.7,0.11,0.08,0.26,0.19
2,0.11,0.08,3.65,10.18,0.72,-1.15,10.72,0.14,-0.45,0.59,0.98,0.7,0.11,0.08,0.26,0.19
2,0.11,0.08,3.65,10.18,0.72,-1.15,10.72,0.14,-0.45,0.59,0.98,0.7,0.11,0.08,0.26,0.19
2,0.11,0.08,3.65,10.18,0.72,-1.15,10.72,0.14,-0.45,0.59,0.98,0.7,0.11,0.08,0.26,0.19
2,0.13,0.11,3.8,10.45,0.26,0.79,10.0,0.11,2.33,0.27,0.96,0.56,0.13,0.08,0.44,0.2
2,0.13,0.11,3.8,10.45,0.26,0.79,10.0,0.11,2.33,0.27,0.96,0.56,0.13,0.08,0.44,0.2
2,0.13,0.11,3.8,10.45,0.26,0.79,10.0,0.11,2.33,0.27,0.96,0.56,0.13,0.08,0.44,0.2
2,0.13,0.11,3.8,10.45,0.26,0.79,10.0,0.11,2.33,0.27,0.96,0.56,0.13,0.08,0.44,0.2
2,0.13,0.11,3.8,10.45,0.26,0.79,10.0,0.11,2.33,0.27,0.96,0.56,0.13,0.08,0.44,0.2
2,0.13,0.11,3.8,10.45,0.26,0.79,10.0,0.11,2.33,0.27,0.96,0.56,0.13,0.08,0.44,0.2
2,0.13,0.11,3.8,10.45,0.26,0.79,10.0,0.11,2.33,0.27,0.96,0.56,0.13,0.08,0.44,0.2
2,0.13,0.11,3.8,10.45,0.26,0.79,10.0,0.11,2.33,0.27,0.96,0.56,0.13,0.08,0.44,0.2
2,0.13,0.11,3.8,10.45,0.26,0.79,10.0,0.11,2.33,0.27,0.96,0.56,0.13,0.08,0.44,0.2
2,0.13,0.11,3.8,10.45,0.26,0.79,10.0,0.11,2.33,0.27,0.96,0.56,0.13,0.08,0.44,0.2
2,0.13,0.11,3.8,10.45,0.26,0.79,10.0,0.11,2.33,0.27,0.96,0.56,0.13,0.08,0.44,0.2
2,0.13,0.11,3.8,10.45,0.26,0.79,10.0,0.11,2.33,0.27,0.96,0.56,0.13,0.08,0.44,0.2
2,0.13,0.11,3.79,10.46,0.26,0.79,10.0,0.11,2.33,0.27,0.96,0.56,0.13,0.08,0.44,0.2
2,0.13,0.11,3.79,10.46,0.26,0.79,10.0,0.11,2.33,0.27,0.96,0.56,0.13,0.08,0.44,0.2
2,0.13,0.11,3.79,10.46,0.26,0.79,10.0,0.11,2.33,0.27,0.96,0.56,0.13,0.08,0.44,0.2
2,0.13,0.11,3.79,10.46,0.26,0.79,10.0,0.11,2.33,0.27,0.96,0.56,0.13,0.08,0.44,0.2
2,0.13,0.11,3.79,10.46,0.26,0.79,10.0,0.11,2.33,0.27,0.96,0.56,0.13,0.08,0.44,0.2
2,0.13,0.11,3.79,10.46,0.26,0.79,10.0,0.11,2.33,0.27,0.96,0.56,0.13,0.08,0.44,0.2
2,0.13,0.11,3.79,10.46,0.26,0.79,10.0,0.11,2.33,0.27,0.96,0.56,0.13,0.08,0.44,0.2
2,0.13,0.11,3.79,10.46,0.26,0.79,10.0,0.11,2.33,0.27,0.96,0.56,0.13,0.08,0.44,0.2
2,0.13,0.11,3.79,10.46,0.26,0.79,10.0,0.11,2.33,0.27,0.96,0.56,0.13,0.08,0.44,0.2
2,0.13,0.11,3.79,10.46,0.26,0.79,10.0,0.11,2.33,0.27,0.96,0.56,0.13,0.08,0.44,0.2
2,0.13,0.11,3.79,10.46,0.26,0.79,10.0,0.11,2.33,0.27,0.96,0.56,0.13,0.08,0.44,0.2
2,0.13,0.11,3.79,10.46,0.26,0.79,10.0,0.11,2.33,0.27,0.96,0.56,0.13,0.08,0.44,0.2
2,0.1,0.14,3.8,4.06,0.57,0.2,10.6,0.11,-0.13,0.7,0.96,0.59,0.11,0.1,0.5,0.14
2,0.1,0.14,3.8,4.06,0.57,0.2,10.6,0.11,-0.13,0.7,0.96,0.59,0.11,0.1,0.5,0.14
2,0.1,0.14,3.8,4.06,0.57,0.2,10.6,0.11,-0.13,0.7,0.96,0.59,0.11,0.1,0.5,0.14
2,0.1,0.14,3.8,4.06,0.57,0.2,10.6,0.11,-0.13,0.7,0.96,0.59,0.11,0.1,0.5,0.14
2,0.1,0.14,3.8,4.06,0.57,0.2,10.6,0.11,-0.13,0.7,0.96,0.59,0.11,0.1,0.5,0.14
2,0.1,0.14,3.8,4.06,0.57,0.2,10.6,0.11,-0.13,0.7,0.96,0.59,0.11,0.1,0.5,0.14
2,0.1,0.14,3.8,4.06,0.57,0.2,10.6,0.11,-0.13,0.7,0.96,0.59,0.11,0.1,0.5,0.14
2,0.1,0.14,3.8,4.06,0.57,0.2,10.6,0.11,-0.13,0.7,0.96,0.59,0.11,0.1,0.5,0.14
2,0.1,0.14,3.8,4.06,0.57,0.2,10.6,0.11,-0.13,0.7,0.96,0.59,0.11,0.1,0.5,0.14
2,0.1,0.14,3.8,4.06,0.57,0.2,10.6,0.11,-0.13,0.7,0.96,0.59,0.11,0.1,0.5,0.14
2,0.1,0.14,3.8,4.06,0.57,0.2,10.6,0.11,-0.13,0.7,0.96,0.59,0.11,0.1,0.5,0.14
2,0.1,0.14,3.8,4.06,0.57,0.2,10.6,0.11,-0.13,0.7,0.96,0.59,0.11,0.1,0.5,0.14
2,0.16,0.22,3.73,8.85,0.36,1.27,10.61,0.14,-0.3,0.47,0.94,0.9,0.15,0.04,0.54,0.13
2,0.16,0.22,3.73,8.85,0.36,1.27,10.61,0.14,-0.3,0.47,0.94,0.9,0.15,0.04,0.54,0.13
2,0.16,0.22,3.73,8.85,0.36,1.27,10.61,0.14,-0.3,0.47,0.94,0.9,0.15,0.04,0.54,0.13
2,0.16,0.22,3.73,8.85,0.36,1.27,10.61,0.14,-0.3,0.47,0.94,0.9,0.15,0.04,0.54,0.13
2,0.16,0.22,3.73,8.85,0.36,1.27,10.61,0.14,-0.3,0.47,0.94,0.9,0.15,0.04,0.54,0.13
2,0.16,0.22,3.73,8.85,0.36,1.27,10.61,0.14,-0.3,0.47,0.94,0.9,0.15,0.04,0.54,0.13
2,0.16,0.22,3.73,8.85,0.36,1.27,10.61,0.14,-0.3,0.47,0.94,0.9,0.15,0.04,0.54,0.13
2,0.16,0.22,3.73,8.85,0.36,1.27,10.61,0.14,-0.3,0.47,0.94,0.9,0.15,0.04,0.54,0.13
2,0.16,0.22,3.73,8.85,0.36,1.27,10.61,0.14,-0.3,0.47,0.94,0.9,0.15,0.04,0.54,0.13
2,0.16,0.22,3.73,8.85,0.36,1.27,10.61,0.14,-0.3,0.47,0.94,0.9,0.15,0.04,0.54,0.13
2,0.16,0.22,3.73,8.85,0.36,1.27,10.61,0.14,-0.3,0.47,0.94,0.9,0.15,0.04,0.54,0.13
2,0.16,0.22,3.73,8.85,0.36,1.27,10.61,0.14,-0.3,0.47,0.94,0.9,0.15,0.04,0.54,0.13
2,0.13,0.15,3.92,1.49,0.56,0.64,10.43,0.22,-0.14,0.6,0.96,0.72,0.17,0.13,0.64,0.27
2,0.13,0.15,3.92,1.49,0.56,0.64,10.43,0.22,-0.14,0.6,0.96,0.72,0.17,0.13,0.64,0.27
2,0.13,0.15,3.92,1.49,0.56,0.64,10.43,0.22,-0.14,0.6,0.96,0.72,0.17,0.13,0.64,0.27
2,0.13,0.15,3.92,1.49,0.56,0.64,10.43,0.22,-0.14,0.6,0.96,0.72,0.17,0.13,0.64,0.27
2,0.13,0.15,3.92,1.49,0.56,0.64,10.43,0.22,-0.14,0.6,0.96,0.72,0.17,0.13,0.64,0.27
2,0.13,0.15,3.92,1.49,0.56,0.64,10.43,0.22,-0.14,0.6,0.96,0.72,0.17,0.13,0.64,0.27
2,0.13,0.15,3.92,1.49,0.56,0.64,10.43,0.22,-0.14,0.6,0.96,0.72,0.17,0.13,0.64,0.27
2,0.13,0.15,3.92,1.49,0.56,0.64,10.43,0.22,-0.14,0.6,0.96,0.72,0.17,0.13,0.64,0.27
2,0.13,0.15,3.92,1.49,0.56,0.64,10.43,0.22,-0.14,0.6,0.96,0.72,0.17,0.13,0.64,0.27
2,0.13,0.15,3.92,1.49,0.56,0.64,10.43,0.22,-0.14,0.6,0.96,0.72,0.17,0.13,0.64,0.27
2,0.13,0.15,3.92,1.49,0.56,0.64,10.43,0.22,-0.14,0.6,0.96,0.72,0.17,0.13,0.64,0.27
2,0.13,0.15,3.92,1.49,0.56,0.64,10.43,0.22,-0.14,0.6,0.96,0.72,0.17,0.13,0.64,0.27
2,0.12,0.13,3.83,6.5,0.56,0.61,10.54,0.15,1.06,0.52,0.95,0.69,0.14,0.09,0.56,0.16
2,0.12,0.13,3.83,6.5,0.56,0.61,10.54,0.15,1.06,0.52,0.95,0.69,0.14,0.09,0.56,0.16
2,0.12,0.13,3.83,6.5,0.56,0.61,10.54,0.15,1.06,0.52,0.95,0.69,0.14,0.09,0.56,0.16
2,0.12,0.13,3.83,6.5,0.56,0.61,10.54,0.15,1.06,0.52,0.95,0.69,0.14,0.09,0.56,0.16
2,0.12,0.13,3.83,6.5,0.56,0.61,10.54,0.15,1.06,0.52,0.95,0.69,0.14,0.09,0.56,0.16
2,0.12,0.13,3.83,6.5,0.56,0.61,10.54,0.15,1.06,0.52,0.95,0.69,0.14,0.09,0.56,0.16
2,0.12,0.13,3.83,6.5,0.56,0.61,10.54,0.15,1.06,0.52,0.95,0.69,0.14,0.09,0.56,0.16
2,0.12,0.13,3.83,6.5,0.56,0.61,10.54,0.15,1.06,0.52,0.95,0.69,0.14,0.09,0.56,0.16
2,0.12,0.13,3.83,6.5,0.56,0.61,10.54,0.15,1.06,0.52,0.95,0.69,0.14,0.09,0.56,0.16
2,0.12,0.13,3.83,6.5,0.56,0.61,10.54,0.15,1.06,0.52,0.95,0.69,0.14,0.09,0.56,0.16
2,0.12,0.13,3.83,6.5,0.56,0.61,10.54,0.15,1.06,0.52,0.95,0.69,0.14,0.09,0.56,0.16
2,0.12,0.13,3.83,6.5,0.56,0.61,10.54,0.15,1.06,0.52,0.95,0.69,0.14,0.09,0.56,0.16
2,0.21,0.21,3.84,1.53,0.52,0.17,10.59,0.21,0.09,0.46,0.97,0.75,0.15,0.12,0.46,0.26
2,0.21,0.21,3.84,1.53,0.52,0.17,10.59,0.21,0.09,0.46,0.97,0.75,0.15,0.12,0.46,0.26
2,0.21,0.21,3.84,1.53,0.52,0.17,10.59,0.21,0.09,0.46,0.97,0.75,0.15,0.12,0.46,0.26
2,0.21,0.21,3.84,1.53,0.52,0.17,10.59,0.21,0.09,0.46,0.97,0.75,0.15,0.12,0.46,0.26
2,0.21,0.21,3.84,1.53,0.52,0.17,10.59,0.21,0.09,0.46,0.97,0.75,0.15,0.12,0.46,0.26
2,0.21,0.21,3.84,1.53,0.52,0.17,10.59,0.21,0.09,0.46,0.97,0.75,0.15,0.12,0.46,0.26
2,0.21,0.21,3.84,1.53,0.52,0.17,10.59,0.21,0.09,0.46,0.97,0.75,0.15,0.12,0.46,0.26
2,0.21,0.21,3.84,1.53,0.52,0.17,10.59,0.21,0.09,0.46,0.97,0.75,0.15,0.12,0.46,0.26
2,0.21,0.21,3.84,1.53,0.52,0.17,10.59,0.21,0.09,0.46,0.97,0.75,0.15,0.12,0.46,0.26
2,0.21,0.21,3.84,1.53,0.52,0.17,10.59,0.21,0.09,0.46,0.97,0.75,0.15,0.12,0.46,0.26
2,0.21,0.21,3.84,1.53,0.52,0.17,10.59,0.21,0.09,0.46,0.97,0.75,0.15,0.12,0.46,0.26
2,0.21,0.21,3.84,1.53,0.52,0.17,10.59,0.21,0.09,0.46,0.97,0.75,0.15,0.12,0.46,0.26
2,0.13,0.13,3.8,1.18,0.6,-0.42,10.55,0.16,-0.29,0.66,0.97,0.89,0.15,0.01,0.47,0.06
2,0.13,0.13,3.8,1.18,0.6,-0.42,10.55,0.16,-0.29,0.66,0.97,0.89,0.15,0.01,0.47,0.06
2,0.13,0.13,3.8,1.18,0.6,-0.42,10.55,0.16,-0.29,0.66,0.97,0.89,0.15,0.01,0.47,0.06
2,0.13,0.13,3.8,1.18,0.6,-0.42,10.55,0.16,-0.29,0.66,0.97,0.89,0.15,0.01,0.47,0.06
2,0.13,0.13,3.8,1.18,0.6,-0.42,10.55,0.16,-0.29,0.66,0.97,0.89,0.15,0.01,0.47,0.06
2,0.13,0.13,3.8,1.18,0.6,-0.42,10.55,0.16,-0.29,0.66,0.97,0.89,0.15,0.01,0.47,0.06
2,0.13,0.13,3.8,1.18,0.6,-0.42,10.55,0.16,-0.29,0.66,0.97,0.89,0.15,0.01,0.47,0.06
2,0.13,0.13,3.8,1.18,0.6,-0.42,10.55,0.16,-0.29,0.66,0.97,0.89,0.15,0.01,0.47,0.06
2,0.13,0.13,3.8,1.18,0.6,-0.42,10.55,0.16,-0.29,0.66,0.97,0.89,0.15,0.01,0.47,0.06
2,0.13,0.13,3.8,1.18,0.6,-0.42,10.55,0.16,-0.29,0.66,0.97,0.89,0.15,0.01,0.47,0.06
2,0.13,0.13,3.8,1.18,0.6,-0.42,10.55,0.16,-0.29,0.66,0.97,0.89,0.15,0.01,0.47,0.06
2,0.13,0.13,3.8,1.18,0.6,-0.42,10.55,0.16,-0.29,0.66,0.97,0.89,0.15,0.01,0.47,0.06
2,0.1,0.15,3.79,2.33,0.63,0.08,10.59,0.08,0.18,0.66,0.97,0.72,0.1,0.05,0.39,0.08
2,0.1,0.15,3.79,2.33,0.63,0.08,10.59,0.08,0.18,0.66,0.97,0.72,0.1,0.05,0.39,0.08
2,0.1,0.15,3.79,2.33,0.63,0.08,10.59,0.08,0.18,0.66,0.97,0.72,0.1,0.05,0.39,0.08
2,0.1,0.15,3.79,2.33,0.63,0.08,10.59,0.08,0.18,0.66,0.97,0.72,0.1,0.05,0.39,0.08
2,0.1,0.15,3.79,2.33,0.63,0.08,10.59,0.08,0.18,0.66,0.97,0.72,0.1,0.05,0.39,0.08
2,0.1,0.15,3.79,2.33,0.63,0.08,10.59,0.08,0.18,0.66,0.97,0.72,0.1,0.05,0.39,0.08
2,0.1,0.15,3.79,2.33,0.63,0.08,10.59,0.08,0.18,0.66,0.97,0.72,0.1,0.05,0.39,0.08
2,0.1,0.15,3.79,2.33,0.63,0.08,10.59,0.08,0.18,0.66,0.97,0.72,0.1,0.05,0.39,0.08
2,0.1,0.15,3.79,2.33,0.63,0.08,10.59,0.08,0.18,0.66,0.97,0.72,0.1,0.05,0.39,0.08
2,0.1,0.15,3.79,2.33,0.63,0.08,10.59,0.08,0.18,0.66,0.97,0.72,0.1,0.05,0.39,0.08
2,0.1,0.15,3.79,2.33,0.63,0.08,10.59,0.08,0.18,0.66,0.97,0.72,0.1,0.05,0.39,0.08
2,0.1,0.15,3.79,2.33,0.63,0.08,10.59,0.08,0.18,0.66,0.97,0.72,0.1,0.05,0.39,0.08
2,0.13,0.15,3.9,2.54,0.42,0.39,10.37,0.12,0.47,0.51,0.97,0.81,0.18,0.06,0.46,0.21
2,0.13,0.15,3.9,2.54,0.42,0.39,10.37,0.12,0.47,0.51,0.97,0.81,0.18,0.06,0.46,0.21
2,0.13,0.15,3.9,2.54,0.42,0.39,10.37,0.12,0.47,0.51,0.97,0.81,0.18,0.06,0.46,0.21
2,0.13,0.15,3.9,2.54,0.42,0.39,10.37,0.12,0.47,0.51,0.97,0.81,0.18,0.06,0.46,0.21
2,0.13,0.15,3.9,2.54,0.42,0.39,10.37,0.12,0.47,0.51,0.97,0.81,0.18,0.06,0.46,0.21
2,0.13,0.15,3.9,2.54,0.42,0.39,10.37,0.12,0.47,0.51,0.97,0.81,0.18,0.06,0.46,0.21
2,0.13,0.15,3.9,2.54,0.42,0.39,10.37,0.12,0.47,0.51,0.97,0.81,0.18,0.06,0.46,0.21
2,0.13,0.15,3.9,2.54,0.42,0.39,10.37,0.12,0.47,0.51,0.97,0.81,0.18,0.06,0.46,0.21
2,0.13,0.15,3.9,2.54,0.42,0.39,10.37,0.12,0.47,0.51,0.97,0.81,0.18,0.06,0.46,0.21
2,0.13,0.15,3.9,2.54,0.42,0.39,10.37,0.12,0.47,0.51,0.97,0.81,0.18,0.06,0.46,0.21
2,0.13,0.15,3.9,2.54,0.42,0.39,10.37,0.12,0.47,0.51,0.97,0.81,0.18,0.06,0.46,0.21
2,0.13,0.15,3.9,2.54,0.42,0.39,10.37,0.12,0.47,0.51,0.97,0.81,0.18,0.06,0.46,0.21
2,0.13,0.15,3.9,2.55,0.42,0.39,10.37,0.12,0.46,0.51,0.97,0.81,0.18,0.06,0.46,0.21
2,0.13,0.15,3.9,2.55,0.42,0.39,10.37,0.12,0.46,0.51,0.97,0.81,0.18,0.06,0.46,0.21
2,0.13,0.15,3.9,2.55,0.42,0.39,10.37,0.12,0.46,0.51,0.97,0.81,0.18,0.06,0.46,0.21
2,0.13,0.15,3.9,2.55,0.42,0.39,10.37,0.12,0.46,0.51,0.97,0.81,0.18,0.06,0.46,0.21
2,0.13,0.15,3.9,2.55,0.42,0.39,10.37,0.12,0.46,0.51,0.97,0.81,0.18,0.06,0.46,0.21
2,0.13,0.15,3.9,2.55,0.42,0.39,10.37,0.12,0.46,0.51,0.97,0.81,0.18,0.06,0.46,0.21
2,0.13,0.15,3.9,2.55,0.42,0.39,10.37,0.12,0.46,0.51,0.97,0.81,0.18,0.06,0.46,0.21
2,0.13,0.15,3.9,2.55,0.42,0.39,10.37,0.12,0.46,0.51,0.97,0.81,0.18,0.06,0.46,0.21
2,0.13,0.15,3.9,2.55,0.42,0.39,10.37,0.12,0.46,0.51,0.97,0.81,0.18,0.06,0.46,0.21
2,0.13,0.15,3.9,2.55,0.42,0.39,10.37,0.12,0.46,0.51,0.97,0.81,0.18,0.06,0.46,0.21
2,0.13,0.15,3.9,2.55,0.42,0.39,10.37,0.12,0.46,0.51,0.97,0.81,0.18,0.06,0.46,0.21
2,0.13,0.15,3.9,2.55,0.42,0.39,10.37,0.12,0.46,0.51,0.97,0.81,0.18,0.06,0.46,0.21
2,0.09,0.08,4.01,2.7,0.67,-0.71,10.21,0.11,-0.16,0.66,0.98,0.52,0.08,0.07,0.44,0.27
2,0.09,0.08,4.01,2.7,0.67,-0.71,10.21,0.11,-0.16,0.66,0.98,0.52,0.08,0.07,0.44,0.27
2,0.09,0.08,4.01,2.7,0.67,-0.71,10.21,0.11,-0.16,0.66,0.98,0.52,0.08,0.07,0.44,0.27
2,0.09,0.08,4.01,2.7,0.67,-0.71,10.21,0.11,-0.16,0.66,0.98,0.52,0.08,0.07,0.44,0.27
2,0.09,0.08,4.01,2.7,0.67,-0.71,10.21,0.11,-0.16,0.66,0.98,0.52,0.08,0.07,0.44,0.27
2,0.09,0.08,4.01,2.7,0.67,-0.71,10.21,0.11,-0.16,0.66,0.98,0.52,0.08,0.07,0.44,0.27
2,0.09,0.08,4.01,2.7,0.67,-0.71,10.21,0.11,-0.16,0.66,0.98,0.52,0.08,0.07,0.44,0.27
2,0.09,0.08,4.01,2.7,0.67,-0.71,10.21,0.11,-0.16,0.66,0.98,0.52,0.08,0.07,0.44,0.27
2,0.09,0.08,4.01,2.7,0.67,-0.71,10.21,0.11,-0.16,0.66,0.98,0.52,0.08,0.07,0.44,0.27
2,0.09,0.08,4.01,2.7,0.67,-0.71,10.21,0.11,-0.16,0.66,0.98,0.52,0.08,0.07,0.44,0.27
2,0.09,0.08,4.01,2.7,0.67,-0.71,10.21,0.11,-0.16,0.66,0.98,0.52,0.08,0.07,0.44,0.27
2,0.09,0.08,4.01,2.7,0.67,-0.71,10.21,0.11,-0.16,0.66,0.98,0.52,0.08,0.07,0.44,0.27
2,0.1,0.05,4.04,3.32,0.72,-0.77,10.18,0.1,-0.15,0.65,0.98,0.53,0.07,0.08,0.25,0.17
2,0.1,0.05,4.04,3.32,0.72,-0.77,10.18,0.1,-0.15,0.65,0.98,0.53,0.07,0.08,0.25,0.17
2,0.1,0.05,4.04,3.32,0.72,-0.77,10.18,0.1,-0.15,0.65,0.98,0.53,0.07,0.08,0.25,0.17
2,0.1,0.05,4.04,3.32,0.72,-0.77,10.18,0.1,-0.15,0.65,0.98,0.53,0.07,0.08,0.25,0.17
2,0.1,0.05,4.04,3.32,0.72,-0.77,10.18,0.1,-0.15,0.65,0.98,0.53,0.07,0.08,0.25,0.17
2,0.1,0.05,4.04,3.32,0.72,-0.77,10.18,0.1,-0.15,0.65,0.98,0.53,0.07,0.08,0.25,0.17
2,0.1,0.05,4.04,3.32,0.72,-0.77,10.18,0.1,-0.15,0.65,0.98,0.53,0.07,0.08,0.25,0.17
2,0.1,0.05,4.04,3.32,0.72,-0.77,10.18,0.1,-0.15,0.65,0.98,0.53,0.07,0.08,0.25,0.17
2,0.1,0.05,4.04,3.32,0.72,-0.77,10.18,0.1,-0.15,0.65,0.98,0.53,0.07,0.08,0.25,0.17
2,0.1,0.05,4.04,3.32,0.72,-0.77,10.18,0.1,-0.15,0.65,0.98,0.53,0.07,0.08,0.25,0.17
2,0.1,0.05,4.04,3.32,0.72,-0.77,10.18,0.1,-0.15,0.65,0.98,0.53,0.07,0.08,0.25,0.17
2,0.1,0.05,4.04,3.32,0.72,-0.77,10.18,0.1,-0.15,0.65,0.98,0.53,0.07,0.08,0.25,0.17
2,0.16,0.11,3.8,1.93,0.49,-0.02,10.82,0.16,-0.04,0.53,0.95,0.83,0.12,0.13,0.56,0.25
2,0.16,0.11,3.8,1.93,0.49,-0.02,10.82,0.16,-0.04,0.53,0.95,0.83,0.12,0.13,0.56,0.25
2,0.16,0.11,3.8,1.93,0.49,-0.02,10.82,0.16,-0.04,0.53,0.95,0.83,0.12,0.13,0.56,0.25
2,0.16,0.11,3.8,1.93,0.49,-0.02,10.82,0.16,-0.04,0.53,0.95,0.83,0.12,0.13,0.56,0.25
2,0.16,0.11,3.8,1.93,0.49,-0.02,10.82,0.16,-0.04,0.53,0.95,0.83,0.12,0.13,0.56,0.25
2,0.16,0.11,3.8,1.93,0.49,-0.02,10.82,0.16,-0.04,0.53,0.95,0.83,0.12,0.13,0.56,0.25
2,0.16,0.11,3.8,1.93,0.49,-0.02,10.82,0.16,-0.04,0.53,0.95,0.83,0.12,0.13,0.56,0.25
2,0.16,0.11,3.8,1.93,0.49,-0.02,10.82,0.16,-0.04,0.53,0.95,0.83,0.12,0.13,0.56,0.25
2,0.16,0.11,3.8,1.93,0.49,-0.02,10.82,0.16,-0.04,0.53,0.95,0.83,0.12,0.13,0.56,0.25
2,0.16,0.11,3.8,1.93,0.49,-0.02,10.82,0.16,-0.04,0.53,0.95,0.83,0.12,0.13,0.56,0.25
2,0.16,0.11,3.8,1.93,0.49,-0.02,10.82,0.16,-0.04,0.53,0.95,0.83,0.12,0.13,0.56,0.25
2,0.16,0.11,3.8,1.93,0.49,-0.02,10.82,0.16,-0.04,0.53,0.95,0.83,0.12,0.13,0.56,0.25
2,0.15,0.12,3.79,2.59,0.61,-1.24,10.76,0.12,-0.74,0.63,0.98,0.82,0.09,0.03,0.65,0.1
2,0.15,0.12,3.79,2.59,0.61,-1.24,10.76,0.12,-0.74,0.63,0.98,0.82,0.09,0.03,0.65,0.1
2,0.15,0.12,3.79,2.59,0.61,-1.24,10.76,0.12,-0.74,0.63,0.98,0.82,0.09,0.03,0.65,0.1
2,0.15,0.12,3.79,2.59,0.61,-1.24,10.76,0.12,-0.74,0.63,0.98,0.82,0.09,0.03,0.65,0.1
2,0.15,0.12,3.79,2.59,0.61,-1.24,10.76,0.12,-0.74,0.63,0.98,0.82,0.09,0.03,0.65,0.1
2,0.15,0.12,3.79,2.59,0.61,-1.24,10.76,0.12,-0.74,0.63,0.98,0.82,0.09,0.03,0.65,0.1
2,0.15,0.12,3.79,2.59,0.61,-1.24,10.76,0.12,-0.74,0.63,0.98,0.82,0.09,0.03,0.65,0.1
2,0.15,0.12,3.79,2.59,0.61,-1.24,10.76,0.12,-0.74,0.63,0.98,0.82,0.09,0.03,0.65,0.1
2,0.15,0.12,3.79,2.59,0.61,-1.24,10.76,0.12,-0.74,0.63,0.98,0.82,0.09,0.03,0.65,0.1
2,0.15,0.12,3.79,2.59,0.61,-1.24,10.76,0.12,-0.74,0.63,0.98,0.82,0.09,0.03,0.65,0.1
2,0.15,0.12,3.79,2.59,0.61,-1.24,10.76,0.12,-0.74,0.63,0.98,0.82,0.09,0.03,0.65,0.1
2,0.15,0.12,3.79,2.59,0.61,-1.24,10.76,0.12,-0.74,0.63,0.98,0.82,0.09,0.03,0.65,0.1
2,0.16,0.14,3.92,27.98,0.5,-0.48,10.49,0.17,-0.28,0.54,0.96,0.73,0.17,0.13,0.49,0.18
2,0.16,0.14,3.92,27.98,0.5,-0.48,10.49,0.17,-0.28,0.54,0.96,0.73,0.17,0.13,0.49,0.18
2,0.16,0.14,3.92,27.98,0.5,-0.48,10.49,0.17,-0.28,0.54,0.96,0.73,0.17,0.13,0.49,0.18
2,0.16,0.14,3.92,27.98,0.5,-0.48,10.49,0.17,-0.28,0.54,0.96,0.73,0.17,0.13,0.49,0.18
2,0.16,0.14,3.92,27.98,0.5,-0.48,10.49,0.17,-0.28,0.54,0.96,0.73,0.17,0.13,0.49,0.18
2,0.16,0.14,3.92,27.98,0.5,-0.48,10.49,0.17,-0.28,0.54,0.96,0.73,0.17,0.13,0.49,0.18
2,0.16,0.14,3.92,27.98,0.5,-0.48,10.49,0.17,-0.28,0.54,0.96,0.73,0.17,0.13,0.49,0.18
2,0.16,0.14,3.92,27.98,0.5,-0.48,10.49,0.17,-0.28,0.54,0.96,0.73,0.17,0.13,0.49,0.18
2,0.16,0.14,3.92,27.98,0.5,-0.48,10.49,0.17,-0.28,0.54,0.96,0.73,0.17,0.13,0.49,0.18
2,0.16,0.14,3.92,27.98,0.5,-0.48,10.49,0.17,-0.28,0.54,0.96,0.73,0.17,0.13,0.49,0.18
2,0.16,0.14,3.92,27.98,0.5,-0.48,10.49,0.17,-0.28,0.54,0.96,0.73,0.17,0.13,0.49,0.18
2,0.16,0.14,3.92,27.98,0.5,-0.48,10.49,0.17,-0.28,0.54,0.96,0.73,0.17,0.13,0.49,0.18
2,0.11,0.08,3.77,2.28,0.5,-0.22,10.74,0.12,0.36,0.47,0.96,0.6,0.08,0.12,0.31,0.16
2,0.11,0.08,3.77,2.28,0.5,-0.22,10.74,0.12,0.36,0.47,0.96,0.6,0.08,0.12,0.31,0.16
2,0.11,0.08,3.77,2.28,0.5,-0.22,10.74,0.12,0.36,0.47,0.96,0.6,0.08,0.12,0.31,0.16
2,0.11,0.08,3.77,2.28,0.5,-0.22,10.74,0.12,0.36,0.47,0.96,0.6,0.08,0.12,0.31,0.16
2,0.11,0.08,3.77,2.28,0.5,-0.22,10.74,0.12,0.36,0.47,0.96,0.6,0.08,0.12,0.31,0.16
2,0.11,0.08,3.77,2.28,0.5,-0.22,10.74,0.12,0.36,0.47,0.96,0.6,0.08,0.12,0.31,0.16
2,0.11,0.08,3.77,2.28,0.5,-0.22,10.74,0.12,0.36,0.47,0.96,0.6,0.08,0.12,0.31,0.16
2,0.11,0.08,3.77,2.28,0.5,-0.22,10.74,0.12,0.36,0.47,0.96,0.6,0.08,0.12,0.31,0.16
2,0.11,0.08,3.77,2.28,0.5,-0.22,10.74,0.12,0.36,0.47,0.96,0.6,0.08,0.12,0.31,0.16
2,0.11,0.08,3.77,2.28,0.5,-0.22,10.74,0.12,0.36,0.47,0.96,0.6,0.08,0.12,0.31,0.16
2,0.11,0.08,3.77,2.28,0.5,-0.22,10.74,0.12,0.36,0.47,0.96,0.6,0.08,0.12,0.31,0.16
2,0.11,0.08,3.77,2.28,0.5,-0.22,10.74,0.12,0.36,0.47,0.96,0.6,0.08,0.12,0.31,0.16
2,0.11,0.11,3.88,16.46,0.5,-1.43,10.49,0.13,-0.12,0.49,0.93,0.55,0.09,0.28,0.34,0.22
2,0.11,0.11,3.88,16.46,0.5,-1.43,10.49,0.13,-0.12,0.49,0.93,0.55,0.09,0.28,0.34,0.22
2,0.11,0.11,3.88,16.46,0.5,-1.43,10.49,0.13,-0.12,0.49,0.93,0.55,0.09,0.28,0.34,0.22
2,0.11,0.11,3.88,16.46,0.5,-1.43,10.49,0.13,-0.12,0.49,0.93,0.55,0.09,0.28,0.34,0.22
2,0.11,0.11,3.88,16.46,0.5,-1.43,10.49,0.13,-0.12,0.49,0.93,0.55,0.09,0.28,0.34,0.22
2,0.11,0.11,3.88,16.46,0.5,-1.43,10.49,0.13,-0.12,0.49,0.93,0.55,0.09,0.28,0.34,0.22
2,0.11,0.11,3.88,16.46,0.5,-1.43,10.49,0.13,-0.12,0.49,0.93,0.55,0.09,0.28,0.34,0.22
2,0.11,0.11,3.88,16.46,0.5,-1.43,10.49,0.13,-0.12,0.49,0.93,0.55,0.09,0.28,0.34,0.22
2,0.11,0.11,3.88,16.46,0.5,-1.43,10.49,0.13,-0.12,0.49,0.93,0.55,0.09,0.28,0.34,0.22
2,0.11,0.11,3.88,16.46,0.5,-1.43,10.49,0.13,-0.12,0.49,0.93,0.55,0.09,0.28,0.34,0.22
2,0.11,0.11,3.88,16.46,0.5,-1.43,10.49,0.13,-0.12,0.49,0.93,0.55,0.09,0.28,0.34,0.22
2,0.11,0.11,3.88,16.46,0.5,-1.43,10.49,0.13,-0.12,0.49,0.93,0.55,0.09,0.28,0.34,0.22
2,0.11,0.11,3.88,16.46,0.5,-1.43,10.49,0.13,-0.12,0.49,0.93,0.55,0.09,0.28,0.34,0.22
2,0.11,0.11,3.88,16.46,0.5,-1.43,10.49,0.13,-0.12,0.49,0.93,0.55,0.09,0.28,0.34,0.22
2,0.11,0.11,3.88,16.46,0.5,-1.43,10.49,0.13,-0.12,0.49,0.93,0.55,0.09,0.28,0.34,0.22
2,0.11,0.11,3.88,16.46,0.5,-1.43,10.49,0.13,-0.12,0.49,0.93,0.55,0.09,0.28,0.34,0.22
2,0.11,0.11,3.88,16.46,0.5,-1.43,10.49,0.13,-0.12,0.49,0.93,0.55,0.09,0.28,0.34,0.22
2,0.11,0.11,3.88,16.46,0.5,-1.43,10.49,0.13,-0.12,0.49,0.93,0.55,0.09,0.28,0.34,0.22
2,0.11,0.11,3.88,16.46,0.5,-1.43,10.49,0.13,-0.12,0.49,0.93,0.55,0.09,0.28,0.34,0.22
2,0.11,0.11,3.88,16.46,0.5,-1.43,10.49,0.13,-0.12,0.49,0.93,0.55,0.09,0.28,0.34,0.22
2,0.11,0.11,3.88,16.46,0.5,-1.43,10.49,0.13,-0.12,0.49,0.93,0.55,0.09,0.28,0.34,0.22
2,0.11,0.11,3.88,16.46,0.5,-1.43,10.49,0.13,-0.12,0.49,0.93,0.55,0.09,0.28,0.34,0.22
2,0.11,0.11,3.88,16.46,0.5,-1.43,10.49,0.13,-0.12,0.49,0.93,0.55,0.09,0.28,0.34,0.22
2,0.11,0.11,3.88,16.46,0.5,-1.43,10.49,0.13,-0.12,0.49,0.93,0.55,0.09,0.28,0.34,0.22
2,0.13,0.14,4.1,15.91,0.38,0.35,9.59,0.15,0.17,0.48,0.95,0.51,0.17,0.19,0.42,0.29
2,0.13,0.14,4.1,15.91,0.38,0.35,9.59,0.15,0.17,0.48,0.95,0.51,0.17,0.19,0.42,0.29
2,0.13,0.14,4.1,15.91,0.38,0.35,9.59,0.15,0.17,0.48,0.95,0.51,0.17,0.19,0.42,0.29
2,0.13,0.14,4.1,15.91,0.38,0.35,9.59,0.15,0.17,0.48,0.95,0.51,0.17,0.19,0.42,0.29
2,0.13,0.14,4.1,15.91,0.38,0.35,9.59,0.15,0.17,0.48,0.95,0.51,0.17,0.19,0.42,0.29
2,0.13,0.14,4.1,15.91,0.38,0.35,9.59,0.15,0.17,0.48,0.95,0.51,0.17,0.19,0.42,0.29
2,0.13,0.14,4.1,15.91,0.38,0.35,9.59,0.15,0.17,0.48,0.95,0.51,0.17,0.19,0.42,0.29
2,0.13,0.14,4.1,15.91,0.38,0.35,9.59,0.15,0.17,0.48,0.95,0.51,0.17,0.19,0.42,0.29
2,0.13,0.14,4.1,15.91,0.38,0.35,9.59,0.15,0.17,0.48,0.95,0.51,0.17,0.19,0.42,0.29
2,0.13,0.14,4.1,15.91,0.38,0.35,9.59,0.15,0.17,0.48,0.95,0.51,0.17,0.19,0.42,0.29
2,0.13,0.14,4.1,15.91,0.38,0.35,9.59,0.15,0.17,0.48,0.95,0.51,0.17,0.19,0.42,0.29
2,0.13,0.14,4.1,15.91,0.38,0.35,9.59,0.15,0.17,0.48,0.95,0.51,0.17,0.19,0.42,0.29
2,0.13,0.14,4.1,15.91,0.38,0.35,9.59,0.15,0.17,0.48,0.95,0.51,0.17,0.19,0.42,0.29
2,0.13,0.14,4.1,15.91,0.38,0.35,9.59,0.15,0.17,0.48,0.95,0.51,0.17,0.19,0.42,0.29
2,0.13,0.14,4.1,15.91,0.38,0.35,9.59,0.15,0.17,0.48,0.95,0.51,0.17,0.19,0.42,0.29
2,0.13,0.14,4.1,15.91,0.38,0.35,9.59,0.15,0.17,0.48,0.95,0.51,0.17,0.19,0.42,0.29
2,0.13,0.14,4.1,15.91,0.38,0.35,9.59,0.15,0.17,0.48,0.95,0.51,0.17,0.19,0.42,0.29
2,0.13,0.14,4.1,15.91,0.38,0.35,9.59,0.15,0.17,0.48,0.95,0.51,0.17,0.19,0.42,0.29
2,0.13,0.14,4.1,15.91,0.38,0.35,9.59,0.15,0.17,0.48,0.95,0.51,0.17,0.19,0.42,0.29
2,0.13,0.14,4.1,15.91,0.38,0.35,9.59,0.15,0.17,0.48,0.95,0.51,0.17,0.19,0.42,0.29
2,0.13,0.14,4.1,15.91,0.38,0.35,9.59,0.15,0.17,0.48,0.95,0.51,0.17,0.19,0.42,0.29
2,0.13,0.14,4.1,15.91,0.38,0.35,9.59,0.15,0.17,0.48,0.95,0.51,0.17,0.19,0.42,0.29
2,0.13,0.14,4.1,15.91,0.38,0.35,9.59,0.15,0.17,0.48,0.95,0.51,0.17,0.19,0.42,0.29
2,0.13,0.14,4.1,15.91,0.38,0.35,9.59,0.15,0.17,0.48,0.95,0.51,0.17,0.19,0.42,0.29
2,0.13,0.12,3.36,1.93,0.4,0.26,10.93,0.14,0.04,0.43,0.93,0.76,0.13,0.2,0.39,0.26
2,0.13,0.12,3.36,1.93,0.4,0.26,10.93,0.14,0.04,0.43,0.93,0.76,0.13,0.2,0.39,0.26
2,0.13,0.12,3.36,1.93,0.4,0.26,10.93,0.14,0.04,0.43,0.93,0.76,0.13,0.2,0.39,0.26
2,0.13,0.12,3.36,1.93,0.4,0.26,10.93,0.14,0.04,0.43,0.93,0.76,0.13,0.2,0.39,0.26
2,0.13,0.12,3.36,1.93,0.4,0.26,10.93,0.14,0.04,0.43,0.93,0.76,0.13,0.2,0.39,0.26
2,0.13,0.12,3.36,1.93,0.4,0.26,10.93,0.14,0.04,0.43,0.93,0.76,0.13,0.2,0.39,0.26
2,0.13,0.12,3.36,1.93,0.4,0.26,10.93,0.14,0.04,0.43,0.93,0.76,0.13,0.2,0.39,0.26
2,0.13,0.12,3.36,1.93,0.4,0.26,10.93,0.14,0.04,0.43,0.93,0.76,0.13,0.2,0.39,0.26
2,0.13,0.12,3.36,1.93,0.4,0.26,10.93,0.14,0.04,0.43,0.93,0.76,0.13,0.2,0.39,0.26
2,0.13,0.12,3.36,1.93,0.4,0.26,10.93,0.14,0.04,0.43,0.93,0.76,0.13,0.2,0.39,0.26
2,0.13,0.12,3.36,1.93,0.4,0.26,10.93,0.14,0.04,0.43,0.93,0.76,0.13,0.2,0.39,0.26
2,0.13,0.12,3.36,1.93,0.4,0.26,10.93,0.14,0.04,0.43,0.93,0.76,0.13,0.2,0.39,0.26
2,0.13,0.11,3.93,28.7,0.7,-1.58,10.27,0.16,-0.98,0.56,0.95,0.75,0.16,0.23,0.43,0.22
2,0.13,0.11,3.93,28.7,0.7,-1.58,10.27,0.16,-0.98,0.56,0.95,0.75,0.16,0.23,0.43,0.22
2,0.13,0.11,3.93,28.7,0.7,-1.58,10.27,0.16,-0.98,0.56,0.95,0.75,0.16,0.23,0.43,0.22
2,0.13,0.11,3.93,28.7,0.7,-1.58,10.27,0.16,-0.98,0.56,0.95,0.75,0.16,0.23,0.43,0.22
2,0.13,0.11,3.93,28.7,0.7,-1.58,10.27,0.16,-0.98,0.56,0.95,0.75,0.16,0.23,0.43,0.22
2,0.13,0.11,3.93,28.7,0.7,-1.58,10.27,0.16,-0.98,0.56,0.95,0.75,0.16,0.23,0.43,0.22
2,0.13,0.11,3.93,28.7,0.7,-1.58,10.27,0.16,-0.98,0.56,0.95,0.75,0.16,0.23,0.43,0.22
2,0.13,0.11,3.93,28.7,0.7,-1.58,10.27,0.16,-0.98,0.56,0.95,0.75,0.16,0.23,0.43,0.22
2,0.13,0.11,3.93,28.7,0.7,-1.58,10.27,0.16,-0.98,0.56,0.95,0.75,0.16,0.23,0.43,0.22
2,0.13,0.11,3.93,28.7,0.7,-1.58,10.27,0.16,-0.98,0.56,0.95,0.75,0.16,0.23,0.43,0.22
2,0.13,0.11,3.93,28.7,0.7,-1.58,10.27,0.16,-0.98,0.56,0.95,0.75,0.16,0.23,0.43,0.22
2,0.13,0.11,3.93,28.7,0.7,-1.58,10.27,0.16,-0.98,0.56,0.95,0.75,0.16,0.23,0.43,0.22
2,0.13,0.18,3.82,17.83,0.39,0.58,10.65,0.14,0.29,0.5,0.97,0.74,0.15,0.06,0.48,0.15
2,0.13,0.18,3.82,17.83,0.39,0.58,10.65,0.14,0.29,0.5,0.97,0.74,0.15,0.06,0.48,0.15
2,0.13,0.18,3.82,17.83,0.39,0.58,10.65,0.14,0.29,0.5,0.97,0.74,0.15,0.06,0.48,0.15
2,0.13,0.18,3.82,17.83,0.39,0.58,10.65,0.14,0.29,0.5,0.97,0.74,0.15,0.06,0.48,0.15
2,0.13,0.18,3.82,17.83,0.39,0.58,10.65,0.14,0.29,0.5,0.97,0.74,0.15,0.06,0.48,0.15
2,0.13,0.18,3.82,17.83,0.39,0.58,10.65,0.14,0.29,0.5,0.97,0.74,0.15,0.06,0.48,0.15
2,0.13,0.18,3.82,17.83,0.39,0.58,10.65,0.14,0.29,0.5,0.97,0.74,0.15,0.06,0.48,0.15
2,0.13,0.18,3.82,17.83,0.39,0.58,10.65,0.14,0.29,0.5,0.97,0.74,0.15,0.06,0.48,0.15
2,0.13,0.18,3.82,17.83,0.39,0.58,10.65,0.14,0.29,0.5,0.97,0.74,0.15,0.06,0.48,0.15
2,0.13,0.18,3.82,17.83,0.39,0.58,10.65,0.14,0.29,0.5,0.97,0.74,0.15,0.06,0.48,0.15
2,0.13,0.18,3.82,17.83,0.39,0.58,10.65,0.14,0.29,0.5,0.97,0.74,0.15,0.06,0.48,0.15
2,0.13,0.18,3.82,17.83,0.39,0.58,10.65,0.14,0.29,0.5,0.97,0.74,0.15,0.06,0.48,0.15
2,0.12,0.2,3.77,5.5,0.32,0.47,10.67,0.13,0.05,0.43,0.98,0.66,0.21,0.05,0.54,0.19
2,0.12,0.2,3.77,5.5,0.32,0.47,10.67,0.13,0.05,0.43,0.98,0.66,0.21,0.05,0.54,0.19
2,0.12,0.2,3.77,5.5,0.32,0.47,10.67,0.13,0.05,0.43,0.98,0.66,0.21,0.05,0.54,0.19
2,0.12,0.2,3.77,5.5,0.32,0.47,10.67,0.13,0.05,0.43,0.98,0.66,0.21,0.05,0.54,0.19
2,0.12,0.2,3.77,5.5,0.32,0.47,10.67,0.13,0.05,0.43,0.98,0.66,0.21,0.05,0.54,0.19
2,0.12,0.2,3.77,5.5,0.32,0.47,10.67,0.13,0.05,0.43,0.98,0.66,0.21,0.05,0.54,0.19
2,0.12,0.2,3.77,5.5,0.32,0.47,10.67,0.13,0.05,0.43,0.98,0.66,0.21,0.05,0.54,0.19
2,0.12,0.2,3.77,5.5,0.32,0.47,10.67,0.13,0.05,0.43,0.98,0.66,0.21,0.05,0.54,0.19
2,0.12,0.2,3.77,5.5,0.32,0.47,10.67,0.13,0.05,0.43,0.98,0.66,0.21,0.05,0.54,0.19
2,0.12,0.2,3.77,5.5,0.32,0.47,10.67,0.13,0.05,0.43,0.98,0.66,0.21,0.05,0.54,0.19
2,0.12,0.2,3.77,5.5,0.32,0.47,10.67,0.13,0.05,0.43,0.98,0.66,0.21,0.05,0.54,0.19
2,0.12,0.2,3.77,5.5,0.32,0.47,10.67,0.13,0.05,0.43,0.98,0.66,0.21,0.05,0.54,0.19
2,0.16,0.11,4.05,10.75,0.62,-0.99,10.47,0.17,-0.5,0.61,0.94,0.91,0.15,0.1,0.36,0.14
2,0.16,0.11,4.05,10.75,0.62,-0.99,10.47,0.17,-0.5,0.61,0.94,0.91,0.15,0.1,0.36,0.14
2,0.16,0.11,4.05,10.75,0.62,-0.99,10.47,0.17,-0.5,0.61,0.94,0.91,0.15,0.1,0.36,0.14
2,0.16,0.11,4.05,10.75,0.62,-0.99,10.47,0.17,-0.5,0.61,0.94,0.91,0.15,0.1,0.36,0.14
2,0.16,0.11,4.05,10.75,0.62,-0.99,10.47,0.17,-0.5,0.61,0.94,0.91,0.15,0.1,0.36,0.14
2,0.16,0.11,4.05,10.75,0.62,-0.99,10.47,0.17,-0.5,0.61,0.94,0.91,0.15,0.1,0.36,0.14
2,0.16,0.11,4.05,10.75,0.62,-0.99,10.47,0.17,-0.5,0.61,0.94,0.91,0.15,0.1,0.36,0.14
2,0.16,0.11,4.05,10.75,0.62,-0.99,10.47,0.17,-0.5,0.61,0.94,0.91,0.15,0.1,0.36,0.14
2,0.16,0.11,4.05,10.75,0.62,-0.99,10.47,0.17,-0.5,0.61,0.94,0.91,0.15,0.1,0.36,0.14
2,0.16,0.11,4.05,10.75,0.62,-0.99,10.47,0.17,-0.5,0.61,0.94,0.91,0.15,0.1,0.36,0.14
2,0.16,0.11,4.05,10.75,0.62,-0.99,10.47,0.17,-0.5,0.61,0.94,0.91,0.15,0.1,0.36,0.14
2,0.16,0.11,4.05,10.75,0.62,-0.99,10.47,0.17,-0.5,0.61,0.94,0.91,0.15,0.1,0.36,0.14
2,0.12,0.13,3.79,7.02,0.66,-0.74,10.57,0.12,-0.73,0.69,0.95,0.76,0.11,0.17,0.41,0.19
2,0.12,0.13,3.79,7.02,0.66,-0.74,10.57,0.12,-0.73,0.69,0.95,0.76,0.11,0.17,0.41,0.19
2,0.12,0.13,3.79,7.02,0.66,-0.74,10.57,0.12,-0.73,0.69,0.95,0.76,0.11,0.17,0.41,0.19
2,0.12,0.13,3.79,7.02,0.66,-0.74,10.57,0.12,-0.73,0.69,0.95,0.76,0.11,0.17,0.41,0.19
2,0.12,0.13,3.79,7.02,0.66,-0.74,10.57,0.12,-0.73,0.69,0.95,0.76,0.11,0.17,0.41,0.19
2,0.12,0.13,3.79,7.02,0.66,-0.74,10.57,0.12,-0.73,0.69,0.95,0.76,0.11,0.17,0.41,0.19
2,0.12,0.13,3.79,7.02,0.66,-0.74,10.57,0.12,-0.73,0.69,0.95,0.76,0.11,0.17,0.41,0.19
2,0.12,0.13,3.79,7.02,0.66,-0.74,10.57,0.12,-0.73,0.69,0.95,0.76,0.11,0.17,0.41,0.19
2,0.12,0.13,3.79,7.02,0.66,-0.74,10.57,0.12,-0.73,0.69,0.95,0.76,0.11,0.17,0.41,0.19
2,0.12,0.13,3.79,7.02,0.66,-0.74,10.57,0.12,-0.73,0.69,0.95,0.76,0.11,0.17,0.41,0.19
2,0.12,0.13,3.79,7.02,0.66,-0.74,10.57,0.12,-0.73,0.69,0.95,0.76,0.11,0.17,0.41,0.19
2,0.12,0.13,3.79,7.02,0.66,-0.74,10.57,0.12,-0.73,0.69,0.95,0.76,0.11,0.17,0.41,0.19
2,0.12,0.13,3.79,7.02,0.66,-0.74,10.57,0.12,-0.73,0.69,0.95,0.76,0.11,0.17,0.41,0.19
2,0.12,0.13,3.79,7.02,0.66,-0.74,10.57,0.12,-0.73,0.69,0.95,0.76,0.11,0.17,0.41,0.19
2,0.12,0.13,3.79,7.02,0.66,-0.74,10.57,0.12,-0.73,0.69,0.95,0.76,0.11,0.17,0.41,0.19
2,0.12,0.13,3.79,7.02,0.66,-0.74,10.57,0.12,-0.73,0.69,0.95,0.76,0.11,0.17,0.41,0.19
2,0.12,0.13,3.79,7.02,0.66,-0.74,10.57,0.12,-0.73,0.69,0.95,0.76,0.11,0.17,0.41,0.19
2,0.12,0.13,3.79,7.02,0.66,-0.74,10.57,0.12,-0.73,0.69,0.95,0.76,0.11,0.17,0.41,0.19
2,0.12,0.13,3.79,7.02,0.66,-0.74,10.57,0.12,-0.73,0.69,0.95,0.76,0.11,0.17,0.41,0.19
2,0.12,0.13,3.79,7.02,0.66,-0.74,10.57,0.12,-0.73,0.69,0.95,0.76,0.11,0.17,0.41,0.19
2,0.12,0.13,3.79,7.02,0.66,-0.74,10.57,0.12,-0.73,0.69,0.95,0.76,0.11,0.17,0.41,0.19
2,0.12,0.13,3.79,7.02,0.66,-0.74,10.57,0.12,-0.73,0.69,0.95,0.76,0.11,0.17,0.41,0.19
2,0.12,0.13,3.79,7.02,0.66,-0.74,10.57,0.12,-0.73,0.69,0.95,0.76,0.11,0.17,0.41,0.19
2,0.12,0.13,3.79,7.02,0.66,-0.74,10.57,0.12,-0.73,0.69,0.95,0.76,0.11,0.17,0.41,0.19
2,0.06,0.12,3.78,5.85,0.82,0.32,10.57,0.09,-0.48,0.84,0.96,0.68,0.12,0.08,0.6,0.12
2,0.06,0.12,3.78,5.85,0.82,0.32,10.57,0.09,-0.48,0.84,0.96,0.68,0.12,0.08,0.6,0.12
2,0.06,0.12,3.78,5.85,0.82,0.32,10.57,0.09,-0.48,0.84,0.96,0.68,0.12,0.08,0.6,0.12
2,0.06,0.12,3.78,5.85,0.82,0.32,10.57,0.09,-0.48,0.84,0.96,0.68,0.12,0.08,0.6,0.12
2,0.06,0.12,3.78,5.85,0.82,0.32,10.57,0.09,-0.48,0.84,0.96,0.68,0.12,0.08,0.6,0.12
2,0.06,0.12,3.78,5.85,0.82,0.32,10.57,0.09,-0.48,0.84,0.96,0.68,0.12,0.08,0.6,0.12
2,0.06,0.12,3.78,5.85,0.82,0.32,10.57,0.09,-0.48,0.84,0.96,0.68,0.12,0.08,0.6,0.12
2,0.06,0.12,3.78,5.85,0.82,0.32,10.57,0.09,-0.48,0.84,0.96,0.68,0.12,0.08,0.6,0.12
2,0.06,0.12,3.78,5.85,0.82,0.32,10.57,0.09,-0.48,0.84,0.96,0.68,0.12,0.08,0.6,0.12
2,0.06,0.12,3.78,5.85,0.82,0.32,10.57,0.09,-0.48,0.84,0.96,0.68,0.12,0.08,0.6,0.12
2,0.06,0.12,3.78,5.85,0.82,0.32,10.57,0.09,-0.48,0.84,0.96,0.68,0.12,0.08,0.6,0.12
2,0.06,0.12,3.78,5.85,0.82,0.32,10.57,0.09,-0.48,0.84,0.96,0.68,0.12,0.08,0.6,0.12
2,0.12,0.16,3.71,2.34,0.36,0.72,10.82,0.14,0.49,0.47,0.97,0.89,0.17,0.04,0.56,0.18
2,0.12,0.16,3.71,2.34,0.36,0.72,10.82,0.14,0.49,0.47,0.97,0.89,0.17,0.04,0.56,0.18
2,0.12,0.16,3.71,2.34,0.36,0.72,10.82,0.14,0.49,0.47,0.97,0.89,0.17,0.04,0.56,0.18
2,0.12,0.16,3.71,2.34,0.36,0.72,10.82,0.14,0.49,0.47,0.97,0.89,0.17,0.04,0.56,0.18
2,0.12,0.16,3.71,2.34,0.36,0.72,10.82,0.14,0.49,0.47,0.97,0.89,0.17,0.04,0.56,0.18
2,0.12,0.16,3.71,2.34,0.36,0.72,10.82,0.14,0.49,0.47,0.97,0.89,0.17,0.04,0.56,0.18
2,0.12,0.16,3.71,2.34,0.36,0.72,10.82,0.14,0.49,0.47,0.97,0.89,0.17,0.04,0.56,0.18
2,0.12,0.16,3.71,2.34,0.36,0.72,10.82,0.14,0.49,0.47,0.97,0.89,0.17,0.04,0.56,0.18
2,0.12,0.16,3.71,2.34,0.36,0.72,10.82,0.14,0.49,0.47,0.97,0.89,0.17,0.04,0.56,0.18
2,0.12,0.16,3.71,2.34,0.36,0.72,10.82,0.14,0.49,0.47,0.97,0.89,0.17,0.04,0.56,0.18
2,0.12,0.16,3.71,2.34,0.36,0.72,10.82,0.14,0.49,0.47,0.97,0.89,0.17,0.04,0.56,0.18
2,0.12,0.16,3.71,2.34,0.36,0.72,10.82,0.14,0.49,0.47,0.97,0.89,0.17,0.04,0.56,0.18
2,0.1,0.13,3.89,1.49,0.46,0.52,10.43,0.12,0.04,0.5,0.97,0.72,0.15,0.1,0.5,0.25
2,0.1,0.13,3.89,1.49,0.46,0.52,10.43,0.12,0.04,0.5,0.97,0.72,0.15,0.1,0.5,0.25
2,0.1,0.13,3.89,1.49,0.46,0.52,10.43,0.12,0.04,0.5,0.97,0.72,0.15,0.1,0.5,0.25
2,0.1,0.13,3.89,1.49,0.46,0.52,10.43,0.12,0.04,0.5,0.97,0.72,0.15,0.1,0.5,0.25
2,0.1,0.13,3.89,1.49,0.46,0.52,10.43,0.12,0.04,0.5,0.97,0.72,0.15,0.1,0.5,0.25
2,0.1,0.13,3.89,1.49,0.46,0.52,10.43,0.12,0.04,0.5,0.97,0.72,0.15,0.1,0.5,0.25
2,0.1,0.13,3.89,1.49,0.46,0.52,10.43,0.12,0.04,0.5,0.97,0.72,0.15,0.1,0.5,0.25
2,0.1,0.13,3.89,1.49,0.46,0.52,10.43,0.12,0.04,0.5,0.97,0.72,0.15,0.1,0.5,0.25
2,0.1,0.13,3.89,1.49,0.46,0.52,10.43,0.12,0.04,0.5,0.97,0.72,0.15,0.1,0.5,0.25
2,0.1,0.13,3.89,1.49,0.46,0.52,10.43,0.12,0.04,0.5,0.97,0.72,0.15,0.1,0.5,0.25
2,0.1,0.13,3.89,1.49,0.46,0.52,10.43,0.12,0.04,0.5,0.97,0.72,0.15,0.1,0.5,0.25
2,0.1,0.13,3.89,1.49,0.46,0.52,10.43,0.12,0.04,0.5,0.97,0.72,0.15,0.1,0.5,0.25
2,0.26,0.21,3.69,3.05,0.42,-0.3,10.78,0.25,0.97,0.39,0.97,0.69,0.14,0.08,0.42,0.19
2,0.26,0.21,3.69,3.05,0.42,-0.3,10.78,0.25,0.97,0.39,0.97,0.69,0.14,0.08,0.42,0.19
2,0.26,0.21,3.69,3.05,0.42,-0.3,10.78,0.25,0.97,0.39,0.97,0.69,0.14,0.08,0.42,0.19
2,0.26,0.21,3.69,3.05,0.42,-0.3,10.78,0.25,0.97,0.39,0.97,0.69,0.14,0.08,0.42,0.19
2,0.26,0.21,3.69,3.05,0.42,-0.3,10.78,0.25,0.97,0.39,0.97,0.69,0.14,0.08,0.42,0.19
2,0.26,0.21,3.69,3.05,0.42,-0.3,10.78,0.25,0.97,0.39,0.97,0.69,0.14,0.08,0.42,0.19
2,0.26,0.21,3.69,3.05,0.42,-0.3,10.78,0.25,0.97,0.39,0.97,0.69,0.14,0.08,0.42,0.19
2,0.26,0.21,3.69,3.05,0.42,-0.3,10.78,0.25,0.97,0.39,0.97,0.69,0.14,0.08,0.42,0.19
2,0.26,0.21,3.69,3.05,0.42,-0.3,10.78,0.25,0.97,0.39,0.97,0.69,0.14,0.08,0.42,0.19
2,0.26,0.21,3.69,3.05,0.42,-0.3,10.78,0.25,0.97,0.39,0.97,0.69,0.14,0.08,0.42,0.19
2,0.26,0.21,3.69,3.05,0.42,-0.3,10.78,0.25,0.97,0.39,0.97,0.69,0.14,0.08,0.42,0.19
2,0.26,0.21,3.69,3.05,0.42,-0.3,10.78,0.25,0.97,0.39,0.97,0.69,0.14,0.08,0.42,0.19
2,0.17,0.2,3.62,10.75,0.47,0.23,10.48,0.14,0.61,0.4,0.95,0.62,0.15,0.17,0.42,0.22
2,0.17,0.2,3.62,10.75,0.47,0.23,10.48,0.14,0.61,0.4,0.95,0.62,0.15,0.17,0.42,0.22
2,0.17,0.2,3.62,10.75,0.47,0.23,10.48,0.14,0.61,0.4,0.95,0.62,0.15,0.17,0.42,0.22
2,0.17,0.2,3.62,10.75,0.47,0.23,10.48,0.14,0.61,0.4,0.95,0.62,0.15,0.17,0.42,0.22
2,0.17,0.2,3.62,10.75,0.47,0.23,10.48,0.14,0.61,0.4,0.95,0.62,0.15,0.17,0.42,0.22
2,0.17,0.2,3.62,10.75,0.47,0.23,10.48,0.14,0.61,0.4,0.95,0.62,0.15,0.17,0.42,0.22
2,0.17,0.2,3.62,10.75,0.47,0.23,10.48,0.14,0.61,0.4,0.95,0.62,0.15,0.17,0.42,0.22
2,0.17,0.2,3.62,10.75,0.47,0.23,10.48,0.14,0.61,0.4,0.95,0.62,0.15,0.17,0.42,0.22
2,0.17,0.2,3.62,10.75,0.47,0.23,10.48,0.14,0.61,0.4,0.95,0.62,0.15,0.17,0.42,0.22
2,0.17,0.2,3.62,10.75,0.47,0.23,10.48,0.14,0.61,0.4,0.95,0.62,0.15,0.17,0.42,0.22
2,0.17,0.2,3.62,10.75,0.47,0.23,10.48,0.14,0.61,0.4,0.95,0.62,0.15,0.17,0.42,0.22
2,0.17,0.2,3.62,10.75,0.47,0.23,10.48,0.14,0.61,0.4,0.95,0.62,0.15,0.17,0.42,0.22
2,0.14,0.18,3.93,3.71,0.27,0.31,10.56,0.14,0.21,0.47,0.92,0.65,0.16,0.12,0.39,0.15
2,0.14,0.18,3.93,3.71,0.27,0.31,10.56,0.14,0.21,0.47,0.92,0.65,0.16,0.12,0.39,0.15
2,0.14,0.18,3.93,3.71,0.27,0.31,10.56,0.14,0.21,0.47,0.92,0.65,0.16,0.12,0.39,0.15
2,0.14,0.18,3.93,3.71,0.27,0.31,10.56,0.14,0.21,0.47,0.92,0.65,0.16,0.12,0.39,0.15
2,0.14,0.18,3.93,3.71,0.27,0.31,10.56,0.14,0.21,0.47,0.92,0.65,0.16,0.12,0.39,0.15
2,0.14,0.18,3.93,3.71,0.27,0.31,10.56,0.14,0.21,0.47,0.92,0.65,0.16,0.12,0.39,0.15
2,0.14,0.18,3.93,3.71,0.27,0.31,10.56,0.14,0.21,0.47,0.92,0.65,0.16,0.12,0.39,0.15
2,0.14,0.18,3.93,3.71,0.27,0.31,10.56,0.14,0.21,0.47,0.92,0.65,0.16,0.12,0.39,0.15
2,0.14,0.18,3.93,3.71,0.27,0.31,10.56,0.14,0.21,0.47,0.92,0.65,0.16,0.12,0.39,0.15
2,0.14,0.18,3.93,3.71,0.27,0.31,10.56,0.14,0.21,0.47,0.92,0.65,0.16,0.12,0.39,0.15
2,0.14,0.18,3.93,3.71,0.27,0.31,10.56,0.14,0.21,0.47,0.92,0.65,0.16,0.12,0.39,0.15
2,0.14,0.18,3.93,3.71,0.27,0.31,10.56,0.14,0.21,0.47,0.92,0.65,0.16,0.12,0.39,0.15
2,0.11,0.14,3.85,23.61,0.45,-0.23,10.49,0.12,-0.76,0.61,0.9,0.37,0.18,0.24,0.49,0.16
2,0.11,0.14,3.85,23.61,0.45,-0.23,10.49,0.12,-0.76,0.61,0.9,0.37,0.18,0.24,0.49,0.16
2,0.11,0.14,3.85,23.61,0.45,-0.23,10.49,0.12,-0.76,0.61,0.9,0.37,0.18,0.24,0.49,0.16
2,0.11,0.14,3.85,23.61,0.45,-0.23,10.49,0.12,-0.76,0.61,0.9,0.37,0.18,0.24,0.49,0.16
2,0.11,0.14,3.85,23.61,0.45,-0.23,10.49,0.12,-0.76,0.61,0.9,0.37,0.18,0.24,0.49,0.16
2,0.11,0.14,3.85,23.61,0.45,-0.23,10.49,0.12,-0.76,0.61,0.9,0.37,0.18,0.24,0.49,0.16
2,0.11,0.14,3.85,23.61,0.45,-0.23,10.49,0.12,-0.76,0.61,0.9,0.37,0.18,0.24,0.49,0.16
2,0.11,0.14,3.85,23.61,0.45,-0.23,10.49,0.12,-0.76,0.61,0.9,0.37,0.18,0.24,0.49,0.16
2,0.11,0.14,3.85,23.61,0.45,-0.23,10.49,0.12,-0.76,0.61,0.9,0.37,0.18,0.24,0.49,0.16
2,0.11,0.14,3.85,23.61,0.45,-0.23,10.49,0.12,-0.76,0.61,0.9,0.37,0.18,0.24,0.49,0.16
2,0.11,0.14,3.85,23.61,0.45,-0.23,10.49,0.12,-0.76,0.61,0.9,0.37,0.18,0.24,0.49,0.16
2,0.11,0.14,3.85,23.61,0.45,-0.23,10.49,0.12,-0.76,0.61,0.9,0.37,0.18,0.24,0.49,0.16
2,0.11,0.17,3.83,0.61,0.62,0.02,11.2,0.08,2.35,0.49,0.94,0.72,0.07,0.07,0.42,0.16
2,0.11,0.17,3.83,0.61,0.62,0.02,11.2,0.08,2.35,0.49,0.94,0.72,0.07,0.07,0.42,0.16
2,0.11,0.17,3.83,0.61,0.62,0.02,11.2,0.08,2.35,0.49,0.94,0.72,0.07,0.07,0.42,0.16
2,0.11,0.17,3.83,0.61,0.62,0.02,11.2,0.08,2.35,0.49,0.94,0.72,0.07,0.07,0.42,0.16
2,0.11,0.17,3.83,0.61,0.62,0.02,11.2,0.08,2.35,0.49,0.94,0.72,0.07,0.07,0.42,0.16
2,0.11,0.17,3.83,0.61,0.62,0.02,11.2,0.08,2.35,0.49,0.94,0.72,0.07,0.07,0.42,0.16
2,0.11,0.17,3.83,0.61,0.62,0.02,11.2,0.08,2.35,0.49,0.94,0.72,0.07,0.07,0.42,0.16
2,0.11,0.17,3.83,0.61,0.62,0.02,11.2,0.08,2.35,0.49,0.94,0.72,0.07,0.07,0.42,0.16
2,0.11,0.17,3.83,0.61,0.62,0.02,11.2,0.08,2.35,0.49,0.94,0.72,0.07,0.07,0.42,0.16
2,0.11,0.17,3.83,0.61,0.62,0.02,11.2,0.08,2.35,0.49,0.94,0.72,0.07,0.07,0.42,0.16
2,0.11,0.17,3.83,0.61,0.62,0.02,11.2,0.08,2.35,0.49,0.94,0.72,0.07,0.07,0.42,0.16
2,0.11,0.17,3.83,0.61,0.62,0.02,11.2,0.08,2.35,0.49,0.94,0.72,0.07,0.07,0.42,0.16
2,0.14,0.16,3.92,10.83,0.63,-1.06,10.42,0.12,0.14,0.6,0.95,0.61,0.13,0.27,0.41,0.3
2,0.14,0.16,3.92,10.83,0.63,-1.06,10.42,0.12,0.14,0.6,0.95,0.61,0.13,0.27,0.41,0.3
2,0.14,0.16,3.92,10.83,0.63,-1.06,10.42,0.12,0.14,0.6,0.95,0.61,0.13,0.27,0.41,0.3
2,0.14,0.16,3.92,10.83,0.63,-1.06,10.42,0.12,0.14,0.6,0.95,0.61,0.13,0.27,0.41,0.3
2,0.14,0.16,3.92,10.83,0.63,-1.06,10.42,0.12,0.14,0.6,0.95,0.61,0.13,0.27,0.41,0.3
2,0.14,0.16,3.92,10.83,0.63,-1.06,10.42,0.12,0.14,0.6,0.95,0.61,0.13,0.27,0.41,0.3
2,0.14,0.16,3.92,10.83,0.63,-1.06,10.42,0.12,0.14,0.6,0.95,0.61,0.13,0.27,0.41,0.3
2,0.14,0.16,3.92,10.83,0.63,-1.06,10.42,0.12,0.14,0.6,0.95,0.61,0.13,0.27,0.41,0.3
2,0.14,0.16,3.92,10.83,0.63,-1.06,10.42,0.12,0.14,0.6,0.95,0.61,0.13,0.27,0.41,0.3
2,0.14,0.16,3.92,10.83,0.63,-1.06,10.42,0.12,0.14,0.6,0.95,0.61,0.13,0.27,0.41,0.3
2,0.14,0.16,3.92,10.83,0.63,-1.06,10.42,0.12,0.14,0.6,0.95,0.61,0.13,0.27,0.41,0.3
2,0.14,0.16,3.92,10.83,0.63,-1.06,10.42,0.12,0.14,0.6,0.95,0.61,0.13,0.27,0.41,0.3
2,0.16,0.18,3.87,32.0,0.42,0.69,10.53,0.18,1.21,0.36,0.91,0.47,0.17,0.3,0.46,0.23
2,0.16,0.18,3.87,32.0,0.42,0.69,10.53,0.18,1.21,0.36,0.91,0.47,0.17,0.3,0.46,0.23
2,0.16,0.18,3.87,32.0,0.42,0.69,10.53,0.18,1.21,0.36,0.91,0.47,0.17,0.3,0.46,0.23
2,0.16,0.18,3.87,32.0,0.42,0.69,10.53,0.18,1.21,0.36,0.91,0.47,0.17,0.3,0.46,0.23
2,0.16,0.18,3.87,32.0,0.42,0.69,10.53,0.18,1.21,0.36,0.91,0.47,0.17,0.3,0.46,0.23
2,0.16,0.18,3.87,32.0,0.42,0.69,10.53,0.18,1.21,0.36,0.91,0.47,0.17,0.3,0.46,0.23
2,0.16,0.18,3.87,32.0,0.42,0.69,10.53,0.18,1.21,0.36,0.91,0.47,0.17,0.3,0.46,0.23
2,0.16,0.18,3.87,32.0,0.42,0.69,10.53,0.18,1.21,0.36,0.91,0.47,0.17,0.3,0.46,0.23
2,0.16,0.18,3.87,32.0,0.42,0.69,10.53,0.18,1.21,0.36,0.91,0.47,0.17,0.3,0.46,0.23
2,0.16,0.18,3.87,32.0,0.42,0.69,10.53,0.18,1.21,0.36,0.91,0.47,0.17,0.3,0.46,0.23
2,0.16,0.18,3.87,32.0,0.42,0.69,10.53,0.18,1.21,0.36,0.91,0.47,0.17,0.3,0.46,0.23
2,0.16,0.18,3.87,32.0,0.42,0.69,10.53,0.18,1.21,0.36,0.91,0.47,0.17,0.3,0.46,0.23
2,0.14,0.14,3.76,1.79,0.39,0.38,10.63,0.15,1.74,0.31,0.94,0.71,0.12,0.15,0.36,0.23
2,0.14,0.14,3.76,1.79,0.39,0.38,10.63,0.15,1.74,0.31,0.94,0.71,0.12,0.15,0.36,0.23
2,0.14,0.14,3.76,1.79,0.39,0.38,10.63,0.15,1.74,0.31,0.94,0.71,0.12,0.15,0.36,0.23
2,0.14,0.14,3.76,1.79,0.39,0.38,10.63,0.15,1.74,0.31,0.94,0.71,0.12,0.15,0.36,0.23
2,0.14,0.14,3.76,1.79,0.39,0.38,10.63,0.15,1.74,0.31,0.94,0.71,0.12,0.15,0.36,0.23
2,0.14,0.14,3.76,1.79,0.39,0.38,10.63,0.15,1.74,0.31,0.94,0.71,0.12,0.15,0.36,0.23
2,0.14,0.14,3.76,1.79,0.39,0.38,10.63,0.15,1.74,0.31,0.94,0.71,0.12,0.15,0.36,0.23
2,0.14,0.14,3.76,1.79,0.39,0.38,10.63,0.15,1.74,0.31,0.94,0.71,0.12,0.15,0.36,0.23
2,0.14,0.14,3.76,1.79,0.39,0.38,10.63,0.15,1.74,0.31,0.94,0.71,0.12,0.15,0.36,0.23
2,0.14,0.14,3.76,1.79,0.39,0.38,10.63,0.15,1.74,0.31,0.94,0.71,0.12,0.15,0.36,0.23
2,0.14,0.14,3.76,1.79,0.39,0.38,10.63,0.15,1.74,0.31,0.94,0.71,0.12,0.15,0.36,0.23
2,0.14,0.14,3.76,1.79,0.39,0.38,10.63,0.15,1.74,0.31,0.94,0.71,0.12,0.15,0.36,0.23
2,0.11,0.16,3.78,2.34,0.44,-1.11,10.42,0.14,0.38,0.42,0.95,0.56,0.16,0.08,0.46,0.18
2,0.11,0.16,3.78,2.34,0.44,-1.11,10.42,0.14,0.38,0.42,0.95,0.56,0.16,0.08,0.46,0.18
2,0.11,0.16,3.78,2.34,0.44,-1.11,10.42,0.14,0.38,0.42,0.95,0.56,0.16,0.08,0.46,0.18
2,0.11,0.16,3.78,2.34,0.44,-1.11,10.42,0.14,0.38,0.42,0.95,0.56,0.16,0.08,0.46,0.18
2,0.11,0.16,3.78,2.34,0.44,-1.11,10.42,0.14,0.38,0.42,0.95,0.56,0.16,0.08,0.46,0.18
2,0.11,0.16,3.78,2.34,0.44,-1.11,10.42,0.14,0.38,0.42,0.95,0.56,0.16,0.08,0.46,0.18
2,0.11,0.16,3.78,2.34,0.44,-1.11,10.42,0.14,0.38,0.42,0.95,0.56,0.16,0.08,0.46,0.18
2,0.11,0.16,3.78,2.34,0.44,-1.11,10.42,0.14,0.38,0.42,0.95,0.56,0.16,0.08,0.46,0.18
2,0.11,0.16,3.78,2.34,0.44,-1.11,10.42,0.14,0.38,0.42,0.95,0.56,0.16,0.08,0.46,0.18
2,0.11,0.16,3.78,2.34,0.44,-1.11,10.42,0.14,0.38,0.42,0.95,0.56,0.16,0.08,0.46,0.18
2,0.11,0.16,3.78,2.34,0.44,-1.11,10.42,0.14,0.38,0.42,0.95,0.56,0.16,0.08,0.46,0.18
2,0.11,0.16,3.78,2.34,0.44,-1.11,10.42,0.14,0.38,0.42,0.95,0.56,0.16,0.08,0.46,0.18
2,0.16,0.1,3.89,20.15,0.62,-0.53,10.47,0.18,0.19,0.57,0.97,0.81,0.14,0.09,0.59,0.14
2,0.16,0.1,3.89,20.15,0.62,-0.53,10.47,0.18,0.19,0.57,0.97,0.81,0.14,0.09,0.59,0.14
2,0.16,0.1,3.89,20.15,0.62,-0.53,10.47,0.18,0.19,0.57,0.97,0.81,0.14,0.09,0.59,0.14
2,0.16,0.1,3.89,20.15,0.62,-0.53,10.47,0.18,0.19,0.57,0.97,0.81,0.14,0.09,0.59,0.14
2,0.16,0.1,3.89,20.15,0.62,-0.53,10.47,0.18,0.19,0.57,0.97,0.81,0.14,0.09,0.59,0.14
2,0.16,0.1,3.89,20.15,0.62,-0.53,10.47,0.18,0.19,0.57,0.97,0.81,0.14,0.09,0.59,0.14
2,0.16,0.1,3.89,20.15,0.62,-0.53,10.47,0.18,0.19,0.57,0.97,0.81,0.14,0.09,0.59,0.14
2,0.16,0.1,3.89,20.15,0.62,-0.53,10.47,0.18,0.19,0.57,0.97,0.81,0.14,0.09,0.59,0.14
2,0.16,0.1,3.89,20.15,0.62,-0.53,10.47,0.18,0.19,0.57,0.97,0.81,0.14,0.09,0.59,0.14
2,0.16,0.1,3.89,20.15,0.62,-0.53,10.47,0.18,0.19,0.57,0.97,0.81,0.14,0.09,0.59,0.14
2,0.16,0.1,3.89,20.15,0.62,-0.53,10.47,0.18,0.19,0.57,0.97,0.81,0.14,0.09,0.59,0.14
2,0.16,0.1,3.89,20.15,0.62,-0.53,10.47,0.18,0.19,0.57,0.97,0.81,0.14,0.09,0.59,0.14
2,0.12,0.11,3.68,0.77,0.43,0.15,10.77,0.15,-0.16,0.53,0.94,0.57,0.11,0.2,0.52,0.23
2,0.12,0.11,3.68,0.77,0.43,0.15,10.77,0.15,-0.16,0.53,0.94,0.57,0.11,0.2,0.52,0.23
2,0.12,0.11,3.68,0.77,0.43,0.15,10.77,0.15,-0.16,0.53,0.94,0.57,0.11,0.2,0.52,0.23
2,0.12,0.11,3.68,0.77,0.43,0.15,10.77,0.15,-0.16,0.53,0.94,0.57,0.11,0.2,0.52,0.23
2,0.12,0.11,3.68,0.77,0.43,0.15,10.77,0.15,-0.16,0.53,0.94,0.57,0.11,0.2,0.52,0.23
2,0.12,0.11,3.68,0.77,0.43,0.15,10.77,0.15,-0.16,0.53,0.94,0.57,0.11,0.2,0.52,0.23
2,0.12,0.11,3.68,0.77,0.43,0.15,10.77,0.15,-0.16,0.53,0.94,0.57,0.11,0.2,0.52,0.23
2,0.12,0.11,3.68,0.77,0.43,0.15,10.77,0.15,-0.16,0.53,0.94,0.57,0.11,0.2,0.52,0.23
2,0.12,0.11,3.68,0.77,0.43,0.15,10.77,0.15,-0.16,0.53,0.94,0.57,0.11,0.2,0.52,0.23
2,0.12,0.11,3.68,0.77,0.43,0.15,10.77,0.15,-0.16,0.53,0.94,0.57,0.11,0.2,0.52,0.23
2,0.12,0.11,3.68,0.77,0.43,0.15,10.77,0.15,-0.16,0.53,0.94,0.57,0.11,0.2,0.52,0.23
2,0.12,0.11,3.68,0.77,0.43,0.15,10.77,0.15,-0.16,0.53,0.94,0.57,0.11,0.2,0.52,0.23
2,0.09,0.1,4.3,13.62,0.29,-0.94,9.57,0.08,-0.15,0.37,0.81,0.53,0.18,0.64,0.29,0.26
2,0.09,0.1,4.3,13.62,0.29,-0.94,9.57,0.08,-0.15,0.37,0.81,0.53,0.18,0.64,0.29,0.26
2,0.09,0.1,4.3,13.62,0.29,-0.94,9.57,0.08,-0.15,0.37,0.81,0.53,0.18,0.64,0.29,0.26
2,0.09,0.1,4.3,13.62,0.29,-0.94,9.57,0.08,-0.15,0.37,0.81,0.53,0.18,0.64,0.29,0.26
2,0.09,0.1,4.3,13.62,0.29,-0.94,9.57,0.08,-0.15,0.37,0.81,0.53,0.18,0.64,0.29,0.26
2,0.09,0.1,4.3,13.62,0.29,-0.94,9.57,0.08,-0.15,0.37,0.81,0.53,0.18,0.64,0.29,0.26
2,0.09,0.1,4.3,13.62,0.29,-0.94,9.57,0.08,-0.15,0.37,0.81,0.53,0.18,0.64,0.29,0.26
2,0.09,0.1,4.3,13.62,0.29,-0.94,9.57,0.08,-0.15,0.37,0.81,0.53,0.18,0.64,0.29,0.26
2,0.09,0.1,4.3,13.62,0.29,-0.94,9.57,0.08,-0.15,0.37,0.81,0.53,0.18,0.64,0.29,0.26
2,0.09,0.1,4.3,13.62,0.29,-0.94,9.57,0.08,-0.15,0.37,0.81,0.53,0.18,0.64,0.29,0.26
2,0.09,0.1,4.3,13.62,0.29,-0.94,9.57,0.08,-0.15,0.37,0.81,0.53,0.18,0.64,0.29,0.26
2,0.09,0.1,4.3,13.62,0.29,-0.94,9.57,0.08,-0.15,0.37,0.81,0.53,0.18,0.64,0.29,0.26
2,0.13,0.18,3.87,1.72,0.58,0.48,10.45,0.14,1.16,0.38,0.96,0.65,0.19,0.15,0.33,0.33
2,0.13,0.18,3.87,1.72,0.58,0.48,10.45,0.14,1.16,0.38,0.96,0.65,0.19,0.15,0.33,0.33
2,0.13,0.18,3.87,1.72,0.58,0.48,10.45,0.14,1.16,0.38,0.96,0.65,0.19,0.15,0.33,0.33
2,0.13,0.18,3.87,1.72,0.58,0.48,10.45,0.14,1.16,0.38,0.96,0.65,0.19,0.15,0.33,0.33
2,0.13,0.18,3.87,1.72,0.58,0.48,10.45,0.14,1.16,0.38,0.96,0.65,0.19,0.15,0.33,0.33
2,0.13,0.18,3.87,1.72,0.58,0.48,10.45,0.14,1.16,0.38,0.96,0.65,0.19,0.15,0.33,0.33
2,0.13,0.18,3.87,1.72,0.58,0.48,10.45,0.14,1.16,0.38,0.96,0.65,0.19,0.15,0.33,0.33
2,0.13,0.18,3.87,1.72,0.58,0.48,10.45,0.14,1.16,0.38,0.96,0.65,0.19,0.15,0.33,0.33
2,0.13,0.18,3.87,1.72,0.58,0.48,10.45,0.14,1.16,0.38,0.96,0.65,0.19,0.15,0.33,0.33
2,0.13,0.18,3.87,1.72,0.58,0.48,10.45,0.14,1.16,0.38,0.96,0.65,0.19,0.15,0.33,0.33
2,0.13,0.18,3.87,1.72,0.58,0.48,10.45,0.14,1.16,0.38,0.96,0.65,0.19,0.15,0.33,0.33
2,0.13,0.18,3.87,1.72,0.58,0.48,10.45,0.14,1.16,0.38,0.96,0.65,0.19,0.15,0.33,0.33
2,0.18,0.12,4.69,12.99,0.49,-0.36,9.53,0.17,-1.21,0.52,0.95,0.74,0.15,0.16,0.61,0.23
2,0.18,0.12,4.69,12.99,0.49,-0.36,9.53,0.17,-1.21,0.52,0.95,0.74,0.15,0.16,0.61,0.23
2,0.18,0.12,4.69,12.99,0.49,-0.36,9.53,0.17,-1.21,0.52,0.95,0.74,0.15,0.16,0.61,0.23
2,0.18,0.12,4.69,12.99,0.49,-0.36,9.53,0.17,-1.21,0.52,0.95,0.74,0.15,0.16,0.61,0.23
2,0.18,0.12,4.69,12.99,0.49,-0.36,9.53,0.17,-1.21,0.52,0.95,0.74,0.15,0.16,0.61,0.23
2,0.18,0.12,4.69,12.99,0.49,-0.36,9.53,0.17,-1.21,0.52,0.95,0.74,0.15,0.16,0.61,0.23
2,0.18,0.12,4.69,12.99,0.49,-0.36,9.53,0.17,-1.21,0.52,0.95,0.74,0.15,0.16,0.61,0.23
2,0.18,0.12,4.69,12.99,0.49,-0.36,9.53,0.17,-1.21,0.52,0.95,0.74,0.15,0.16,0.61,0.23
2,0.18,0.12,4.69,12.99,0.49,-0.36,9.53,0.17,-1.21,0.52,0.95,0.74,0.15,0.16,0.61,0.23
2,0.18,0.12,4.69,12.99,0.49,-0.36,9.53,0.17,-1.21,0.52,0.95,0.74,0.15,0.16,0.61,0.23
2,0.18,0.12,4.69,12.99,0.49,-0.36,9.53,0.17,-1.21,0.52,0.95,0.74,0.15,0.16,0.61,0.23
2,0.18,0.12,4.69,12.99,0.49,-0.36,9.53,0.17,-1.21,0.52,0.95,0.74,0.15,0.16,0.61,0.23
2,0.12,0.12,3.87,15.82,0.51,0.69,10.48,0.25,-0.27,0.64,0.96,0.64,0.2,0.16,0.66,0.16
2,0.12,0.12,3.87,15.82,0.51,0.69,10.48,0.25,-0.27,0.64,0.96,0.64,0.2,0.16,0.66,0.16
2,0.12,0.12,3.87,15.82,0.51,0.69,10.48,0.25,-0.27,0.64,0.96,0.64,0.2,0.16,0.66,0.16
2,0.12,0.12,3.87,15.82,0.51,0.69,10.48,0.25,-0.27,0.64,0.96,0.64,0.2,0.16,0.66,0.16
2,0.12,0.12,3.87,15.82,0.51,0.69,10.48,0.25,-0.27,0.64,0.96,0.64,0.2,0.16,0.66,0.16
2,0.12,0.12,3.87,15.82,0.51,0.69,10.48,0.25,-0.27,0.64,0.96,0.64,0.2,0.16,0.66,0.16
2,0.12,0.12,3.87,15.82,0.51,0.69,10.48,0.25,-0.27,0.64,0.96,0.64,0.2,0.16,0.66,0.16
2,0.12,0.12,3.87,15.82,0.51,0.69,10.48,0.25,-0.27,0.64,0.96,0.64,0.2,0.16,0.66,0.16
2,0.12,0.12,3.87,15.82,0.51,0.69,10.48,0.25,-0.27,0.64,0.96,0.64,0.2,0.16,0.66,0.16
2,0.12,0.12,3.87,15.82,0.51,0.69,10.48,0.25,-0.27,0.64,0.96,0.64,0.2,0.16,0.66,0.16
2,0.12,0.12,3.87,15.82,0.51,0.69,10.48,0.25,-0.27,0.64,0.96,0.64,0.2,0.16,0.66,0.16
2,0.12,0.12,3.87,15.82,0.51,0.69,10.48,0.25,-0.27,0.64,0.96,0.64,0.2,0.16,0.66,0.16
2,0.13,0.09,3.84,3.15,0.34,0.15,10.76,0.13,0.69,0.43,0.95,0.69,0.11,0.11,0.37,0.16
2,0.13,0.09,3.84,3.15,0.34,0.15,10.76,0.13,0.69,0.43,0.95,0.69,0.11,0.11,0.37,0.16
2,0.13,0.09,3.84,3.15,0.34,0.15,10.76,0.13,0.69,0.43,0.95,0.69,0.11,0.11,0.37,0.16
2,0.13,0.09,3.84,3.15,0.34,0.15,10.76,0.13,0.69,0.43,0.95,0.69,0.11,0.11,0.37,0.16
2,0.13,0.09,3.84,3.15,0.34,0.15,10.76,0.13,0.69,0.43,0.95,0.69,0.11,0.11,0.37,0.16
2,0.13,0.09,3.84,3.15,0.34,0.15,10.76,0.13,0.69,0.43,0.95,0.69,0.11,0.11,0.37,0.16
2,0.13,0.09,3.84,3.15,0.34,0.15,10.76,0.13,0.69,0.43,0.95,0.69,0.11,0.11,0.37,0.16
2,0.13,0.09,3.84,3.15,0.34,0.15,10.76,0.13,0.69,0.43,0.95,0.69,0.11,0.11,0.37,0.16
2,0.13,0.09,3.84,3.15,0.34,0.15,10.76,0.13,0.69,0.43,0.95,0.69,0.11,0.11,0.37,0.16
2,0.13,0.09,3.84,3.15,0.34,0.15,10.76,0.13,0.69,0.43,0.95,0.69,0.11,0.11,0.37,0.16
2,0.13,0.09,3.84,3.15,0.34,0.15,10.76,0.13,0.69,0.43,0.95,0.69,0.11,0.11,0.37,0.16
2,0.13,0.09,3.84,3.15,0.34,0.15,10.76,0.13,0.69,0.43,0.95,0.69,0.11,0.11,0.37,0.16
2,0.17,0.2,4.05,1.3,0.26,0.75,10.76,0.16,1.41,0.35,0.91,0.74,0.12,0.22,0.4,0.16
2,0.17,0.2,4.05,1.3,0.26,0.75,10.76,0.16,1.41,0.35,0.91,0.74,0.12,0.22,0.4,0.16
2,0.17,0.2,4.05,1.3,0.26,0.75,10.76,0.16,1.41,0.35,0.91,0.74,0.12,0.22,0.4,0.16
2,0.17,0.2,4.05,1.3,0.26,0.75,10.76,0.16,1.41,0.35,0.91,0.74,0.12,0.22,0.4,0.16
2,0.17,0.2,4.05,1.3,0.26,0.75,10.76,0.16,1.41,0.35,0.91,0.74,0.12,0.22,0.4,0.16
2,0.17,0.2,4.05,1.3,0.26,0.75,10.76,0.16,1.41,0.35,0.91,0.74,0.12,0.22,0.4,0.16
2,0.17,0.2,4.05,1.3,0.26,0.75,10.76,0.16,1.41,0.35,0.91,0.74,0.12,0.22,0.4,0.16
2,0.17,0.2,4.05,1.3,0.26,0.75,10.76,0.16,1.41,0.35,0.91,0.74,0.12,0.22,0.4,0.16
2,0.17,0.2,4.05,1.3,0.26,0.75,10.76,0.16,1.41,0.35,0.91,0.74,0.12,0.22,0.4,0.16
2,0.17,0.2,4.05,1.3,0.26,0.75,10.76,0.16,1.41,0.35,0.91,0.74,0.12,0.22,0.4,0.16
2,0.17,0.2,4.05,1.3,0.26,0.75,10.76,0.16,1.41,0.35,0.91,0.74,0.12,0.22,0.4,0.16
2,0.17,0.2,4.05,1.3,0.26,0.75,10.76,0.16,1.41,0.35,0.91,0.74,0.12,0.22,0.4,0.16
2,0.17,0.17,4.31,1.72,0.48,0.76,10.31,0.31,0.94,0.37,0.93,0.77,0.11,0.26,0.41,0.24
2,0.17,0.17,4.31,1.72,0.48,0.76,10.31,0.31,0.94,0.37,0.93,0.77,0.11,0.26,0.41,0.24
2,0.17,0.17,4.31,1.72,0.48,0.76,10.31,0.31,0.94,0.37,0.93,0.77,0.11,0.26,0.41,0.24
2,0.17,0.17,4.31,1.72,0.48,0.76,10.31,0.31,0.94,0.37,0.93,0.77,0.11,0.26,0.41,0.24
2,0.17,0.17,4.31,1.72,0.48,0.76,10.31,0.31,0.94,0.37,0.93,0.77,0.11,0.26,0.41,0.24
2,0.17,0.17,4.31,1.72,0.48,0.76,10.31,0.31,0.94,0.37,0.93,0.77,0.11,0.26,0.41,0.24
2,0.17,0.17,4.31,1.72,0.48,0.76,10.31,0.31,0.94,0.37,0.93,0.77,0.11,0.26,0.41,0.24
2,0.17,0.17,4.31,1.72,0.48,0.76,10.31,0.31,0.94,0.37,0.93,0.77,0.11,0.26,0.41,0.24
2,0.17,0.17,4.31,1.72,0.48,0.76,10.31,0.31,0.94,0.37,0.93,0.77,0.11,0.26,0.41,0.24
2,0.17,0.17,4.31,1.72,0.48,0.76,10.31,0.31,0.94,0.37,0.93,0.77,0.11,0.26,0.41,0.24
2,0.17,0.17,4.31,1.72,0.48,0.76,10.31,0.31,0.94,0.37,0.93,0.77,0.11,0.26,0.41,0.24
2,0.17,0.17,4.31,1.72,0.48,0.76,10.31,0.31,0.94,0.37,0.93,0.77,0.11,0.26,0.41,0.24
2,0.1,0.15,3.62,2.47,0.51,0.57,10.75,0.12,0.4,0.58,0.97,0.89,0.12,0.03,0.51,0.14
2,0.1,0.15,3.62,2.47,0.51,0.57,10.75,0.12,0.4,0.58,0.97,0.89,0.12,0.03,0.51,0.14
2,0.1,0.15,3.62,2.47,0.51,0.57,10.75,0.12,0.4,0.58,0.97,0.89,0.12,0.03,0.51,0.14
2,0.1,0.15,3.62,2.47,0.51,0.57,10.75,0.12,0.4,0.58,0.97,0.89,0.12,0.03,0.51,0.14
2,0.1,0.15,3.62,2.47,0.51,0.57,10.75,0.12,0.4,0.58,0.97,0.89,0.12,0.03,0.51,0.14
2,0.1,0.15,3.62,2.47,0.51,0.57,10.75,0.12,0.4,0.58,0.97,0.89,0.12,0.03,0.51,0.14
2,0.1,0.15,3.62,2.47,0.51,0.57,10.75,0.12,0.4,0.58,0.97,0.89,0.12,0.03,0.51,0.14
2,0.1,0.15,3.62,2.47,0.51,0.57,10.75,0.12,0.4,0.58,0.97,0.89,0.12,0.03,0.51,0.14
2,0.1,0.15,3.62,2.47,0.51,0.57,10.75,0.12,0.4,0.58,0.97,0.89,0.12,0.03,0.51,0.14
2,0.1,0.15,3.62,2.47,0.51,0.57,10.75,0.12,0.4,0.58,0.97,0.89,0.12,0.03,0.51,0.14
2,0.1,0.15,3.62,2.47,0.51,0.57,10.75,0.12,0.4,0.58,0.97,0.89,0.12,0.03,0.51,0.14
2,0.1,0.15,3.62,2.47,0.51,0.57,10.75,0.12,0.4,0.58,0.97,0.89,0.12,0.03,0.51,0.14
2,0.18,0.19,4.02,20.13,0.37,0.71,10.08,0.13,0.25,0.5,0.93,0.59,0.15,0.29,0.51,0.24
2,0.18,0.19,4.02,20.13,0.37,0.71,10.08,0.13,0.25,0.5,0.93,0.59,0.15,0.29,0.51,0.24
2,0.18,0.19,4.02,20.13,0.37,0.71,10.08,0.13,0.25,0.5,0.93,0.59,0.15,0.29,0.51,0.24
2,0.18,0.19,4.02,20.13,0.37,0.71,10.08,0.13,0.25,0.5,0.93,0.59,0.15,0.29,0.51,0.24
2,0.18,0.19,4.02,20.13,0.37,0.71,10.08,0.13,0.25,0.5,0.93,0.59,0.15,0.29,0.51,0.24
2,0.18,0.19,4.02,20.13,0.37,0.71,10.08,0.13,0.25,0.5,0.93,0.59,0.15,0.29,0.51,0.24
2,0.18,0.19,4.02,20.13,0.37,0.71,10.08,0.13,0.25,0.5,0.93,0.59,0.15,0.29,0.51,0.24
2,0.18,0.19,4.02,20.13,0.37,0.71,10.08,0.13,0.25,0.5,0.93,0.59,0.15,0.29,0.51,0.24
2,0.18,0.19,4.02,20.13,0.37,0.71,10.08,0.13,0.25,0.5,0.93,0.59,0.15,0.29,0.51,0.24
2,0.18,0.19,4.02,20.13,0.37,0.71,10.08,0.13,0.25,0.5,0.93,0.59,0.15,0.29,0.51,0.24
2,0.18,0.19,4.02,20.13,0.37,0.71,10.08,0.13,0.25,0.5,0.93,0.59,0.15,0.29,0.51,0.24
2,0.18,0.19,4.02,20.13,0.37,0.71,10.08,0.13,0.25,0.5,0.93,0.59,0.15,0.29,0.51,0.24
2,0.13,0.16,4.04,1.43,0.55,0.66,10.26,0.22,-0.44,0.61,0.98,0.74,0.19,0.09,0.61,0.27
2,0.13,0.16,4.04,1.43,0.55,0.66,10.26,0.22,-0.44,0.61,0.98,0.74,0.19,0.09,0.61,0.27
2,0.13,0.16,4.04,1.43,0.55,0.66,10.26,0.22,-0.44,0.61,0.98,0.74,0.19,0.09,0.61,0.27
2,0.13,0.16,4.04,1.43,0.55,0.66,10.26,0.22,-0.44,0.61,0.98,0.74,0.19,0.09,0.61,0.27
2,0.13,0.16,4.04,1.43,0.55,0.66,10.26,0.22,-0.44,0.61,0.98,0.74,0.19,0.09,0.61,0.27
2,0.13,0.16,4.04,1.43,0.55,0.66,10.26,0.22,-0.44,0.61,0.98,0.74,0.19,0.09,0.61,0.27
2,0.13,0.16,4.04,1.43,0.55,0.66,10.26,0.22,-0.44,0.61,0.98,0.74,0.19,0.09,0.61,0.27
2,0.13,0.16,4.04,1.43,0.55,0.66,10.26,0.22,-0.44,0.61,0.98,0.74,0.19,0.09,0.61,0.27
2,0.13,0.16,4.04,1.43,0.55,0.66,10.26,0.22,-0.44,0.61,0.98,0.74,0.19,0.09,0.61,0.27
2,0.13,0.16,4.04,1.43,0.55,0.66,10.26,0.22,-0.44,0.61,0.98,0.74,0.19,0.09,0.61,0.27
2,0.13,0.16,4.04,1.43,0.55,0.66,10.26,0.22,-0.44,0.61,0.98,0.74,0.19,0.09,0.61,0.27
2,0.13,0.16,4.04,1.43,0.55,0.66,10.26,0.22,-0.44,0.61,0.98,0.74,0.19,0.09,0.61,0.27
2,0.1,0.11,4.05,11.46,0.61,-0.09,10.14,0.14,-0.22,0.71,0.97,0.74,0.13,0.07,0.29,0.14
2,0.1,0.11,4.05,11.46,0.61,-0.09,10.14,0.14,-0.22,0.71,0.97,0.74,0.13,0.07,0.29,0.14
2,0.1,0.11,4.05,11.46,0.61,-0.09,10.14,0.14,-0.22,0.71,0.97,0.74,0.13,0.07,0.29,0.14
2,0.1,0.11,4.05,11.46,0.61,-0.09,10.14,0.14,-0.22,0.71,0.97,0.74,0.13,0.07,0.29,0.14
2,0.1,0.11,4.05,11.46,0.61,-0.09,10.14,0.14,-0.22,0.71,0.97,0.74,0.13,0.07,0.29,0.14
2,0.1,0.11,4.05,11.46,0.61,-0.09,10.14,0.14,-0.22,0.71,0.97,0.74,0.13,0.07,0.29,0.14
2,0.1,0.11,4.05,11.46,0.61,-0.09,10.14,0.14,-0.22,0.71,0.97,0.74,0.13,0.07,0.29,0.14
2,0.1,0.11,4.05,11.46,0.61,-0.09,10.14,0.14,-0.22,0.71,0.97,0.74,0.13,0.07,0.29,0.14
2,0.1,0.11,4.05,11.46,0.61,-0.09,10.14,0.14,-0.22,0.71,0.97,0.74,0.13,0.07,0.29,0.14
2,0.1,0.11,4.05,11.46,0.61,-0.09,10.14,0.14,-0.22,0.71,0.97,0.74,0.13,0.07,0.29,0.14
2,0.1,0.11,4.05,11.46,0.61,-0.09,10.14,0.14,-0.22,0.71,0.97,0.74,0.13,0.07,0.29,0.14
2,0.1,0.11,4.05,11.46,0.61,-0.09,10.14,0.14,-0.22,0.71,0.97,0.74,0.13,0.07,0.29,0.14
2,0.1,0.11,4.05,11.46,0.61,-0.09,10.14,0.14,-0.22,0.71,0.97,0.74,0.13,0.07,0.29,0.14
2,0.1,0.11,4.05,11.46,0.61,-0.09,10.14,0.14,-0.22,0.71,0.97,0.74,0.13,0.07,0.29,0.14
2,0.1,0.11,4.05,11.46,0.61,-0.09,10.14,0.14,-0.22,0.71,0.97,0.74,0.13,0.07,0.29,0.14
2,0.1,0.11,4.05,11.46,0.61,-0.09,10.14,0.14,-0.22,0.71,0.97,0.74,0.13,0.07,0.29,0.14
2,0.1,0.11,4.05,11.46,0.61,-0.09,10.14,0.14,-0.22,0.71,0.97,0.74,0.13,0.07,0.29,0.14
2,0.1,0.11,4.05,11.46,0.61,-0.09,10.14,0.14,-0.22,0.71,0.97,0.74,0.13,0.07,0.29,0.14
2,0.1,0.11,4.05,11.46,0.61,-0.09,10.14,0.14,-0.22,0.71,0.97,0.74,0.13,0.07,0.29,0.14
2,0.1,0.11,4.05,11.46,0.61,-0.09,10.14,0.14,-0.22,0.71,0.97,0.74,0.13,0.07,0.29,0.14
2,0.1,0.11,4.05,11.46,0.61,-0.09,10.14,0.14,-0.22,0.71,0.97,0.74,0.13,0.07,0.29,0.14
2,0.1,0.11,4.05,11.46,0.61,-0.09,10.14,0.14,-0.22,0.71,0.97,0.74,0.13,0.07,0.29,0.14
2,0.1,0.11,4.05,11.46,0.61,-0.09,10.14,0.14,-0.22,0.71,0.97,0.74,0.13,0.07,0.29,0.14
2,0.1,0.11,4.05,11.46,0.61,-0.09,10.14,0.14,-0.22,0.71,0.97,0.74,0.13,0.07,0.29,0.14
2,0.14,0.15,3.0,1.09,0.49,0.01,11.4,0.12,2.66,0.28,0.97,0.77,0.09,0.08,0.32,0.21
2,0.14,0.15,3.0,1.09,0.49,0.01,11.4,0.12,2.66,0.28,0.97,0.77,0.09,0.08,0.32,0.21
2,0.14,0.15,3.0,1.09,0.49,0.01,11.4,0.12,2.66,0.28,0.97,0.77,0.09,0.08,0.32,0.21
2,0.14,0.15,3.0,1.09,0.49,0.01,11.4,0.12,2.66,0.28,0.97,0.77,0.09,0.08,0.32,0.21
2,0.14,0.15,3.0,1.09,0.49,0.01,11.4,0.12,2.66,0.28,0.97,0.77,0.09,0.08,0.32,0.21
2,0.14,0.15,3.0,1.09,0.49,0.01,11.4,0.12,2.66,0.28,0.97,0.77,0.09,0.08,0.32,0.21
2,0.14,0.15,3.0,1.09,0.49,0.01,11.4,0.12,2.66,0.28,0.97,0.77,0.09,0.08,0.32,0.21
2,0.14,0.15,3.0,1.09,0.49,0.01,11.4,0.12,2.66,0.28,0.97,0.77,0.09,0.08,0.32,0.21
2,0.14,0.15,3.0,1.09,0.49,0.01,11.4,0.12,2.66,0.28,0.97,0.77,0.09,0.08,0.32,0.21
2,0.14,0.15,3.0,1.09,0.49,0.01,11.4,0.12,2.66,0.28,0.97,0.77,0.09,0.08,0.32,0.21
2,0.14,0.15,3.0,1.09,0.49,0.01,11.4,0.12,2.66,0.28,0.97,0.77,0.09,0.08,0.32,0.21
2,0.14,0.15,3.0,1.09,0.49,0.01,11.4,0.12,2.66,0.28,0.97,0.77,0.09,0.08,0.32,0.21
2,0.14,0.15,3.0,1.09,0.49,0.01,11.4,0.12,2.66,0.28,0.97,0.77,0.09,0.08,0.32,0.21
2,0.14,0.15,3.0,1.09,0.49,0.01,11.4,0.12,2.66,0.28,0.97,0.77,0.09,0.08,0.32,0.21
2,0.14,0.15,3.0,1.09,0.49,0.01,11.4,0.12,2.66,0.28,0.97,0.77,0.09,0.08,0.32,0.21
2,0.14,0.15,3.0,1.09,0.49,0.01,11.4,0.12,2.66,0.28,0.97,0.77,0.09,0.08,0.32,0.21
2,0.14,0.15,3.0,1.09,0.49,0.01,11.4,0.12,2.66,0.28,0.97,0.77,0.09,0.08,0.32,0.21
2,0.14,0.15,3.0,1.09,0.49,0.01,11.4,0.12,2.66,0.28,0.97,0.77,0.09,0.08,0.32,0.21
2,0.14,0.15,3.0,1.09,0.49,0.01,11.4,0.12,2.66,0.28,0.97,0.77,0.09,0.08,0.32,0.21
2,0.14,0.15,3.0,1.09,0.49,0.01,11.4,0.12,2.66,0.28,0.97,0.77,0.09,0.08,0.32,0.21
2,0.14,0.15,3.0,1.09,0.49,0.01,11.4,0.12,2.66,0.28,0.97,0.77,0.09,0.08,0.32,0.21
2,0.14,0.15,3.0,1.09,0.49,0.01,11.4,0.12,2.66,0.28,0.97,0.77,0.09,0.08,0.32,0.21
2,0.14,0.15,3.0,1.09,0.49,0.01,11.4,0.12,2.66,0.28,0.97,0.77,0.09,0.08,0.32,0.21
2,0.14,0.15,3.0,1.09,0.49,0.01,11.4,0.12,2.66,0.28,0.97,0.77,0.09,0.08,0.32,0.21
2,0.19,0.15,3.85,1.86,0.38,0.43,10.51,0.17,0.8,0.42,0.98,0.75,0.21,0.04,0.49,0.19
2,0.19,0.15,3.85,1.86,0.38,0.43,10.51,0.17,0.8,0.42,0.98,0.75,0.21,0.04,0.49,0.19
2,0.19,0.15,3.85,1.86,0.38,0.43,10.51,0.17,0.8,0.42,0.98,0.75,0.21,0.04,0.49,0.19
2,0.19,0.15,3.85,1.86,0.38,0.43,10.51,0.17,0.8,0.42,0.98,0.75,0.21,0.04,0.49,0.19
2,0.19,0.15,3.85,1.86,0.38,0.43,10.51,0.17,0.8,0.42,0.98,0.75,0.21,0.04,0.49,0.19
2,0.19,0.15,3.85,1.86,0.38,0.43,10.51,0.17,0.8,0.42,0.98,0.75,0.21,0.04,0.49,0.19
2,0.19,0.15,3.85,1.86,0.38,0.43,10.51,0.17,0.8,0.42,0.98,0.75,0.21,0.04,0.49,0.19
2,0.19,0.15,3.85,1.86,0.38,0.43,10.51,0.17,0.8,0.42,0.98,0.75,0.21,0.04,0.49,0.19
2,0.19,0.15,3.85,1.86,0.38,0.43,10.51,0.17,0.8,0.42,0.98,0.75,0.21,0.04,0.49,0.19
2,0.19,0.15,3.85,1.86,0.38,0.43,10.51,0.17,0.8,0.42,0.98,0.75,0.21,0.04,0.49,0.19
2,0.19,0.15,3.85,1.86,0.38,0.43,10.51,0.17,0.8,0.42,0.98,0.75,0.21,0.04,0.49,0.19
2,0.19,0.15,3.85,1.86,0.38,0.43,10.51,0.17,0.8,0.42,0.98,0.75,0.21,0.04,0.49,0.19
2,0.15,0.15,3.9,9.43,0.56,-1.71,10.18,0.17,-0.26,0.58,0.96,0.6,0.17,0.19,0.49,0.31
2,0.15,0.15,3.9,9.43,0.56,-1.71,10.18,0.17,-0.26,0.58,0.96,0.6,0.17,0.19,0.49,0.31
2,0.15,0.15,3.9,9.43,0.56,-1.71,10.18,0.17,-0.26,0.58,0.96,0.6,0.17,0.19,0.49,0.31
2,0.15,0.15,3.9,9.43,0.56,-1.71,10.18,0.17,-0.26,0.58,0.96,0.6,0.17,0.19,0.49,0.31
2,0.15,0.15,3.9,9.43,0.56,-1.71,10.18,0.17,-0.26,0.58,0.96,0.6,0.17,0.19,0.49,0.31
2,0.15,0.15,3.9,9.43,0.56,-1.71,10.18,0.17,-0.26,0.58,0.96,0.6,0.17,0.19,0.49,0.31
2,0.15,0.15,3.9,9.43,0.56,-1.71,10.18,0.17,-0.26,0.58,0.96,0.6,0.17,0.19,0.49,0.31
2,0.15,0.15,3.9,9.43,0.56,-1.71,10.18,0.17,-0.26,0.58,0.96,0.6,0.17,0.19,0.49,0.31
2,0.15,0.15,3.9,9.43,0.56,-1.71,10.18,0.17,-0.26,0.58,0.96,0.6,0.17,0.19,0.49,0.31
2,0.15,0.15,3.9,9.43,0.56,-1.71,10.18,0.17,-0.26,0.58,0.96,0.6,0.17,0.19,0.49,0.31
2,0.15,0.15,3.9,9.43,0.56,-1.71,10.18,0.17,-0.26,0.58,0.96,0.6,0.17,0.19,0.49,0.31
2,0.15,0.15,3.9,9.43,0.56,-1.71,10.18,0.17,-0.26,0.58,0.96,0.6,0.17,0.19,0.49,0.31
2,0.18,0.11,3.92,5.05,0.57,0.2,10.61,0.22,0.69,0.39,0.95,0.77,0.13,0.19,0.37,0.26
2,0.18,0.11,3.92,5.05,0.57,0.2,10.61,0.22,0.69,0.39,0.95,0.77,0.13,0.19,0.37,0.26
2,0.18,0.11,3.92,5.05,0.57,0.2,10.61,0.22,0.69,0.39,0.95,0.77,0.13,0.19,0.37,0.26
2,0.18,0.11,3.92,5.05,0.57,0.2,10.61,0.22,0.69,0.39,0.95,0.77,0.13,0.19,0.37,0.26
2,0.18,0.11,3.92,5.05,0.57,0.2,10.61,0.22,0.69,0.39,0.95,0.77,0.13,0.19,0.37,0.26
2,0.18,0.11,3.92,5.05,0.57,0.2,10.61,0.22,0.69,0.39,0.95,0.77,0.13,0.19,0.37,0.26
2,0.18,0.11,3.92,5.05,0.57,0.2,10.61,0.22,0.69,0.39,0.95,0.77,0.13,0.19,0.37,0.26
2,0.18,0.11,3.92,5.05,0.57,0.2,10.61,0.22,0.69,0.39,0.95,0.77,0.13,0.19,0.37,0.26
2,0.18,0.11,3.92,5.05,0.57,0.2,10.61,0.22,0.69,0.39,0.95,0.77,0.13,0.19,0.37,0.26
2,0.18,0.11,3.92,5.05,0.57,0.2,10.61,0.22,0.69,0.39,0.95,0.77,0.13,0.19,0.37,0.26
2,0.18,0.11,3.92,5.05,0.57,0.2,10.61,0.22,0.69,0.39,0.95,0.77,0.13,0.19,0.37,0.26
2,0.18,0.11,3.92,5.05,0.57,0.2,10.61,0.22,0.69,0.39,0.95,0.77,0.13,0.19,0.37,0.26
2,0.1,0.13,3.86,6.93,0.65,-0.72,10.46,0.1,-2.87,0.79,0.96,0.72,0.12,0.09,0.56,0.15
2,0.1,0.13,3.86,6.93,0.65,-0.72,10.46,0.1,-2.87,0.79,0.96,0.72,0.12,0.09,0.56,0.15
2,0.1,0.13,3.86,6.93,0.65,-0.72,10.46,0.1,-2.87,0.79,0.96,0.72,0.12,0.09,0.56,0.15
2,0.1,0.13,3.86,6.93,0.65,-0.72,10.46,0.1,-2.87,0.79,0.96,0.72,0.12,0.09,0.56,0.15
2,0.1,0.13,3.86,6.93,0.65,-0.72,10.46,0.1,-2.87,0.79,0.96,0.72,0.12,0.09,0.56,0.15
2,0.1,0.13,3.86,6.93,0.65,-0.72,10.46,0.1,-2.87,0.79,0.96,0.72,0.12,0.09,0.56,0.15
2,0.1,0.13,3.86,6.93,0.65,-0.72,10.46,0.1,-2.87,0.79,0.96,0.72,0.12,0.09,0.56,0.15
2,0.1,0.13,3.86,6.93,0.65,-0.72,10.46,0.1,-2.87,0.79,0.96,0.72,0.12,0.09,0.56,0.15
2,0.1,0.13,3.86,6.93,0.65,-0.72,10.46,0.1,-2.87,0.79,0.96,0.72,0.12,0.09,0.56,0.15
2,0.1,0.13,3.86,6.93,0.65,-0.72,10.46,0.1,-2.87,0.79,0.96,0.72,0.12,0.09,0.56,0.15
2,0.1,0.13,3.86,6.93,0.65,-0.72,10.46,0.1,-2.87,0.79,0.96,0.72,0.12,0.09,0.56,0.15
2,0.1,0.13,3.86,6.93,0.65,-0.72,10.46,0.1,-2.87,0.79,0.96,0.72,0.12,0.09,0.56,0.15
2,0.16,0.15,3.96,6.75,0.54,0.53,10.34,0.21,-0.2,0.57,0.97,0.63,0.16,0.11,0.48,0.28
2,0.16,0.15,3.96,6.75,0.54,0.53,10.34,0.21,-0.2,0.57,0.97,0.63,0.16,0.11,0.48,0.28
2,0.16,0.15,3.96,6.75,0.54,0.53,10.34,0.21,-0.2,0.57,0.97,0.63,0.16,0.11,0.48,0.28
2,0.16,0.15,3.96,6.75,0.54,0.53,10.34,0.21,-0.2,0.57,0.97,0.63,0.16,0.11,0.48,0.28
2,0.16,0.15,3.96,6.75,0.54,0.53,10.34,0.21,-0.2,0.57,0.97,0.63,0.16,0.11,0.48,0.28
2,0.16,0.15,3.96,6.75,0.54,0.53,10.34,0.21,-0.2,0.57,0.97,0.63,0.16,0.11,0.48,0.28
2,0.16,0.15,3.96,6.75,0.54,0.53,10.34,0.21,-0.2,0.57,0.97,0.63,0.16,0.11,0.48,0.28
2,0.16,0.15,3.96,6.75,0.54,0.53,10.34,0.21,-0.2,0.57,0.97,0.63,0.16,0.11,0.48,0.28
2,0.16,0.15,3.96,6.75,0.54,0.53,10.34,0.21,-0.2,0.57,0.97,0.63,0.16,0.11,0.48,0.28
2,0.16,0.15,3.96,6.75,0.54,0.53,10.34,0.21,-0.2,0.57,0.97,0.63,0.16,0.11,0.48,0.28
2,0.16,0.15,3.96,6.75,0.54,0.53,10.34,0.21,-0.2,0.57,0.97,0.63,0.16,0.11,0.48,0.28
2,0.16,0.15,3.96,6.75,0.54,0.53,10.34,0.21,-0.2,0.57,0.97,0.63,0.16,0.11,0.48,0.28
2,0.11,0.09,3.71,2.12,0.5,-0.26,10.45,0.12,0.27,0.51,0.94,0.63,0.11,0.29,0.4,0.23
2,0.11,0.09,3.71,2.12,0.5,-0.26,10.45,0.12,0.27,0.51,0.94,0.63,0.11,0.29,0.4,0.23
2,0.11,0.09,3.71,2.12,0.5,-0.26,10.45,0.12,0.27,0.51,0.94,0.63,0.11,0.29,0.4,0.23
2,0.11,0.09,3.71,2.12,0.5,-0.26,10.45,0.12,0.27,0.51,0.94,0.63,0.11,0.29,0.4,0.23
2,0.11,0.09,3.71,2.12,0.5,-0.26,10.45,0.12,0.27,0.51,0.94,0.63,0.11,0.29,0.4,0.23
2,0.11,0.09,3.71,2.12,0.5,-0.26,10.45,0.12,0.27,0.51,0.94,0.63,0.11,0.29,0.4,0.23
2,0.11,0.09,3.71,2.12,0.5,-0.26,10.45,0.12,0.27,0.51,0.94,0.63,0.11,0.29,0.4,0.23
2,0.11,0.09,3.71,2.12,0.5,-0.26,10.45,0.12,0.27,0.51,0.94,0.63,0.11,0.29,0.4,0.23
2,0.11,0.09,3.71,2.12,0.5,-0.26,10.45,0.12,0.27,0.51,0.94,0.63,0.11,0.29,0.4,0.23
2,0.11,0.09,3.71,2.12,0.5,-0.26,10.45,0.12,0.27,0.51,0.94,0.63,0.11,0.29,0.4,0.23
2,0.11,0.09,3.71,2.12,0.5,-0.26,10.45,0.12,0.27,0.51,0.94,0.63,0.11,0.29,0.4,0.23
2,0.11,0.09,3.71,2.12,0.5,-0.26,10.45,0.12,0.27,0.51,0.94,0.63,0.11,0.29,0.4,0.23
2,0.15,0.13,3.94,2.7,0.41,0.35,10.29,0.13,0.13,0.55,0.98,0.64,0.21,0.05,0.49,0.18
2,0.15,0.13,3.94,2.7,0.41,0.35,10.29,0.13,0.13,0.55,0.98,0.64,0.21,0.05,0.49,0.18
2,0.15,0.13,3.94,2.7,0.41,0.35,10.29,0.13,0.13,0.55,0.98,0.64,0.21,0.05,0.49,0.18
2,0.15,0.13,3.94,2.7,0.41,0.35,10.29,0.13,0.13,0.55,0.98,0.64,0.21,0.05,0.49,0.18
2,0.15,0.13,3.94,2.7,0.41,0.35,10.29,0.13,0.13,0.55,0.98,0.64,0.21,0.05,0.49,0.18
2,0.15,0.13,3.94,2.7,0.41,0.35,10.29,0.13,0.13,0.55,0.98,0.64,0.21,0.05,0.49,0.18
2,0.15,0.13,3.94,2.7,0.41,0.35,10.29,0.13,0.13,0.55,0.98,0.64,0.21,0.05,0.49,0.18
2,0.15,0.13,3.94,2.7,0.41,0.35,10.29,0.13,0.13,0.55,0.98,0.64,0.21,0.05,0.49,0.18
2,0.15,0.13,3.94,2.7,0.41,0.35,10.29,0.13,0.13,0.55,0.98,0.64,0.21,0.05,0.49,0.18
2,0.15,0.13,3.94,2.7,0.41,0.35,10.29,0.13,0.13,0.55,0.98,0.64,0.21,0.05,0.49,0.18
2,0.15,0.13,3.94,2.7,0.41,0.35,10.29,0.13,0.13,0.55,0.98,0.64,0.21,0.05,0.49,0.18
2,0.15,0.13,3.94,2.7,0.41,0.35,10.29,0.13,0.13,0.55,0.98,0.64,0.21,0.05,0.49,0.18
2,0.11,0.23,3.81,5.32,0.56,0.28,10.67,0.15,-1.49,0.8,0.98,0.72,0.23,0.04,0.55,0.18
2,0.11,0.23,3.81,5.32,0.56,0.28,10.67,0.15,-1.49,0.8,0.98,0.72,0.23,0.04,0.55,0.18
2,0.11,0.23,3.81,5.32,0.56,0.28,10.67,0.15,-1.49,0.8,0.98,0.72,0.23,0.04,0.55,0.18
2,0.11,0.23,3.81,5.32,0.56,0.28,10.67,0.15,-1.49,0.8,0.98,0.72,0.23,0.04,0.55,0.18
2,0.11,0.23,3.81,5.32,0.56,0.28,10.67,0.15,-1.49,0.8,0.98,0.72,0.23,0.04,0.55,0.18
2,0.11,0.23,3.81,5.32,0.56,0.28,10.67,0.15,-1.49,0.8,0.98,0.72,0.23,0.04,0.55,0.18
2,0.11,0.23,3.81,5.32,0.56,0.28,10.67,0.15,-1.49,0.8,0.98,0.72,0.23,0.04,0.55,0.18
2,0.11,0.23,3.81,5.32,0.56,0.28,10.67,0.15,-1.49,0.8,0.98,0.72,0.23,0.04,0.55,0.18
2,0.11,0.23,3.81,5.32,0.56,0.28,10.67,0.15,-1.49,0.8,0.98,0.72,0.23,0.04,0.55,0.18
2,0.11,0.23,3.81,5.32,0.56,0.28,10.67,0.15,-1.49,0.8,0.98,0.72,0.23,0.04,0.55,0.18
2,0.11,0.23,3.81,5.32,0.56,0.28,10.67,0.15,-1.49,0.8,0.98,0.72,0.23,0.04,0.55,0.18
2,0.11,0.23,3.81,5.32,0.56,0.28,10.67,0.15,-1.49,0.8,0.98,0.72,0.23,0.04,0.55,0.18
2,0.16,0.14,3.94,0.98,0.36,-0.25,10.42,0.12,-0.04,0.49,0.98,0.71,0.13,0.05,0.44,0.18
2,0.16,0.14,3.94,0.98,0.36,-0.25,10.42,0.12,-0.04,0.49,0.98,0.71,0.13,0.05,0.44,0.18
2,0.16,0.14,3.94,0.98,0.36,-0.25,10.42,0.12,-0.04,0.49,0.98,0.71,0.13,0.05,0.44,0.18
2,0.16,0.14,3.94,0.98,0.36,-0.25,10.42,0.12,-0.04,0.49,0.98,0.71,0.13,0.05,0.44,0.18
2,0.16,0.14,3.94,0.98,0.36,-0.25,10.42,0.12,-0.04,0.49,0.98,0.71,0.13,0.05,0.44,0.18
2,0.16,0.14,3.94,0.98,0.36,-0.25,10.42,0.12,-0.04,0.49,0.98,0.71,0.13,0.05,0.44,0.18
2,0.16,0.14,3.94,0.98,0.36,-0.25,10.42,0.12,-0.04,0.49,0.98,0.71,0.13,0.05,0.44,0.18
2,0.16,0.14,3.94,0.98,0.36,-0.25,10.42,0.12,-0.04,0.49,0.98,0.71,0.13,0.05,0.44,0.18
2,0.16,0.14,3.94,0.98,0.36,-0.25,10.42,0.12,-0.04,0.49,0.98,0.71,0.13,0.05,0.44,0.18
2,0.16,0.14,3.94,0.98,0.36,-0.25,10.42,0.12,-0.04,0.49,0.98,0.71,0.13,0.05,0.44,0.18
2,0.16,0.14,3.94,0.98,0.36,-0.25,10.42,0.12,-0.04,0.49,0.98,0.71,0.13,0.05,0.44,0.18
2,0.16,0.14,3.94,0.98,0.36,-0.25,10.42,0.12,-0.04,0.49,0.98,0.71,0.13,0.05,0.44,0.18
2,0.11,0.13,3.86,1.52,0.55,0.5,10.46,0.15,0.35,0.53,0.98,0.74,0.15,0.07,0.47,0.26
2,0.11,0.13,3.86,1.52,0.55,0.5,10.46,0.15,0.35,0.53,0.98,0.74,0.15,0.07,0.47,0.26
2,0.11,0.13,3.86,1.52,0.55,0.5,10.46,0.15,0.35,0.53,0.98,0.74,0.15,0.07,0.47,0.26
2,0.11,0.13,3.86,1.52,0.55,0.5,10.46,0.15,0.35,0.53,0.98,0.74,0.15,0.07,0.47,0.26
2,0.11,0.13,3.86,1.52,0.55,0.5,10.46,0.15,0.35,0.53,0.98,0.74,0.15,0.07,0.47,0.26
2,0.11,0.13,3.86,1.52,0.55,0.5,10.46,0.15,0.35,0.53,0.98,0.74,0.15,0.07,0.47,0.26
2,0.11,0.13,3.86,1.52,0.55,0.5,10.46,0.15,0.35,0.53,0.98,0.74,0.15,0.07,0.47,0.26
2,0.11,0.13,3.86,1.52,0.55,0.5,10.46,0.15,0.35,0.53,0.98,0.74,0.15,0.07,0.47,0.26
2,0.11,0.13,3.86,1.52,0.55,0.5,10.46,0.15,0.35,0.53,0.98,0.74,0.15,0.07,0.47,0.26
2,0.11,0.13,3.86,1.52,0.55,0.5,10.46,0.15,0.35,0.53,0.98,0.74,0.15,0.07,0.47,0.26
2,0.11,0.13,3.86,1.52,0.55,0.5,10.46,0.15,0.35,0.53,0.98,0.74,0.15,0.07,0.47,0.26
2,0.11,0.13,3.86,1.52,0.55,0.5,10.46,0.15,0.35,0.53,0.98,0.74,0.15,0.07,0.47,0.26
2,0.21,0.18,4.83,14.59,0.57,-0.52,8.84,0.16,1.81,0.25,0.9,0.74,0.23,0.6,0.37,0.32
2,0.21,0.18,4.83,14.59,0.57,-0.52,8.84,0.16,1.81,0.25,0.9,0.74,0.23,0.6,0.37,0.32
2,0.21,0.18,4.83,14.59,0.57,-0.52,8.84,0.16,1.81,0.25,0.9,0.74,0.23,0.6,0.37,0.32
2,0.21,0.18,4.83,14.59,0.57,-0.52,8.84,0.16,1.81,0.25,0.9,0.74,0.23,0.6,0.37,0.32
2,0.21,0.18,4.83,14.59,0.57,-0.52,8.84,0.16,1.81,0.25,0.9,0.74,0.23,0.6,0.37,0.32
2,0.21,0.18,4.83,14.59,0.57,-0.52,8.84,0.16,1.81,0.25,0.9,0.74,0.23,0.6,0.37,0.32
2,0.21,0.18,4.83,14.59,0.57,-0.52,8.84,0.16,1.81,0.25,0.9,0.74,0.23,0.6,0.37,0.32
2,0.21,0.18,4.83,14.59,0.57,-0.52,8.84,0.16,1.81,0.25,0.9,0.74,0.23,0.6,0.37,0.32
2,0.21,0.18,4.83,14.59,0.57,-0.52,8.84,0.16,1.81,0.25,0.9,0.74,0.23,0.6,0.37,0.32
2,0.21,0.18,4.83,14.59,0.57,-0.52,8.84,0.16,1.81,0.25,0.9,0.74,0.23,0.6,0.37,0.32
2,0.21,0.18,4.83,14.59,0.57,-0.52,8.84,0.16,1.81,0.25,0.9,0.74,0.23,0.6,0.37,0.32
2,0.21,0.18,4.83,14.59,0.57,-0.52,8.84,0.16,1.81,0.25,0.9,0.74,0.23,0.6,0.37,0.32
2,0.21,0.25,3.92,2.2,0.49,0.15,10.41,0.23,0.75,0.44,0.97,0.87,0.17,0.07,0.45,0.17
2,0.21,0.25,3.92,2.2,0.49,0.15,10.41,0.23,0.75,0.44,0.97,0.87,0.17,0.07,0.45,0.17
2,0.21,0.25,3.92,2.2,0.49,0.15,10.41,0.23,0.75,0.44,0.97,0.87,0.17,0.07,0.45,0.17
2,0.21,0.25,3.92,2.2,0.49,0.15,10.41,0.23,0.75,0.44,0.97,0.87,0.17,0.07,0.45,0.17
2,0.21,0.25,3.92,2.2,0.49,0.15,10.41,0.23,0.75,0.44,0.97,0.87,0.17,0.07,0.45,0.17
2,0.21,0.25,3.92,2.2,0.49,0.15,10.41,0.23,0.75,0.44,0.97,0.87,0.17,0.07,0.45,0.17
2,0.21,0.25,3.92,2.2,0.49,0.15,10.41,0.23,0.75,0.44,0.97,0.87,0.17,0.07,0.45,0.17
2,0.21,0.25,3.92,2.2,0.49,0.15,10.41,0.23,0.75,0.44,0.97,0.87,0.17,0.07,0.45,0.17
2,0.21,0.25,3.92,2.2,0.49,0.15,10.41,0.23,0.75,0.44,0.97,0.87,0.17,0.07,0.45,0.17
2,0.21,0.25,3.92,2.2,0.49,0.15,10.41,0.23,0.75,0.44,0.97,0.87,0.17,0.07,0.45,0.17
2,0.21,0.25,3.92,2.2,0.49,0.15,10.41,0.23,0.75,0.44,0.97,0.87,0.17,0.07,0.45,0.17
2,0.21,0.25,3.92,2.2,0.49,0.15,10.41,0.23,0.75,0.44,0.97,0.87,0.17,0.07,0.45,0.17
2,0.12,0.15,3.87,26.47,0.52,-0.97,10.4,0.1,-1.25,0.66,0.86,0.81,0.14,0.22,0.36,0.12
2,0.12,0.15,3.87,26.47,0.52,-0.97,10.4,0.1,-1.25,0.66,0.86,0.81,0.14,0.22,0.36,0.12
2,0.12,0.15,3.87,26.47,0.52,-0.97,10.4,0.1,-1.25,0.66,0.86,0.81,0.14,0.22,0.36,0.12
2,0.12,0.15,3.87,26.47,0.52,-0.97,10.4,0.1,-1.25,0.66,0.86,0.81,0.14,0.22,0.36,0.12
2,0.12,0.15,3.87,26.47,0.52,-0.97,10.4,0.1,-1.25,0.66,0.86,0.81,0.14,0.22,0.36,0.12
2,0.12,0.15,3.87,26.47,0.52,-0.97,10.4,0.1,-1.25,0.66,0.86,0.81,0.14,0.22,0.36,0.12
2,0.12,0.15,3.87,26.47,0.52,-0.97,10.4,0.1,-1.25,0.66,0.86,0.81,0.14,0.22,0.36,0.12
2,0.12,0.15,3.87,26.47,0.52,-0.97,10.4,0.1,-1.25,0.66,0.86,0.81,0.14,0.22,0.36,0.12
2,0.12,0.15,3.87,26.47,0.52,-0.97,10.4,0.1,-1.25,0.66,0.86,0.81,0.14,0.22,0.36,0.12
2,0.12,0.15,3.87,26.47,0.52,-0.97,10.4,0.1,-1.25,0.66,0.86,0.81,0.14,0.22,0.36,0.12
2,0.12,0.15,3.87,26.47,0.52,-0.97,10.4,0.1,-1.25,0.66,0.86,0.81,0.14,0.22,0.36,0.12
2,0.12,0.15,3.87,26.47,0.52,-0.97,10.4,0.1,-1.25,0.66,0.86,0.81,0.14,0.22,0.36,0.12
2,0.15,0.18,3.85,6.65,0.52,-0.14,10.41,0.12,0.09,0.55,0.98,0.57,0.18,0.07,0.45,0.31
2,0.15,0.18,3.85,6.65,0.52,-0.14,10.41,0.12,0.09,0.55,0.98,0.57,0.18,0.07,0.45,0.31
2,0.15,0.18,3.85,6.65,0.52,-0.14,10.41,0.12,0.09,0.55,0.98,0.57,0.18,0.07,0.45,0.31
2,0.15,0.18,3.85,6.65,0.52,-0.14,10.41,0.12,0.09,0.55,0.98,0.57,0.18,0.07,0.45,0.31
2,0.15,0.18,3.85,6.65,0.52,-0.14,10.41,0.12,0.09,0.55,0.98,0.57,0.18,0.07,0.45,0.31
2,0.15,0.18,3.85,6.65,0.52,-0.14,10.41,0.12,0.09,0.55,0.98,0.57,0.18,0.07,0.45,0.31
2,0.15,0.18,3.85,6.65,0.52,-0.14,10.41,0.12,0.09,0.55,0.98,0.57,0.18,0.07,0.45,0.31
2,0.15,0.18,3.85,6.65,0.52,-0.14,10.41,0.12,0.09,0.55,0.98,0.57,0.18,0.07,0.45,0.31
2,0.15,0.18,3.85,6.65,0.52,-0.14,10.41,0.12,0.09,0.55,0.98,0.57,0.18,0.07,0.45,0.31
2,0.15,0.18,3.85,6.65,0.52,-0.14,10.41,0.12,0.09,0.55,0.98,0.57,0.18,0.07,0.45,0.31
2,0.15,0.18,3.85,6.65,0.52,-0.14,10.41,0.12,0.09,0.55,0.98,0.57,0.18,0.07,0.45,0.31
2,0.15,0.18,3.85,6.65,0.52,-0.14,10.41,0.12,0.09,0.55,0.98,0.57,0.18,0.07,0.45,0.31
2,0.15,0.12,3.98,17.82,0.85,-0.26,10.27,0.17,-1.89,0.76,0.88,0.69,0.11,0.28,0.68,0.1
2,0.15,0.12,3.98,17.82,0.85,-0.26,10.27,0.17,-1.89,0.76,0.88,0.69,0.11,0.28,0.68,0.1
2,0.15,0.12,3.98,17.82,0.85,-0.26,10.27,0.17,-1.89,0.76,0.88,0.69,0.11,0.28,0.68,0.1
2,0.15,0.12,3.98,17.82,0.85,-0.26,10.27,0.17,-1.89,0.76,0.88,0.69,0.11,0.28,0.68,0.1
2,0.15,0.12,3.98,17.82,0.85,-0.26,10.27,0.17,-1.89,0.76,0.88,0.69,0.11,0.28,0.68,0.1
2,0.15,0.12,3.98,17.82,0.85,-0.26,10.27,0.17,-1.89,0.76,0.88,0.69,0.11,0.28,0.68,0.1
2,0.15,0.12,3.98,17.82,0.85,-0.26,10.27,0.17,-1.89,0.76,0.88,0.69,0.11,0.28,0.68,0.1
2,0.15,0.12,3.98,17.82,0.85,-0.26,10.27,0.17,-1.89,0.76,0.88,0.69,0.11,0.28,0.68,0.1
2,0.15,0.12,3.98,17.82,0.85,-0.26,10.27,0.17,-1.89,0.76,0.88,0.69,0.11,0.28,0.68,0.1
2,0.15,0.12,3.98,17.82,0.85,-0.26,10.27,0.17,-1.89,0.76,0.88,0.69,0.11,0.28,0.68,0.1
2,0.15,0.12,3.98,17.82,0.85,-0.26,10.27,0.17,-1.89,0.76,0.88,0.69,0.11,0.28,0.68,0.1
2,0.15,0.12,3.98,17.82,0.85,-0.26,10.27,0.17,-1.89,0.76,0.88,0.69,0.11,0.28,0.68,0.1
2,0.17,0.15,3.91,0.91,0.37,-0.09,10.42,0.12,-0.1,0.52,0.97,0.64,0.13,0.06,0.47,0.16
2,0.17,0.15,3.91,0.91,0.37,-0.09,10.42,0.12,-0.1,0.52,0.97,0.64,0.13,0.06,0.47,0.16
2,0.17,0.15,3.91,0.91,0.37,-0.09,10.42,0.12,-0.1,0.52,0.97,0.64,0.13,0.06,0.47,0.16
2,0.17,0.15,3.91,0.91,0.37,-0.09,10.42,0.12,-0.1,0.52,0.97,0.64,0.13,0.06,0.47,0.16
2,0.17,0.15,3.91,0.91,0.37,-0.09,10.42,0.12,-0.1,0.52,0.97,0.64,0.13,0.06,0.47,0.16
2,0.17,0.15,3.91,0.91,0.37,-0.09,10.42,0.12,-0.1,0.52,0.97,0.64,0.13,0.06,0.47,0.16
2,0.17,0.15,3.91,0.91,0.37,-0.09,10.42,0.12,-0.1,0.52,0.97,0.64,0.13,0.06,0.47,0.16
2,0.17,0.15,3.91,0.91,0.37,-0.09,10.42,0.12,-0.1,0.52,0.97,0.64,0.13,0.06,0.47,0.16
2,0.17,0.15,3.91,0.91,0.37,-0.09,10.42,0.12,-0.1,0.52,0.97,0.64,0.13,0.06,0.47,0.16
2,0.17,0.15,3.91,0.91,0.37,-0.09,10.42,0.12,-0.1,0.52,0.97,0.64,0.13,0.06,0.47,0.16
2,0.17,0.15,3.91,0.91,0.37,-0.09,10.42,0.12,-0.1,0.52,0.97,0.64,0.13,0.06,0.47,0.16
2,0.17,0.15,3.91,0.91,0.37,-0.09,10.42,0.12,-0.1,0.52,0.97,0.64,0.13,0.06,0.47,0.16
2,0.12,0.15,3.68,2.21,0.32,0.55,10.75,0.14,0.77,0.34,0.96,0.76,0.16,0.08,0.52,0.14
2,0.12,0.15,3.68,2.21,0.32,0.55,10.75,0.14,0.77,0.34,0.96,0.76,0.16,0.08,0.52,0.14
2,0.12,0.15,3.68,2.21,0.32,0.55,10.75,0.14,0.77,0.34,0.96,0.76,0.16,0.08,0.52,0.14
2,0.12,0.15,3.68,2.21,0.32,0.55,10.75,0.14,0.77,0.34,0.96,0.76,0.16,0.08,0.52,0.14
2,0.12,0.15,3.68,2.21,0.32,0.55,10.75,0.14,0.77,0.34,0.96,0.76,0.16,0.08,0.52,0.14
2,0.12,0.15,3.68,2.21,0.32,0.55,10.75,0.14,0.77,0.34,0.96,0.76,0.16,0.08,0.52,0.14
2,0.12,0.15,3.68,2.21,0.32,0.55,10.75,0.14,0.77,0.34,0.96,0.76,0.16,0.08,0.52,0.14
2,0.12,0.15,3.68,2.21,0.32,0.55,10.75,0.14,0.77,0.34,0.96,0.76,0.16,0.08,0.52,0.14
2,0.12,0.15,3.68,2.21,0.32,0.55,10.75,0.14,0.77,0.34,0.96,0.76,0.16,0.08,0.52,0.14
2,0.12,0.15,3.68,2.21,0.32,0.55,10.75,0.14,0.77,0.34,0.96,0.76,0.16,0.08,0.52,0.14
2,0.12,0.15,3.68,2.21,0.32,0.55,10.75,0.14,0.77,0.34,0.96,0.76,0.16,0.08,0.52,0.14
2,0.12,0.15,3.68,2.21,0.32,0.55,10.75,0.14,0.77,0.34,0.96,0.76,0.16,0.08,0.52,0.14
2,0.09,0.15,3.86,2.29,0.62,-0.25,10.69,0.13,-0.15,0.66,0.96,0.89,0.12,0.08,0.42,0.16
2,0.09,0.15,3.86,2.29,0.62,-0.25,10.69,0.13,-0.15,0.66,0.96,0.89,0.12,0.08,0.42,0.16
2,0.09,0.15,3.86,2.29,0.62,-0.25,10.69,0.13,-0.15,0.66,0.96,0.89,0.12,0.08,0.42,0.16
2,0.09,0.15,3.86,2.29,0.62,-0.25,10.69,0.13,-0.15,0.66,0.96,0.89,0.12,0.08,0.42,0.16
2,0.09,0.15,3.86,2.29,0.62,-0.25,10.69,0.13,-0.15,0.66,0.96,0.89,0.12,0.08,0.42,0.16
2,0.09,0.15,3.86,2.29,0.62,-0.25,10.69,0.13,-0.15,0.66,0.96,0.89,0.12,0.08,0.42,0.16
2,0.09,0.15,3.86,2.29,0.62,-0.25,10.69,0.13,-0.15,0.66,0.96,0.89,0.12,0.08,0.42,0.16
2,0.09,0.15,3.86,2.29,0.62,-0.25,10.69,0.13,-0.15,0.66,0.96,0.89,0.12,0.08,0.42,0.16
2,0.09,0.15,3.86,2.29,0.62,-0.25,10.69,0.13,-0.15,0.66,0.96,0.89,0.12,0.08,0.42,0.16
2,0.09,0.15,3.86,2.29,0.62,-0.25,10.69,0.13,-0.15,0.66,0.96,0.89,0.12,0.08,0.42,0.16
2,0.09,0.15,3.86,2.29,0.62,-0.25,10.69,0.13,-0.15,0.66,0.96,0.89,0.12,0.08,0.42,0.16
2,0.09,0.15,3.86,2.29,0.62,-0.25,10.69,0.13,-0.15,0.66,0.96,0.89,0.12,0.08,0.42,0.16
2,0.11,0.15,3.74,2.24,0.54,-0.86,10.4,0.14,-0.26,0.59,0.97,0.89,0.12,0.06,0.43,0.16
2,0.11,0.15,3.74,2.24,0.54,-0.86,10.4,0.14,-0.26,0.59,0.97,0.89,0.12,0.06,0.43,0.16
2,0.11,0.15,3.74,2.24,0.54,-0.86,10.4,0.14,-0.26,0.59,0.97,0.89,0.12,0.06,0.43,0.16
2,0.11,0.15,3.74,2.24,0.54,-0.86,10.4,0.14,-0.26,0.59,0.97,0.89,0.12,0.06,0.43,0.16
2,0.11,0.15,3.74,2.24,0.54,-0.86,10.4,0.14,-0.26,0.59,0.97,0.89,0.12,0.06,0.43,0.16
2,0.11,0.15,3.74,2.24,0.54,-0.86,10.4,0.14,-0.26,0.59,0.97,0.89,0.12,0.06,0.43,0.16
2,0.11,0.15,3.74,2.24,0.54,-0.86,10.4,0.14,-0.26,0.59,0.97,0.89,0.12,0.06,0.43,0.16
2,0.11,0.15,3.74,2.24,0.54,-0.86,10.4,0.14,-0.26,0.59,0.97,0.89,0.12,0.06,0.43,0.16
2,0.11,0.15,3.74,2.24,0.54,-0.86,10.4,0.14,-0.26,0.59,0.97,0.89,0.12,0.06,0.43,0.16
2,0.11,0.15,3.74,2.24,0.54,-0.86,10.4,0.14,-0.26,0.59,0.97,0.89,0.12,0.06,0.43,0.16
2,0.11,0.15,3.74,2.24,0.54,-0.86,10.4,0.14,-0.26,0.59,0.97,0.89,0.12,0.06,0.43,0.16
2,0.11,0.15,3.74,2.24,0.54,-0.86,10.4,0.14,-0.26,0.59,0.97,0.89,0.12,0.06,0.43,0.16
2,0.14,0.16,3.75,15.91,0.58,-0.11,10.56,0.16,-0.23,0.69,0.88,0.65,0.15,0.43,0.34,0.25
2,0.14,0.16,3.75,15.91,0.58,-0.11,10.56,0.16,-0.23,0.69,0.88,0.65,0.15,0.43,0.34,0.25
2,0.14,0.16,3.75,15.91,0.58,-0.11,10.56,0.16,-0.23,0.69,0.88,0.65,0.15,0.43,0.34,0.25
2,0.14,0.16,3.75,15.91,0.58,-0.11,10.56,0.16,-0.23,0.69,0.88,0.65,0.15,0.43,0.34,0.25
2,0.14,0.16,3.75,15.91,0.58,-0.11,10.56,0.16,-0.23,0.69,0.88,0.65,0.15,0.43,0.34,0.25
2,0.14,0.16,3.75,15.91,0.58,-0.11,10.56,0.16,-0.23,0.69,0.88,0.65,0.15,0.43,0.34,0.25
2,0.14,0.16,3.75,15.91,0.58,-0.11,10.56,0.16,-0.23,0.69,0.88,0.65,0.15,0.43,0.34,0.25
2,0.14,0.16,3.75,15.91,0.58,-0.11,10.56,0.16,-0.23,0.69,0.88,0.65,0.15,0.43,0.34,0.25
2,0.14,0.16,3.75,15.91,0.58,-0.11,10.56,0.16,-0.23,0.69,0.88,0.65,0.15,0.43,0.34,0.25
2,0.14,0.16,3.75,15.91,0.58,-0.11,10.56,0.16,-0.23,0.69,0.88,0.65,0.15,0.43,0.34,0.25
2,0.14,0.16,3.75,15.91,0.58,-0.11,10.56,0.16,-0.23,0.69,0.88,0.65,0.15,0.43,0.34,0.25
2,0.14,0.16,3.75,15.91,0.58,-0.11,10.56,0.16,-0.23,0.69,0.88,0.65,0.15,0.43,0.34,0.25
2,0.2,0.22,3.89,13.13,0.43,0.96,10.56,0.17,-0.55,0.6,0.94,0.66,0.16,0.23,0.67,0.24
2,0.2,0.22,3.89,13.13,0.43,0.96,10.56,0.17,-0.55,0.6,0.94,0.66,0.16,0.23,0.67,0.24
2,0.2,0.22,3.89,13.13,0.43,0.96,10.56,0.17,-0.55,0.6,0.94,0.66,0.16,0.23,0.67,0.24
2,0.2,0.22,3.89,13.13,0.43,0.96,10.56,0.17,-0.55,0.6,0.94,0.66,0.16,0.23,0.67,0.24
2,0.2,0.22,3.89,13.13,0.43,0.96,10.56,0.17,-0.55,0.6,0.94,0.66,0.16,0.23,0.67,0.24
2,0.2,0.22,3.89,13.13,0.43,0.96,10.56,0.17,-0.55,0.6,0.94,0.66,0.16,0.23,0.67,0.24
2,0.2,0.22,3.89,13.13,0.43,0.96,10.56,0.17,-0.55,0.6,0.94,0.66,0.16,0.23,0.67,0.24
2,0.2,0.22,3.89,13.13,0.43,0.96,10.56,0.17,-0.55,0.6,0.94,0.66,0.16,0.23,0.67,0.24
2,0.2,0.22,3.89,13.13,0.43,0.96,10.56,0.17,-0.55,0.6,0.94,0.66,0.16,0.23,0.67,0.24
2,0.2,0.22,3.89,13.13,0.43,0.96,10.56,0.17,-0.55,0.6,0.94,0.66,0.16,0.23,0.67,0.24
2,0.2,0.22,3.89,13.13,0.43,0.96,10.56,0.17,-0.55,0.6,0.94,0.66,0.16,0.23,0.67,0.24
2,0.2,0.22,3.89,13.13,0.43,0.96,10.56,0.17,-0.55,0.6,0.94,0.66,0.16,0.23,0.67,0.24
2,0.15,0.2,3.96,2.05,0.39,0.2,10.52,0.14,0.56,0.52,0.96,0.59,0.1,0.09,0.44,0.22
2,0.15,0.2,3.96,2.05,0.39,0.2,10.52,0.14,0.56,0.52,0.96,0.59,0.1,0.09,0.44,0.22
2,0.15,0.2,3.96,2.05,0.39,0.2,10.52,0.14,0.56,0.52,0.96,0.59,0.1,0.09,0.44,0.22
2,0.15,0.2,3.96,2.05,0.39,0.2,10.52,0.14,0.56,0.52,0.96,0.59,0.1,0.09,0.44,0.22
2,0.15,0.2,3.96,2.05,0.39,0.2,10.52,0.14,0.56,0.52,0.96,0.59,0.1,0.09,0.44,0.22
2,0.15,0.2,3.96,2.05,0.39,0.2,10.52,0.14,0.56,0.52,0.96,0.59,0.1,0.09,0.44,0.22
2,0.15,0.2,3.96,2.05,0.39,0.2,10.52,0.14,0.56,0.52,0.96,0.59,0.1,0.09,0.44,0.22
2,0.15,0.2,3.96,2.05,0.39,0.2,10.52,0.14,0.56,0.52,0.96,0.59,0.1,0.09,0.44,0.22
2,0.15,0.2,3.96,2.05,0.39,0.2,10.52,0.14,0.56,0.52,0.96,0.59,0.1,0.09,0.44,0.22
2,0.15,0.2,3.96,2.05,0.39,0.2,10.52,0.14,0.56,0.52,0.96,0.59,0.1,0.09,0.44,0.22
2,0.15,0.2,3.96,2.05,0.39,0.2,10.52,0.14,0.56,0.52,0.96,0.59,0.1,0.09,0.44,0.22
2,0.15,0.2,3.96,2.05,0.39,0.2,10.52,0.14,0.56,0.52,0.96,0.59,0.1,0.09,0.44,0.22
2,0.07,0.13,4.18,1.3,0.63,-0.87,9.76,0.09,0.62,0.67,0.92,0.43,0.06,0.17,0.5,0.17
2,0.07,0.13,4.18,1.3,0.63,-0.87,9.76,0.09,0.62,0.67,0.92,0.43,0.06,0.17,0.5,0.17
2,0.07,0.13,4.18,1.3,0.63,-0.87,9.76,0.09,0.62,0.67,0.92,0.43,0.06,0.17,0.5,0.17
2,0.07,0.13,4.18,1.3,0.63,-0.87,9.76,0.09,0.62,0.67,0.92,0.43,0.06,0.17,0.5,0.17
2,0.07,0.13,4.18,1.3,0.63,-0.87,9.76,0.09,0.62,0.67,0.92,0.43,0.06,0.17,0.5,0.17
2,0.07,0.13,4.18,1.3,0.63,-0.87,9.76,0.09,0.62,0.67,0.92,0.43,0.06,0.17,0.5,0.17
2,0.07,0.13,4.18,1.3,0.63,-0.87,9.76,0.09,0.62,0.67,0.92,0.43,0.06,0.17,0.5,0.17
2,0.07,0.13,4.18,1.3,0.63,-0.87,9.76,0.09,0.62,0.67,0.92,0.43,0.06,0.17,0.5,0.17
2,0.07,0.13,4.18,1.3,0.63,-0.87,9.76,0.09,0.62,0.67,0.92,0.43,0.06,0.17,0.5,0.17
2,0.07,0.13,4.18,1.3,0.63,-0.87,9.76,0.09,0.62,0.67,0.92,0.43,0.06,0.17,0.5,0.17
2,0.07,0.13,4.18,1.3,0.63,-0.87,9.76,0.09,0.62,0.67,0.92,0.43,0.06,0.17,0.5,0.17
2,0.07,0.13,4.18,1.3,0.63,-0.87,9.76,0.09,0.62,0.67,0.92,0.43,0.06,0.17,0.5,0.17
2,0.16,0.16,3.82,2.89,0.43,0.27,10.55,0.15,-0.41,0.46,0.95,0.77,0.12,0.13,0.38,0.23
2,0.16,0.16,3.82,2.89,0.43,0.27,10.55,0.15,-0.41,0.46,0.95,0.77,0.12,0.13,0.38,0.23
2,0.16,0.16,3.82,2.89,0.43,0.27,10.55,0.15,-0.41,0.46,0.95,0.77,0.12,0.13,0.38,0.23
2,0.16,0.16,3.82,2.89,0.43,0.27,10.55,0.15,-0.41,0.46,0.95,0.77,0.12,0.13,0.38,0.23
2,0.16,0.16,3.82,2.89,0.43,0.27,10.55,0.15,-0.41,0.46,0.95,0.77,0.12,0.13,0.38,0.23
2,0.16,0.16,3.82,2.89,0.43,0.27,10.55,0.15,-0.41,0.46,0.95,0.77,0.12,0.13,0.38,0.23
2,0.16,0.16,3.82,2.89,0.43,0.27,10.55,0.15,-0.41,0.46,0.95,0.77,0.12,0.13,0.38,0.23
2,0.16,0.16,3.82,2.89,0.43,0.27,10.55,0.15,-0.41,0.46,0.95,0.77,0.12,0.13,0.38,0.23
2,0.16,0.16,3.82,2.89,0.43,0.27,10.55,0.15,-0.41,0.46,0.95,0.77,0.12,0.13,0.38,0.23
2,0.16,0.16,3.82,2.89,0.43,0.27,10.55,0.15,-0.41,0.46,0.95,0.77,0.12,0.13,0.38,0.23
2,0.16,0.16,3.82,2.89,0.43,0.27,10.55,0.15,-0.41,0.46,0.95,0.77,0.12,0.13,0.38,0.23
2,0.16,0.16,3.82,2.89,0.43,0.27,10.55,0.15,-0.41,0.46,0.95,0.77,0.12,0.13,0.38,0.23
2,0.16,0.17,3.76,5.12,0.65,-0.8,10.76,0.12,-0.11,0.55,0.93,0.56,0.14,0.25,0.38,0.27
2,0.16,0.17,3.76,5.12,0.65,-0.8,10.76,0.12,-0.11,0.55,0.93,0.56,0.14,0.25,0.38,0.27
2,0.16,0.17,3.76,5.12,0.65,-0.8,10.76,0.12,-0.11,0.55,0.93,0.56,0.14,0.25,0.38,0.27
2,0.16,0.17,3.76,5.12,0.65,-0.8,10.76,0.12,-0.11,0.55,0.93,0.56,0.14,0.25,0.38,0.27
2,0.16,0.17,3.76,5.12,0.65,-0.8,10.76,0.12,-0.11,0.55,0.93,0.56,0.14,0.25,0.38,0.27
2,0.16,0.17,3.76,5.12,0.65,-0.8,10.76,0.12,-0.11,0.55,0.93,0.56,0.14,0.25,0.38,0.27
2,0.16,0.17,3.76,5.12,0.65,-0.8,10.76,0.12,-0.11,0.55,0.93,0.56,0.14,0.25,0.38,0.27
2,0.16,0.17,3.76,5.12,0.65,-0.8,10.76,0.12,-0.11,0.55,0.93,0.56,0.14,0.25,0.38,0.27
2,0.16,0.17,3.76,5.12,0.65,-0.8,10.76,0.12,-0.11,0.55,0.93,0.56,0.14,0.25,0.38,0.27
2,0.16,0.17,3.76,5.12,0.65,-0.8,10.76,0.12,-0.11,0.55,0.93,0.56,0.14,0.25,0.38,0.27
2,0.16,0.17,3.76,5.12,0.65,-0.8,10.76,0.12,-0.11,0.55,0.93,0.56,0.14,0.25,0.38,0.27
2,0.16,0.17,3.76,5.12,0.65,-0.8,10.76,0.12,-0.11,0.55,0.93,0.56,0.14,0.25,0.38,0.27
2,0.08,0.1,3.77,10.44,0.46,0.15,10.4,0.1,-3.31,0.8,0.98,0.57,0.13,0.04,0.56,0.19
2,0.08,0.1,3.77,10.44,0.46,0.15,10.4,0.1,-3.31,0.8,0.98,0.57,0.13,0.04,0.56,0.19
2,0.08,0.1,3.77,10.44,0.46,0.15,10.4,0.1,-3.31,0.8,0.98,0.57,0.13,0.04,0.56,0.19
2,0.08,0.1,3.77,10.44,0.46,0.15,10.4,0.1,-3.31,0.8,0.98,0.57,0.13,0.04,0.56,0.19
2,0.08,0.1,3.77,10.44,0.46,0.15,10.4,0.1,-3.31,0.8,0.98,0.57,0.13,0.04,0.56,0.19
2,0.08,0.1,3.77,10.44,0.46,0.15,10.4,0.1,-3.31,0.8,0.98,0.57,0.13,0.04,0.56,0.19
2,0.08,0.1,3.77,10.44,0.46,0.15,10.4,0.1,-3.31,0.8,0.98,0.57,0.13,0.04,0.56,0.19
2,0.08,0.1,3.77,10.44,0.46,0.15,10.4,0.1,-3.31,0.8,0.98,0.57,0.13,0.04,0.56,0.19
2,0.08,0.1,3.77,10.44,0.46,0.15,10.4,0.1,-3.31,0.8,0.98,0.57,0.13,0.04,0.56,0.19
2,0.08,0.1,3.77,10.44,0.46,0.15,10.4,0.1,-3.31,0.8,0.98,0.57,0.13,0.04,0.56,0.19
2,0.08,0.1,3.77,10.44,0.46,0.15,10.4,0.1,-3.31,0.8,0.98,0.57,0.13,0.04,0.56,0.19
2,0.08,0.1,3.77,10.44,0.46,0.15,10.4,0.1,-3.31,0.8,0.98,0.57,0.13,0.04,0.56,0.19
2,0.12,0.12,3.9,17.32,0.54,-2.34,10.34,0.11,-0.08,0.51,0.95,0.47,0.12,0.16,0.39,0.23
2,0.12,0.12,3.9,17.32,0.54,-2.34,10.34,0.11,-0.08,0.51,0.95,0.47,0.12,0.16,0.39,0.23
2,0.12,0.12,3.9,17.32,0.54,-2.34,10.34,0.11,-0.08,0.51,0.95,0.47,0.12,0.16,0.39,0.23
2,0.12,0.12,3.9,17.32,0.54,-2.34,10.34,0.11,-0.08,0.51,0.95,0.47,0.12,0.16,0.39,0.23
2,0.12,0.12,3.9,17.32,0.54,-2.34,10.34,0.11,-0.08,0.51,0.95,0.47,0.12,0.16,0.39,0.23
2,0.12,0.12,3.9,17.32,0.54,-2.34,10.34,0.11,-0.08,0.51,0.95,0.47,0.12,0.16,0.39,0.23
2,0.12,0.12,3.9,17.32,0.54,-2.34,10.34,0.11,-0.08,0.51,0.95,0.47,0.12,0.16,0.39,0.23
2,0.12,0.12,3.9,17.32,0.54,-2.34,10.34,0.11,-0.08,0.51,0.95,0.47,0.12,0.16,0.39,0.23
2,0.12,0.12,3.9,17.32,0.54,-2.34,10.34,0.11,-0.08,0.51,0.95,0.47,0.12,0.16,0.39,0.23
2,0.12,0.12,3.9,17.32,0.54,-2.34,10.34,0.11,-0.08,0.51,0.95,0.47,0.12,0.16,0.39,0.23
2,0.12,0.12,3.9,17.32,0.54,-2.34,10.34,0.11,-0.08,0.51,0.95,0.47,0.12,0.16,0.39,0.23
2,0.12,0.12,3.9,17.32,0.54,-2.34,10.34,0.11,-0.08,0.51,0.95,0.47,0.12,0.16,0.39,0.23
2,0.19,0.2,3.86,3.61,0.44,0.6,10.45,0.17,-0.1,0.5,0.92,0.56,0.18,0.16,0.5,0.19
2,0.19,0.2,3.86,3.61,0.44,0.6,10.45,0.17,-0.1,0.5,0.92,0.56,0.18,0.16,0.5,0.19
2,0.19,0.2,3.86,3.61,0.44,0.6,10.45,0.17,-0.1,0.5,0.92,0.56,0.18,0.16,0.5,0.19
2,0.19,0.2,3.86,3.61,0.44,0.6,10.45,0.17,-0.1,0.5,0.92,0.56,0.18,0.16,0.5,0.19
2,0.19,0.2,3.86,3.61,0.44,0.6,10.45,0.17,-0.1,0.5,0.92,0.56,0.18,0.16,0.5,0.19
2,0.19,0.2,3.86,3.61,0.44,0.6,10.45,0.17,-0.1,0.5,0.92,0.56,0.18,0.16,0.5,0.19
2,0.19,0.2,3.86,3.61,0.44,0.6,10.45,0.17,-0.1,0.5,0.92,0.56,0.18,0.16,0.5,0.19
2,0.19,0.2,3.86,3.61,0.44,0.6,10.45,0.17,-0.1,0.5,0.92,0.56,0.18,0.16,0.5,0.19
2,0.19,0.2,3.86,3.61,0.44,0.6,10.45,0.17,-0.1,0.5,0.92,0.56,0.18,0.16,0.5,0.19
2,0.19,0.2,3.86,3.61,0.44,0.6,10.45,0.17,-0.1,0.5,0.92,0.56,0.18,0.16,0.5,0.19
2,0.19,0.2,3.86,3.61,0.44,0.6,10.45,0.17,-0.1,0.5,0.92,0.56,0.18,0.16,0.5,0.19
2,0.19,0.2,3.86,3.61,0.44,0.6,10.45,0.17,-0.1,0.5,0.92,0.56,0.18,0.16,0.5,0.19
2,0.12,0.14,3.93,2.93,0.37,0.42,10.34,0.11,0.46,0.45,0.92,0.78,0.17,0.14,0.46,0.15
2,0.12,0.14,3.93,2.93,0.37,0.42,10.34,0.11,0.46,0.45,0.92,0.78,0.17,0.14,0.46,0.15
2,0.12,0.14,3.93,2.93,0.37,0.42,10.34,0.11,0.46,0.45,0.92,0.78,0.17,0.14,0.46,0.15
2,0.12,0.14,3.93,2.93,0.37,0.42,10.34,0.11,0.46,0.45,0.92,0.78,0.17,0.14,0.46,0.15
2,0.12,0.14,3.93,2.93,0.37,0.42,10.34,0.11,0.46,0.45,0.92,0.78,0.17,0.14,0.46,0.15
2,0.12,0.14,3.93,2.93,0.37,0.42,10.34,0.11,0.46,0.45,0.92,0.78,0.17,0.14,0.46,0.15
2,0.12,0.14,3.93,2.93,0.37,0.42,10.34,0.11,0.46,0.45,0.92,0.78,0.17,0.14,0.46,0.15
2,0.12,0.14,3.93,2.93,0.37,0.42,10.34,0.11,0.46,0.45,0.92,0.78,0.17,0.14,0.46,0.15
2,0.12,0.14,3.93,2.93,0.37,0.42,10.34,0.11,0.46,0.45,0.92,0.78,0.17,0.14,0.46,0.15
2,0.12,0.14,3.93,2.93,0.37,0.42,10.34,0.11,0.46,0.45,0.92,0.78,0.17,0.14,0.46,0.15
2,0.12,0.14,3.93,2.93,0.37,0.42,10.34,0.11,0.46,0.45,0.92,0.78,0.17,0.14,0.46,0.15
2,0.12,0.14,3.93,2.93,0.37,0.42,10.34,0.11,0.46,0.45,0.92,0.78,0.17,0.14,0.46,0.15
2,0.17,0.12,3.88,17.27,0.68,-1.38,10.63,0.12,-0.42,0.56,0.98,0.55,0.13,0.06,0.27,0.18
2,0.17,0.12,3.88,17.27,0.68,-1.38,10.63,0.12,-0.42,0.56,0.98,0.55,0.13,0.06,0.27,0.18
2,0.17,0.12,3.88,17.27,0.68,-1.38,10.63,0.12,-0.42,0.56,0.98,0.55,0.13,0.06,0.27,0.18
2,0.17,0.12,3.88,17.27,0.68,-1.38,10.63,0.12,-0.42,0.56,0.98,0.55,0.13,0.06,0.27,0.18
2,0.17,0.12,3.88,17.27,0.68,-1.38,10.63,0.12,-0.42,0.56,0.98,0.55,0.13,0.06,0.27,0.18
2,0.17,0.12,3.88,17.27,0.68,-1.38,10.63,0.12,-0.42,0.56,0.98,0.55,0.13,0.06,0.27,0.18
2,0.17,0.12,3.88,17.27,0.68,-1.38,10.63,0.12,-0.42,0.56,0.98,0.55,0.13,0.06,0.27,0.18
2,0.17,0.12,3.88,17.27,0.68,-1.38,10.63,0.12,-0.42,0.56,0.98,0.55,0.13,0.06,0.27,0.18
2,0.17,0.12,3.88,17.27,0.68,-1.38,10.63,0.12,-0.42,0.56,0.98,0.55,0.13,0.06,0.27,0.18
2,0.17,0.12,3.88,17.27,0.68,-1.38,10.63,0.12,-0.42,0.56,0.98,0.55,0.13,0.06,0.27,0.18
2,0.17,0.12,3.88,17.27,0.68,-1.38,10.63,0.12,-0.42,0.56,0.98,0.55,0.13,0.06,0.27,0.18
2,0.17,0.12,3.88,17.27,0.68,-1.38,10.63,0.12,-0.42,0.56,0.98,0.55,0.13,0.06,0.27,0.18
2,0.17,0.14,3.88,28.81,0.64,-0.92,10.62,0.13,-0.32,0.57,0.97,0.75,0.15,0.11,0.29,0.18
2,0.17,0.14,3.88,28.81,0.64,-0.92,10.62,0.13,-0.32,0.57,0.97,0.75,0.15,0.11,0.29,0.18
2,0.17,0.14,3.88,28.81,0.64,-0.92,10.62,0.13,-0.32,0.57,0.97,0.75,0.15,0.11,0.29,0.18
2,0.17,0.14,3.88,28.81,0.64,-0.92,10.62,0.13,-0.32,0.57,0.97,0.75,0.15,0.11,0.29,0.18
2,0.17,0.14,3.88,28.81,0.64,-0.92,10.62,0.13,-0.32,0.57,0.97,0.75,0.15,0.11,0.29,0.18
2,0.17,0.14,3.88,28.81,0.64,-0.92,10.62,0.13,-0.32,0.57,0.97,0.75,0.15,0.11,0.29,0.18
2,0.17,0.14,3.88,28.81,0.64,-0.92,10.62,0.13,-0.32,0.57,0.97,0.75,0.15,0.11,0.29,0.18
2,0.17,0.14,3.88,28.81,0.64,-0.92,10.62,0.13,-0.32,0.57,0.97,0.75,0.15,0.11,0.29,0.18
2,0.17,0.14,3.88,28.81,0.64,-0.92,10.62,0.13,-0.32,0.57,0.97,0.75,0.15,0.11,0.29,0.18
2,0.17,0.14,3.88,28.81,0.64,-0.92,10.62,0.13,-0.32,0.57,0.97,0.75,0.15,0.11,0.29,0.18
2,0.17,0.14,3.88,28.81,0.64,-0.92,10.62,0.13,-0.32,0.57,0.97,0.75,0.15,0.11,0.29,0.18
2,0.17,0.14,3.88,28.81,0.64,-0.92,10.62,0.13,-0.32,0.57,0.97,0.75,0.15,0.11,0.29,0.18
2,0.17,0.18,3.97,3.54,0.4,0.42,10.39,0.13,0.25,0.53,0.93,0.52,0.2,0.15,0.52,0.22
2,0.17,0.18,3.97,3.54,0.4,0.42,10.39,0.13,0.25,0.53,0.93,0.52,0.2,0.15,0.52,0.22
2,0.17,0.18,3.97,3.54,0.4,0.42,10.39,0.13,0.25,0.53,0.93,0.52,0.2,0.15,0.52,0.22
2,0.17,0.18,3.97,3.54,0.4,0.42,10.39,0.13,0.25,0.53,0.93,0.52,0.2,0.15,0.52,0.22
2,0.17,0.18,3.97,3.54,0.4,0.42,10.39,0.13,0.25,0.53,0.93,0.52,0.2,0.15,0.52,0.22
2,0.17,0.18,3.97,3.54,0.4,0.42,10.39,0.13,0.25,0.53,0.93,0.52,0.2,0.15,0.52,0.22
2,0.17,0.18,3.97,3.54,0.4,0.42,10.39,0.13,0.25,0.53,0.93,0.52,0.2,0.15,0.52,0.22
2,0.17,0.18,3.97,3.54,0.4,0.42,10.39,0.13,0.25,0.53,0.93,0.52,0.2,0.15,0.52,0.22
2,0.17,0.18,3.97,3.54,0.4,0.42,10.39,0.13,0.25,0.53,0.93,0.52,0.2,0.15,0.52,0.22
2,0.17,0.18,3.97,3.54,0.4,0.42,10.39,0.13,0.25,0.53,0.93,0.52,0.2,0.15,0.52,0.22
2,0.17,0.18,3.97,3.54,0.4,0.42,10.39,0.13,0.25,0.53,0.93,0.52,0.2,0.15,0.52,0.22
2,0.17,0.18,3.97,3.54,0.4,0.42,10.39,0.13,0.25,0.53,0.93,0.52,0.2,0.15,0.52,0.22
2,0.14,0.11,3.95,24.83,0.44,-0.62,10.17,0.13,-0.58,0.59,0.89,0.6,0.16,0.41,0.39,0.21
2,0.14,0.11,3.95,24.83,0.44,-0.62,10.17,0.13,-0.58,0.59,0.89,0.6,0.16,0.41,0.39,0.21
2,0.14,0.11,3.95,24.83,0.44,-0.62,10.17,0.13,-0.58,0.59,0.89,0.6,0.16,0.41,0.39,0.21
2,0.14,0.11,3.95,24.83,0.44,-0.62,10.17,0.13,-0.58,0.59,0.89,0.6,0.16,0.41,0.39,0.21
2,0.14,0.11,3.95,24.83,0.44,-0.62,10.17,0.13,-0.58,0.59,0.89,0.6,0.16,0.41,0.39,0.21
2,0.14,0.11,3.95,24.83,0.44,-0.62,10.17,0.13,-0.58,0.59,0.89,0.6,0.16,0.41,0.39,0.21
2,0.14,0.11,3.95,24.83,0.44,-0.62,10.17,0.13,-0.58,0.59,0.89,0.6,0.16,0.41,0.39,0.21
2,0.14,0.11,3.95,24.83,0.44,-0.62,10.17,0.13,-0.58,0.59,0.89,0.6,0.16,0.41,0.39,0.21
2,0.14,0.11,3.95,24.83,0.44,-0.62,10.17,0.13,-0.58,0.59,0.89,0.6,0.16,0.41,0.39,0.21
2,0.14,0.11,3.95,24.83,0.44,-0.62,10.17,0.13,-0.58,0.59,0.89,0.6,0.16,0.41,0.39,0.21
2,0.14,0.11,3.95,24.83,0.44,-0.62,10.17,0.13,-0.58,0.59,0.89,0.6,0.16,0.41,0.39,0.21
2,0.14,0.11,3.95,24.83,0.44,-0.62,10.17,0.13,-0.58,0.59,0.89,0.6,0.16,0.41,0.39,0.21
2,0.16,0.15,3.74,1.03,0.19,0.47,10.44,0.11,0.2,0.46,0.91,0.8,0.18,0.09,0.39,0.1
2,0.16,0.15,3.74,1.03,0.19,0.47,10.44,0.11,0.2,0.46,0.91,0.8,0.18,0.09,0.39,0.1
2,0.16,0.15,3.74,1.03,0.19,0.47,10.44,0.11,0.2,0.46,0.91,0.8,0.18,0.09,0.39,0.1
2,0.16,0.15,3.74,1.03,0.19,0.47,10.44,0.11,0.2,0.46,0.91,0.8,0.18,0.09,0.39,0.1
2,0.16,0.15,3.74,1.03,0.19,0.47,10.44,0.11,0.2,0.46,0.91,0.8,0.18,0.09,0.39,0.1
2,0.16,0.15,3.74,1.03,0.19,0.47,10.44,0.11,0.2,0.46,0.91,0.8,0.18,0.09,0.39,0.1
2,0.16,0.15,3.74,1.03,0.19,0.47,10.44,0.11,0.2,0.46,0.91,0.8,0.18,0.09,0.39,0.1
2,0.16,0.15,3.74,1.03,0.19,0.47,10.44,0.11,0.2,0.46,0.91,0.8,0.18,0.09,0.39,0.1
2,0.16,0.15,3.74,1.03,0.19,0.47,10.44,0.11,0.2,0.46,0.91,0.8,0.18,0.09,0.39,0.1
2,0.16,0.15,3.74,1.03,0.19,0.47,10.44,0.11,0.2,0.46,0.91,0.8,0.18,0.09,0.39,0.1
2,0.16,0.15,3.74,1.03,0.19,0.47,10.44,0.11,0.2,0.46,0.91,0.8,0.18,0.09,0.39,0.1
2,0.16,0.15,3.74,1.03,0.19,0.47,10.44,0.11,0.2,0.46,0.91,0.8,0.18,0.09,0.39,0.1
2,0.12,0.15,3.81,3.09,0.55,-0.39,10.54,0.1,0.07,0.55,0.98,0.75,0.09,0.05,0.35,0.13
2,0.12,0.15,3.81,3.09,0.55,-0.39,10.54,0.1,0.07,0.55,0.98,0.75,0.09,0.05,0.35,0.13
2,0.12,0.15,3.81,3.09,0.55,-0.39,10.54,0.1,0.07,0.55,0.98,0.75,0.09,0.05,0.35,0.13
2,0.12,0.15,3.81,3.09,0.55,-0.39,10.54,0.1,0.07,0.55,0.98,0.75,0.09,0.05,0.35,0.13
2,0.12,0.15,3.81,3.09,0.55,-0.39,10.54,0.1,0.07,0.55,0.98,0.75,0.09,0.05,0.35,0.13
2,0.12,0.15,3.81,3.09,0.55,-0.39,10.54,0.1,0.07,0.55,0.98,0.75,0.09,0.05,0.35,0.13
2,0.12,0.15,3.81,3.09,0.55,-0.39,10.54,0.1,0.07,0.55,0.98,0.75,0.09,0.05,0.35,0.13
2,0.12,0.15,3.81,3.09,0.55,-0.39,10.54,0.1,0.07,0.55,0.98,0.75,0.09,0.05,0.35,0.13
2,0.12,0.15,3.81,3.09,0.55,-0.39,10.54,0.1,0.07,0.55,0.98,0.75,0.09,0.05,0.35,0.13
2,0.12,0.15,3.81,3.09,0.55,-0.39,10.54,0.1,0.07,0.55,0.98,0.75,0.09,0.05,0.35,0.13
2,0.12,0.15,3.81,3.09,0.55,-0.39,10.54,0.1,0.07,0.55,0.98,0.75,0.09,0.05,0.35,0.13
2,0.12,0.15,3.81,3.09,0.55,-0.39,10.54,0.1,0.07,0.55,0.98,0.75,0.09,0.05,0.35,0.13
2,0.15,0.17,3.74,2.07,0.28,0.56,10.59,0.15,0.53,0.38,0.92,0.71,0.18,0.16,0.5,0.18
2,0.15,0.17,3.74,2.07,0.28,0.56,10.59,0.15,0.53,0.38,0.92,0.71,0.18,0.16,0.5,0.18
2,0.15,0.17,3.74,2.07,0.28,0.56,10.59,0.15,0.53,0.38,0.92,0.71,0.18,0.16,0.5,0.18
2,0.15,0.17,3.74,2.07,0.28,0.56,10.59,0.15,0.53,0.38,0.92,0.71,0.18,0.16,0.5,0.18
2,0.15,0.17,3.74,2.07,0.28,0.56,10.59,0.15,0.53,0.38,0.92,0.71,0.18,0.16,0.5,0.18
2,0.15,0.17,3.74,2.07,0.28,0.56,10.59,0.15,0.53,0.38,0.92,0.71,0.18,0.16,0.5,0.18
2,0.15,0.17,3.74,2.07,0.28,0.56,10.59,0.15,0.53,0.38,0.92,0.71,0.18,0.16,0.5,0.18
2,0.15,0.17,3.74,2.07,0.28,0.56,10.59,0.15,0.53,0.38,0.92,0.71,0.18,0.16,0.5,0.18
2,0.15,0.17,3.74,2.07,0.28,0.56,10.59,0.15,0.53,0.38,0.92,0.71,0.18,0.16,0.5,0.18
2,0.15,0.17,3.74,2.07,0.28,0.56,10.59,0.15,0.53,0.38,0.92,0.71,0.18,0.16,0.5,0.18
2,0.15,0.17,3.74,2.07,0.28,0.56,10.59,0.15,0.53,0.38,0.92,0.71,0.18,0.16,0.5,0.18
2,0.15,0.17,3.74,2.07,0.28,0.56,10.59,0.15,0.53,0.38,0.92,0.71,0.18,0.16,0.5,0.18
2,0.19,0.22,3.33,3.51,0.32,0.42,10.5,0.23,0.26,0.47,0.93,0.63,0.19,0.23,0.5,0.3
2,0.19,0.22,3.33,3.51,0.32,0.42,10.5,0.23,0.26,0.47,0.93,0.63,0.19,0.23,0.5,0.3
2,0.19,0.22,3.33,3.51,0.32,0.42,10.5,0.23,0.26,0.47,0.93,0.63,0.19,0.23,0.5,0.3
2,0.19,0.22,3.33,3.51,0.32,0.42,10.5,0.23,0.26,0.47,0.93,0.63,0.19,0.23,0.5,0.3
2,0.19,0.22,3.33,3.51,0.32,0.42,10.5,0.23,0.26,0.47,0.93,0.63,0.19,0.23,0.5,0.3
2,0.19,0.22,3.33,3.51,0.32,0.42,10.5,0.23,0.26,0.47,0.93,0.63,0.19,0.23,0.5,0.3
2,0.19,0.22,3.33,3.51,0.32,0.42,10.5,0.23,0.26,0.47,0.93,0.63,0.19,0.23,0.5,0.3
2,0.19,0.22,3.33,3.51,0.32,0.42,10.5,0.23,0.26,0.47,0.93,0.63,0.19,0.23,0.5,0.3
2,0.19,0.22,3.33,3.51,0.32,0.42,10.5,0.23,0.26,0.47,0.93,0.63,0.19,0.23,0.5,0.3
2,0.19,0.22,3.33,3.51,0.32,0.42,10.5,0.23,0.26,0.47,0.93,0.63,0.19,0.23,0.5,0.3
2,0.19,0.22,3.33,3.51,0.32,0.42,10.5,0.23,0.26,0.47,0.93,0.63,0.19,0.23,0.5,0.3
2,0.19,0.22,3.33,3.51,0.32,0.42,10.5,0.23,0.26,0.47,0.93,0.63,0.19,0.23,0.5,0.3
2,0.19,0.15,3.73,0.74,0.51,-0.27,10.54,0.22,-0.14,0.55,0.94,0.76,0.2,0.06,0.48,0.15
2,0.19,0.15,3.73,0.74,0.51,-0.27,10.54,0.22,-0.14,0.55,0.94,0.76,0.2,0.06,0.48,0.15
2,0.19,0.15,3.73,0.74,0.51,-0.27,10.54,0.22,-0.14,0.55,0.94,0.76,0.2,0.06,0.48,0.15
2,0.19,0.15,3.73,0.74,0.51,-0.27,10.54,0.22,-0.14,0.55,0.94,0.76,0.2,0.06,0.48,0.15
2,0.19,0.15,3.73,0.74,0.51,-0.27,10.54,0.22,-0.14,0.55,0.94,0.76,0.2,0.06,0.48,0.15
2,0.19,0.15,3.73,0.74,0.51,-0.27,10.54,0.22,-0.14,0.55,0.94,0.76,0.2,0.06,0.48,0.15
2,0.19,0.15,3.73,0.74,0.51,-0.27,10.54,0.22,-0.14,0.55,0.94,0.76,0.2,0.06,0.48,0.15
2,0.19,0.15,3.73,0.74,0.51,-0.27,10.54,0.22,-0.14,0.55,0.94,0.76,0.2,0.06,0.48,0.15
2,0.19,0.15,3.73,0.74,0.51,-0.27,10.54,0.22,-0.14,0.55,0.94,0.76,0.2,0.06,0.48,0.15
2,0.19,0.15,3.73,0.74,0.51,-0.27,10.54,0.22,-0.14,0.55,0.94,0.76,0.2,0.06,0.48,0.15
2,0.19,0.15,3.73,0.74,0.51,-0.27,10.54,0.22,-0.14,0.55,0.94,0.76,0.2,0.06,0.48,0.15
2,0.19,0.15,3.73,0.74,0.51,-0.27,10.54,0.22,-0.14,0.55,0.94,0.76,0.2,0.06,0.48,0.15
2,0.07,0.09,3.66,2.58,0.55,0.44,10.45,0.11,-1.11,0.52,0.97,0.81,0.1,0.06,0.52,0.2
2,0.07,0.09,3.66,2.58,0.55,0.44,10.45,0.11,-1.11,0.52,0.97,0.81,0.1,0.06,0.52,0.2
2,0.07,0.09,3.66,2.58,0.55,0.44,10.45,0.11,-1.11,0.52,0.97,0.81,0.1,0.06,0.52,0.2
2,0.07,0.09,3.66,2.58,0.55,0.44,10.45,0.11,-1.11,0.52,0.97,0.81,0.1,0.06,0.52,0.2
2,0.07,0.09,3.66,2.58,0.55,0.44,10.45,0.11,-1.11,0.52,0.97,0.81,0.1,0.06,0.52,0.2
2,0.07,0.09,3.66,2.58,0.55,0.44,10.45,0.11,-1.11,0.52,0.97,0.81,0.1,0.06,0.52,0.2
2,0.07,0.09,3.66,2.58,0.55,0.44,10.45,0.11,-1.11,0.52,0.97,0.81,0.1,0.06,0.52,0.2
2,0.07,0.09,3.66,2.58,0.55,0.44,10.45,0.11,-1.11,0.52,0.97,0.81,0.1,0.06,0.52,0.2
2,0.07,0.09,3.66,2.58,0.55,0.44,10.45,0.11,-1.11,0.52,0.97,0.81,0.1,0.06,0.52,0.2
2,0.07,0.09,3.66,2.58,0.55,0.44,10.45,0.11,-1.11,0.52,0.97,0.81,0.1,0.06,0.52,0.2
2,0.07,0.09,3.66,2.58,0.55,0.44,10.45,0.11,-1.11,0.52,0.97,0.81,0.1,0.06,0.52,0.2
2,0.07,0.09,3.66,2.58,0.55,0.44,10.45,0.11,-1.11,0.52,0.97,0.81,0.1,0.06,0.52,0.2
2,0.11,0.14,3.94,19.5,0.61,-1.32,10.27,0.11,-3.52,0.83,0.91,0.67,0.17,0.28,0.63,0.21
2,0.11,0.14,3.94,19.5,0.61,-1.32,10.27,0.11,-3.52,0.83,0.91,0.67,0.17,0.28,0.63,0.21
2,0.11,0.14,3.94,19.5,0.61,-1.32,10.27,0.11,-3.52,0.83,0.91,0.67,0.17,0.28,0.63,0.21
2,0.11,0.14,3.94,19.5,0.61,-1.32,10.27,0.11,-3.52,0.83,0.91,0.67,0.17,0.28,0.63,0.21
2,0.11,0.14,3.94,19.5,0.61,-1.32,10.27,0.11,-3.52,0.83,0.91,0.67,0.17,0.28,0.63,0.21
2,0.11,0.14,3.94,19.5,0.61,-1.32,10.27,0.11,-3.52,0.83,0.91,0.67,0.17,0.28,0.63,0.21
2,0.11,0.14,3.94,19.5,0.61,-1.32,10.27,0.11,-3.52,0.83,0.91,0.67,0.17,0.28,0.63,0.21
2,0.11,0.14,3.94,19.5,0.61,-1.32,10.27,0.11,-3.52,0.83,0.91,0.67,0.17,0.28,0.63,0.21
2,0.11,0.14,3.94,19.5,0.61,-1.32,10.27,0.11,-3.52,0.83,0.91,0.67,0.17,0.28,0.63,0.21
2,0.11,0.14,3.94,19.5,0.61,-1.32,10.27,0.11,-3.52,0.83,0.91,0.67,0.17,0.28,0.63,0.21
2,0.11,0.14,3.94,19.5,0.61,-1.32,10.27,0.11,-3.52,0.83,0.91,0.67,0.17,0.28,0.63,0.21
2,0.11,0.14,3.94,19.5,0.61,-1.32,10.27,0.11,-3.52,0.83,0.91,0.67,0.17,0.28,0.63,0.21
2,0.16,0.16,3.98,4.8,0.36,1.29,10.26,0.12,-0.07,0.5,0.95,0.62,0.14,0.14,0.62,0.31
2,0.16,0.16,3.98,4.8,0.36,1.29,10.26,0.12,-0.07,0.5,0.95,0.62,0.14,0.14,0.62,0.31
2,0.16,0.16,3.98,4.8,0.36,1.29,10.26,0.12,-0.07,0.5,0.95,0.62,0.14,0.14,0.62,0.31
2,0.16,0.16,3.98,4.8,0.36,1.29,10.26,0.12,-0.07,0.5,0.95,0.62,0.14,0.14,0.62,0.31
2,0.16,0.16,3.98,4.8,0.36,1.29,10.26,0.12,-0.07,0.5,0.95,0.62,0.14,0.14,0.62,0.31
2,0.16,0.16,3.98,4.8,0.36,1.29,10.26,0.12,-0.07,0.5,0.95,0.62,0.14,0.14,0.62,0.31
2,0.16,0.16,3.98,4.8,0.36,1.29,10.26,0.12,-0.07,0.5,0.95,0.62,0.14,0.14,0.62,0.31
2,0.16,0.16,3.98,4.8,0.36,1.29,10.26,0.12,-0.07,0.5,0.95,0.62,0.14,0.14,0.62,0.31
2,0.16,0.16,3.98,4.8,0.36,1.29,10.26,0.12,-0.07,0.5,0.95,0.62,0.14,0.14,0.62,0.31
2,0.16,0.16,3.98,4.8,0.36,1.29,10.26,0.12,-0.07,0.5,0.95,0.62,0.14,0.14,0.62,0.31
2,0.16,0.16,3.98,4.8,0.36,1.29,10.26,0.12,-0.07,0.5,0.95,0.62,0.14,0.14,0.62,0.31
2,0.16,0.16,3.98,4.8,0.36,1.29,10.26,0.12,-0.07,0.5,0.95,0.62,0.14,0.14,0.62,0.31
2,0.1,0.09,3.86,2.68,0.53,-0.32,10.62,0.07,0.3,0.52,0.98,0.56,0.09,0.06,0.32,0.25
2,0.1,0.09,3.86,2.68,0.53,-0.32,10.62,0.07,0.3,0.52,0.98,0.56,0.09,0.06,0.32,0.25
2,0.1,0.09,3.86,2.68,0.53,-0.32,10.62,0.07,0.3,0.52,0.98,0.56,0.09,0.06,0.32,0.25
2,0.1,0.09,3.86,2.68,0.53,-0.32,10.62,0.07,0.3,0.52,0.98,0.56,0.09,0.06,0.32,0.25
2,0.1,0.09,3.86,2.68,0.53,-0.32,10.62,0.07,0.3,0.52,0.98,0.56,0.09,0.06,0.32,0.25
2,0.1,0.09,3.86,2.68,0.53,-0.32,10.62,0.07,0.3,0.52,0.98,0.56,0.09,0.06,0.32,0.25
2,0.1,0.09,3.86,2.68,0.53,-0.32,10.62,0.07,0.3,0.52,0.98,0.56,0.09,0.06,0.32,0.25
2,0.1,0.09,3.86,2.68,0.53,-0.32,10.62,0.07,0.3,0.52,0.98,0.56,0.09,0.06,0.32,0.25
2,0.1,0.09,3.86,2.68,0.53,-0.32,10.62,0.07,0.3,0.52,0.98,0.56,0.09,0.06,0.32,0.25
2,0.1,0.09,3.86,2.68,0.53,-0.32,10.62,0.07,0.3,0.52,0.98,0.56,0.09,0.06,0.32,0.25
2,0.1,0.09,3.86,2.68,0.53,-0.32,10.62,0.07,0.3,0.52,0.98,0.56,0.09,0.06,0.32,0.25
2,0.1,0.09,3.86,2.68,0.53,-0.32,10.62,0.07,0.3,0.52,0.98,0.56,0.09,0.06,0.32,0.25
2,0.13,0.1,3.83,3.6,0.52,-0.83,10.58,0.09,0.14,0.52,0.97,0.68,0.09,0.11,0.44,0.23
2,0.13,0.1,3.83,3.6,0.52,-0.83,10.58,0.09,0.14,0.52,0.97,0.68,0.09,0.11,0.44,0.23
2,0.13,0.1,3.83,3.6,0.52,-0.83,10.58,0.09,0.14,0.52,0.97,0.68,0.09,0.11,0.44,0.23
2,0.13,0.1,3.83,3.6,0.52,-0.83,10.58,0.09,0.14,0.52,0.97,0.68,0.09,0.11,0.44,0.23
2,0.13,0.1,3.83,3.6,0.52,-0.83,10.58,0.09,0.14,0.52,0.97,0.68,0.09,0.11,0.44,0.23
2,0.13,0.1,3.83,3.6,0.52,-0.83,10.58,0.09,0.14,0.52,0.97,0.68,0.09,0.11,0.44,0.23
2,0.13,0.1,3.83,3.6,0.52,-0.83,10.58,0.09,0.14,0.52,0.97,0.68,0.09,0.11,0.44,0.23
2,0.13,0.1,3.83,3.6,0.52,-0.83,10.58,0.09,0.14,0.52,0.97,0.68,0.09,0.11,0.44,0.23
2,0.13,0.1,3.83,3.6,0.52,-0.83,10.58,0.09,0.14,0.52,0.97,0.68,0.09,0.11,0.44,0.23
2,0.13,0.1,3.83,3.6,0.52,-0.83,10.58,0.09,0.14,0.52,0.97,0.68,0.09,0.11,0.44,0.23
2,0.13,0.1,3.83,3.6,0.52,-0.83,10.58,0.09,0.14,0.52,0.97,0.68,0.09,0.11,0.44,0.23
2,0.13,0.1,3.83,3.6,0.52,-0.83,10.58,0.09,0.14,0.52,0.97,0.68,0.09,0.11,0.44,0.23
2,0.1,0.16,4.23,0.9,0.33,0.16,9.86,0.08,0.14,0.51,0.98,0.74,0.2,0.09,0.49,0.28
2,0.1,0.16,4.23,0.9,0.33,0.16,9.86,0.08,0.14,0.51,0.98,0.74,0.2,0.09,0.49,0.28
2,0.1,0.16,4.23,0.9,0.33,0.16,9.86,0.08,0.14,0.51,0.98,0.74,0.2,0.09,0.49,0.28
2,0.1,0.16,4.23,0.9,0.33,0.16,9.86,0.08,0.14,0.51,0.98,0.74,0.2,0.09,0.49,0.28
2,0.1,0.16,4.23,0.9,0.33,0.16,9.86,0.08,0.14,0.51,0.98,0.74,0.2,0.09,0.49,0.28
2,0.1,0.16,4.23,0.9,0.33,0.16,9.86,0.08,0.14,0.51,0.98,0.74,0.2,0.09,0.49,0.28
2,0.1,0.16,4.23,0.9,0.33,0.16,9.86,0.08,0.14,0.51,0.98,0.74,0.2,0.09,0.49,0.28
2,0.1,0.16,4.23,0.9,0.33,0.16,9.86,0.08,0.14,0.51,0.98,0.74,0.2,0.09,0.49,0.28
2,0.1,0.16,4.23,0.9,0.33,0.16,9.86,0.08,0.14,0.51,0.98,0.74,0.2,0.09,0.49,0.28
2,0.1,0.16,4.23,0.9,0.33,0.16,9.86,0.08,0.14,0.51,0.98,0.74,0.2,0.09,0.49,0.28
2,0.1,0.16,4.23,0.9,0.33,0.16,9.86,0.08,0.14,0.51,0.98,0.74,0.2,0.09,0.49,0.28
2,0.1,0.16,4.23,0.9,0.33,0.16,9.86,0.08,0.14,0.51,0.98,0.74,0.2,0.09,0.49,0.28
2,0.08,0.1,3.63,0.27,0.49,0.08,10.8,0.1,-0.2,0.39,0.99,0.71,0.15,0.05,0.32,0.26
2,0.08,0.1,3.63,0.27,0.49,0.08,10.8,0.1,-0.2,0.39,0.99,0.71,0.15,0.05,0.32,0.26
2,0.08,0.1,3.63,0.27,0.49,0.08,10.8,0.1,-0.2,0.39,0.99,0.71,0.15,0.05,0.32,0.26
2,0.08,0.1,3.63,0.27,0.49,0.08,10.8,0.1,-0.2,0.39,0.99,0.71,0.15,0.05,0.32,0.26
2,0.08,0.1,3.63,0.27,0.49,0.08,10.8,0.1,-0.2,0.39,0.99,0.71,0.15,0.05,0.32,0.26
2,0.08,0.1,3.63,0.27,0.49,0.08,10.8,0.1,-0.2,0.39,0.99,0.71,0.15,0.05,0.32,0.26
2,0.08,0.1,3.63,0.27,0.49,0.08,10.8,0.1,-0.2,0.39,0.99,0.71,0.15,0.05,0.32,0.26
2,0.08,0.1,3.63,0.27,0.49,0.08,10.8,0.1,-0.2,0.39,0.99,0.71,0.15,0.05,0.32,0.26
2,0.08,0.1,3.63,0.27,0.49,0.08,10.8,0.1,-0.2,0.39,0.99,0.71,0.15,0.05,0.32,0.26
2,0.08,0.1,3.63,0.27,0.49,0.08,10.8,0.1,-0.2,0.39,0.99,0.71,0.15,0.05,0.32,0.26
2,0.08,0.1,3.63,0.27,0.49,0.08,10.8,0.1,-0.2,0.39,0.99,0.71,0.15,0.05,0.32,0.26
2,0.08,0.1,3.63,0.27,0.49,0.08,10.8,0.1,-0.2,0.39,0.99,0.71,0.15,0.05,0.32,0.26
2,0.18,0.2,3.86,0.95,0.4,0.5,10.43,0.19,0.43,0.47,0.96,0.5,0.1,0.09,0.52,0.28
2,0.18,0.2,3.86,0.95,0.4,0.5,10.43,0.19,0.43,0.47,0.96,0.5,0.1,0.09,0.52,0.28
2,0.18,0.2,3.86,0.95,0.4,0.5,10.43,0.19,0.43,0.47,0.96,0.5,0.1,0.09,0.52,0.28
2,0.18,0.2,3.86,0.95,0.4,0.5,10.43,0.19,0.43,0.47,0.96,0.5,0.1,0.09,0.52,0.28
2,0.18,0.2,3.86,0.95,0.4,0.5,10.43,0.19,0.43,0.47,0.96,0.5,0.1,0.09,0.52,0.28
2,0.18,0.2,3.86,0.95,0.4,0.5,10.43,0.19,0.43,0.47,0.96,0.5,0.1,0.09,0.52,0.28
2,0.18,0.2,3.86,0.95,0.4,0.5,10.43,0.19,0.43,0.47,0.96,0.5,0.1,0.09,0.52,0.28
2,0.18,0.2,3.86,0.95,0.4,0.5,10.43,0.19,0.43,0.47,0.96,0.5,0.1,0.09,0.52,0.28
2,0.18,0.2,3.86,0.95,0.4,0.5,10.43,0.19,0.43,0.47,0.96,0.5,0.1,0.09,0.52,0.28
2,0.18,0.2,3.86,0.95,0.4,0.5,10.43,0.19,0.43,0.47,0.96,0.5,0.1,0.09,0.52,0.28
2,0.18,0.2,3.86,0.95,0.4,0.5,10.43,0.19,0.43,0.47,0.96,0.5,0.1,0.09,0.52,0.28
2,0.18,0.2,3.86,0.95,0.4,0.5,10.43,0.19,0.43,0.47,0.96,0.5,0.1,0.09,0.52,0.28
2,0.12,0.13,3.92,1.09,0.4,-0.01,10.64,0.11,1.95,0.43,0.89,0.72,0.08,0.29,0.39,0.15
2,0.12,0.13,3.92,1.09,0.4,-0.01,10.64,0.11,1.95,0.43,0.89,0.72,0.08,0.29,0.39,0.15
2,0.12,0.13,3.92,1.09,0.4,-0.01,10.64,0.11,1.95,0.43,0.89,0.72,0.08,0.29,0.39,0.15
2,0.12,0.13,3.92,1.09,0.4,-0.01,10.64,0.11,1.95,0.43,0.89,0.72,0.08,0.29,0.39,0.15
2,0.12,0.13,3.92,1.09,0.4,-0.01,10.64,0.11,1.95,0.43,0.89,0.72,0.08,0.29,0.39,0.15
2,0.12,0.13,3.92,1.09,0.4,-0.01,10.64,0.11,1.95,0.43,0.89,0.72,0.08,0.29,0.39,0.15
2,0.12,0.13,3.92,1.09,0.4,-0.01,10.64,0.11,1.95,0.43,0.89,0.72,0.08,0.29,0.39,0.15
2,0.12,0.13,3.92,1.09,0.4,-0.01,10.64,0.11,1.95,0.43,0.89,0.72,0.08,0.29,0.39,0.15
2,0.12,0.13,3.92,1.09,0.4,-0.01,10.64,0.11,1.95,0.43,0.89,0.72,0.08,0.29,0.39,0.15
2,0.12,0.13,3.92,1.09,0.4,-0.01,10.64,0.11,1.95,0.43,0.89,0.72,0.08,0.29,0.39,0.15
2,0.12,0.13,3.92,1.09,0.4,-0.01,10.64,0.11,1.95,0.43,0.89,0.72,0.08,0.29,0.39,0.15
2,0.12,0.13,3.92,1.09,0.4,-0.01,10.64,0.11,1.95,0.43,0.89,0.72,0.08,0.29,0.39,0.15
2,0.12,0.09,3.75,3.56,0.27,-0.05,10.77,0.06,-0.66,0.53,0.98,0.65,0.11,0.04,0.3,0.2
2,0.12,0.09,3.75,3.56,0.27,-0.05,10.77,0.06,-0.66,0.53,0.98,0.65,0.11,0.04,0.3,0.2
2,0.12,0.09,3.75,3.56,0.27,-0.05,10.77,0.06,-0.66,0.53,0.98,0.65,0.11,0.04,0.3,0.2
2,0.12,0.09,3.75,3.56,0.27,-0.05,10.77,0.06,-0.66,0.53,0.98,0.65,0.11,0.04,0.3,0.2
2,0.12,0.09,3.75,3.56,0.27,-0.05,10.77,0.06,-0.66,0.53,0.98,0.65,0.11,0.04,0.3,0.2
2,0.12,0.09,3.75,3.56,0.27,-0.05,10.77,0.06,-0.66,0.53,0.98,0.65,0.11,0.04,0.3,0.2
2,0.12,0.09,3.75,3.56,0.27,-0.05,10.77,0.06,-0.66,0.53,0.98,0.65,0.11,0.04,0.3,0.2
2,0.12,0.09,3.75,3.56,0.27,-0.05,10.77,0.06,-0.66,0.53,0.98,0.65,0.11,0.04,0.3,0.2
2,0.12,0.09,3.75,3.56,0.27,-0.05,10.77,0.06,-0.66,0.53,0.98,0.65,0.11,0.04,0.3,0.2
2,0.12,0.09,3.75,3.56,0.27,-0.05,10.77,0.06,-0.66,0.53,0.98,0.65,0.11,0.04,0.3,0.2
2,0.12,0.09,3.75,3.56,0.27,-0.05,10.77,0.06,-0.66,0.53,0.98,0.65,0.11,0.04,0.3,0.2
2,0.12,0.09,3.75,3.56,0.27,-0.05,10.77,0.06,-0.66,0.53,0.98,0.65,0.11,0.04,0.3,0.2
2,0.15,0.17,3.72,3.6,0.36,0.64,10.73,0.09,0.82,0.35,0.95,0.73,0.14,0.11,0.45,0.17
2,0.15,0.17,3.72,3.6,0.36,0.64,10.73,0.09,0.82,0.35,0.95,0.73,0.14,0.11,0.45,0.17
2,0.15,0.17,3.72,3.6,0.36,0.64,10.73,0.09,0.82,0.35,0.95,0.73,0.14,0.11,0.45,0.17
2,0.15,0.17,3.72,3.6,0.36,0.64,10.73,0.09,0.82,0.35,0.95,0.73,0.14,0.11,0.45,0.17
2,0.15,0.17,3.72,3.6,0.36,0.64,10.73,0.09,0.82,0.35,0.95,0.73,0.14,0.11,0.45,0.17
2,0.15,0.17,3.72,3.6,0.36,0.64,10.73,0.09,0.82,0.35,0.95,0.73,0.14,0.11,0.45,0.17
2,0.15,0.17,3.72,3.6,0.36,0.64,10.73,0.09,0.82,0.35,0.95,0.73,0.14,0.11,0.45,0.17
2,0.15,0.17,3.72,3.6,0.36,0.64,10.73,0.09,0.82,0.35,0.95,0.73,0.14,0.11,0.45,0.17
2,0.15,0.17,3.72,3.6,0.36,0.64,10.73,0.09,0.82,0.35,0.95,0.73,0.14,0.11,0.45,0.17
2,0.15,0.17,3.72,3.6,0.36,0.64,10.73,0.09,0.82,0.35,0.95,0.73,0.14,0.11,0.45,0.17
2,0.15,0.17,3.72,3.6,0.36,0.64,10.73,0.09,0.82,0.35,0.95,0.73,0.14,0.11,0.45,0.17
2,0.15,0.17,3.72,3.6,0.36,0.64,10.73,0.09,0.82,0.35,0.95,0.73,0.14,0.11,0.45,0.17
2,0.15,0.2,3.78,5.15,0.43,0.86,10.57,0.13,0.13,0.45,0.92,0.76,0.15,0.15,0.53,0.13
2,0.15,0.2,3.78,5.15,0.43,0.86,10.57,0.13,0.13,0.45,0.92,0.76,0.15,0.15,0.53,0.13
2,0.15,0.2,3.78,5.15,0.43,0.86,10.57,0.13,0.13,0.45,0.92,0.76,0.15,0.15,0.53,0.13
2,0.15,0.2,3.78,5.15,0.43,0.86,10.57,0.13,0.13,0.45,0.92,0.76,0.15,0.15,0.53,0.13
2,0.15,0.2,3.78,5.15,0.43,0.86,10.57,0.13,0.13,0.45,0.92,0.76,0.15,0.15,0.53,0.13
2,0.15,0.2,3.78,5.15,0.43,0.86,10.57,0.13,0.13,0.45,0.92,0.76,0.15,0.15,0.53,0.13
2,0.15,0.2,3.78,5.15,0.43,0.86,10.57,0.13,0.13,0.45,0.92,0.76,0.15,0.15,0.53,0.13
2,0.15,0.2,3.78,5.15,0.43,0.86,10.57,0.13,0.13,0.45,0.92,0.76,0.15,0.15,0.53,0.13
2,0.15,0.2,3.78,5.15,0.43,0.86,10.57,0.13,0.13,0.45,0.92,0.76,0.15,0.15,0.53,0.13
2,0.15,0.2,3.78,5.15,0.43,0.86,10.57,0.13,0.13,0.45,0.92,0.76,0.15,0.15,0.53,0.13
2,0.15,0.2,3.78,5.15,0.43,0.86,10.57,0.13,0.13,0.45,0.92,0.76,0.15,0.15,0.53,0.13
2,0.15,0.2,3.78,5.15,0.43,0.86,10.57,0.13,0.13,0.45,0.92,0.76,0.15,0.15,0.53,0.13
2,0.17,0.11,3.85,18.08,0.41,-1.36,10.54,0.1,0.18,0.41,0.9,0.49,0.1,0.24,0.28,0.16
2,0.17,0.11,3.85,18.08,0.41,-1.36,10.54,0.1,0.18,0.41,0.9,0.49,0.1,0.24,0.28,0.16
2,0.17,0.11,3.85,18.08,0.41,-1.36,10.54,0.1,0.18,0.41,0.9,0.49,0.1,0.24,0.28,0.16
2,0.17,0.11,3.85,18.08,0.41,-1.36,10.54,0.1,0.18,0.41,0.9,0.49,0.1,0.24,0.28,0.16
2,0.17,0.11,3.85,18.08,0.41,-1.36,10.54,0.1,0.18,0.41,0.9,0.49,0.1,0.24,0.28,0.16
2,0.17,0.11,3.85,18.08,0.41,-1.36,10.54,0.1,0.18,0.41,0.9,0.49,0.1,0.24,0.28,0.16
2,0.17,0.11,3.85,18.08,0.41,-1.36,10.54,0.1,0.18,0.41,0.9,0.49,0.1,0.24,0.28,0.16
2,0.17,0.11,3.85,18.08,0.41,-1.36,10.54,0.1,0.18,0.41,0.9,0.49,0.1,0.24,0.28,0.16
2,0.17,0.11,3.85,18.08,0.41,-1.36,10.54,0.1,0.18,0.41,0.9,0.49,0.1,0.24,0.28,0.16
2,0.17,0.11,3.85,18.08,0.41,-1.36,10.54,0.1,0.18,0.41,0.9,0.49,0.1,0.24,0.28,0.16
2,0.17,0.11,3.85,18.08,0.41,-1.36,10.54,0.1,0.18,0.41,0.9,0.49,0.1,0.24,0.28,0.16
2,0.17,0.11,3.85,18.08,0.41,-1.36,10.54,0.1,0.18,0.41,0.9,0.49,0.1,0.24,0.28,0.16
2,0.22,0.18,3.78,0.24,0.3,0.16,10.47,0.19,1.71,0.27,0.91,0.69,0.13,0.17,0.38,0.22
2,0.22,0.18,3.78,0.24,0.3,0.16,10.47,0.19,1.71,0.27,0.91,0.69,0.13,0.17,0.38,0.22
2,0.22,0.18,3.78,0.24,0.3,0.16,10.47,0.19,1.71,0.27,0.91,0.69,0.13,0.17,0.38,0.22
2,0.22,0.18,3.78,0.24,0.3,0.16,10.47,0.19,1.71,0.27,0.91,0.69,0.13,0.17,0.38,0.22
2,0.22,0.18,3.78,0.24,0.3,0.16,10.47,0.19,1.71,0.27,0.91,0.69,0.13,0.17,0.38,0.22
2,0.22,0.18,3.78,0.24,0.3,0.16,10.47,0.19,1.71,0.27,0.91,0.69,0.13,0.17,0.38,0.22
2,0.22,0.18,3.78,0.24,0.3,0.16,10.47,0.19,1.71,0.27,0.91,0.69,0.13,0.17,0.38,0.22
2,0.22,0.18,3.78,0.24,0.3,0.16,10.47,0.19,1.71,0.27,0.91,0.69,0.13,0.17,0.38,0.22
2,0.22,0.18,3.78,0.24,0.3,0.16,10.47,0.19,1.71,0.27,0.91,0.69,0.13,0.17,0.38,0.22
2,0.22,0.18,3.78,0.24,0.3,0.16,10.47,0.19,1.71,0.27,0.91,0.69,0.13,0.17,0.38,0.22
2,0.22,0.18,3.78,0.24,0.3,0.16,10.47,0.19,1.71,0.27,0.91,0.69,0.13,0.17,0.38,0.22
2,0.22,0.18,3.78,0.24,0.3,0.16,10.47,0.19,1.71,0.27,0.91,0.69,0.13,0.17,0.38,0.22
2,0.12,0.14,4.01,19.57,0.6,-1.29,10.22,0.12,-3.53,0.82,0.91,0.68,0.17,0.28,0.61,0.19
2,0.12,0.14,4.01,19.57,0.6,-1.29,10.22,0.12,-3.53,0.82,0.91,0.68,0.17,0.28,0.61,0.19
2,0.12,0.14,4.01,19.57,0.6,-1.29,10.22,0.12,-3.53,0.82,0.91,0.68,0.17,0.28,0.61,0.19
2,0.12,0.14,4.01,19.57,0.6,-1.29,10.22,0.12,-3.53,0.82,0.91,0.68,0.17,0.28,0.61,0.19
2,0.12,0.14,4.01,19.57,0.6,-1.29,10.22,0.12,-3.53,0.82,0.91,0.68,0.17,0.28,0.61,0.19
2,0.12,0.14,4.01,19.57,0.6,-1.29,10.22,0.12,-3.53,0.82,0.91,0.68,0.17,0.28,0.61,0.19
2,0.12,0.14,4.01,19.57,0.6,-1.29,10.22,0.12,-3.53,0.82,0.91,0.68,0.17,0.28,0.61,0.19
2,0.12,0.14,4.01,19.57,0.6,-1.29,10.22,0.12,-3.53,0.82,0.91,0.68,0.17,0.28,0.61,0.19
2,0.12,0.14,4.01,19.57,0.6,-1.29,10.22,0.12,-3.53,0.82,0.91,0.68,0.17,0.28,0.61,0.19
2,0.12,0.14,4.01,19.57,0.6,-1.29,10.22,0.12,-3.53,0.82,0.91,0.68,0.17,0.28,0.61,0.19
2,0.12,0.14,4.01,19.57,0.6,-1.29,10.22,0.12,-3.53,0.82,0.91,0.68,0.17,0.28,0.61,0.19
2,0.12,0.14,4.01,19.57,0.6,-1.29,10.22,0.12,-3.53,0.82,0.91,0.68,0.17,0.28,0.61,0.19
2,0.15,0.17,3.74,2.07,0.28,0.56,10.59,0.15,0.53,0.38,0.92,0.71,0.18,0.16,0.5,0.18
2,0.15,0.17,3.74,2.07,0.28,0.56,10.59,0.15,0.53,0.38,0.92,0.71,0.18,0.16,0.5,0.18
2,0.15,0.17,3.74,2.07,0.28,0.56,10.59,0.15,0.53,0.38,0.92,0.71,0.18,0.16,0.5,0.18
2,0.15,0.17,3.74,2.07,0.28,0.56,10.59,0.15,0.53,0.38,0.92,0.71,0.18,0.16,0.5,0.18
2,0.15,0.17,3.74,2.07,0.28,0.56,10.59,0.15,0.53,0.38,0.92,0.71,0.18,0.16,0.5,0.18
2,0.15,0.17,3.74,2.07,0.28,0.56,10.59,0.15,0.53,0.38,0.92,0.71,0.18,0.16,0.5,0.18
2,0.15,0.17,3.74,2.07,0.28,0.56,10.59,0.15,0.53,0.38,0.92,0.71,0.18,0.16,0.5,0.18
2,0.15,0.17,3.74,2.07,0.28,0.56,10.59,0.15,0.53,0.38,0.92,0.71,0.18,0.16,0.5,0.18
2,0.15,0.17,3.74,2.07,0.28,0.56,10.59,0.15,0.53,0.38,0.92,0.71,0.18,0.16,0.5,0.18
2,0.15,0.17,3.74,2.07,0.28,0.56,10.59,0.15,0.53,0.38,0.92,0.71,0.18,0.16,0.5,0.18
2,0.15,0.17,3.74,2.07,0.28,0.56,10.59,0.15,0.53,0.38,0.92,0.71,0.18,0.16,0.5,0.18
2,0.15,0.17,3.74,2.07,0.28,0.56,10.59,0.15,0.53,0.38,0.92,0.71,0.18,0.16,0.5,0.18
2,0.13,0.13,3.8,1.33,0.41,0.6,10.51,0.13,-0.06,0.48,0.95,0.7,0.17,0.15,0.48,0.25
2,0.13,0.13,3.8,1.33,0.41,0.6,10.51,0.13,-0.06,0.48,0.95,0.7,0.17,0.15,0.48,0.25
2,0.13,0.13,3.8,1.33,0.41,0.6,10.51,0.13,-0.06,0.48,0.95,0.7,0.17,0.15,0.48,0.25
2,0.13,0.13,3.8,1.33,0.41,0.6,10.51,0.13,-0.06,0.48,0.95,0.7,0.17,0.15,0.48,0.25
2,0.13,0.13,3.8,1.33,0.41,0.6,10.51,0.13,-0.06,0.48,0.95,0.7,0.17,0.15,0.48,0.25
2,0.13,0.13,3.8,1.33,0.41,0.6,10.51,0.13,-0.06,0.48,0.95,0.7,0.17,0.15,0.48,0.25
2,0.13,0.13,3.8,1.33,0.41,0.6,10.51,0.13,-0.06,0.48,0.95,0.7,0.17,0.15,0.48,0.25
2,0.13,0.13,3.8,1.33,0.41,0.6,10.51,0.13,-0.06,0.48,0.95,0.7,0.17,0.15,0.48,0.25
2,0.13,0.13,3.8,1.33,0.41,0.6,10.51,0.13,-0.06,0.48,0.95,0.7,0.17,0.15,0.48,0.25
2,0.13,0.13,3.8,1.33,0.41,0.6,10.51,0.13,-0.06,0.48,0.95,0.7,0.17,0.15,0.48,0.25
2,0.13,0.13,3.8,1.33,0.41,0.6,10.51,0.13,-0.06,0.48,0.95,0.7,0.17,0.15,0.48,0.25
2,0.13,0.13,3.8,1.33,0.41,0.6,10.51,0.13,-0.06,0.48,0.95,0.7,0.17,0.15,0.48,0.25
2,0.12,0.16,3.82,6.18,0.29,0.37,10.71,0.1,0.18,0.38,0.95,0.68,0.11,0.09,0.43,0.13
2,0.12,0.16,3.82,6.18,0.29,0.37,10.71,0.1,0.18,0.38,0.95,0.68,0.11,0.09,0.43,0.13
2,0.12,0.16,3.82,6.18,0.29,0.37,10.71,0.1,0.18,0.38,0.95,0.68,0.11,0.09,0.43,0.13
2,0.12,0.16,3.82,6.18,0.29,0.37,10.71,0.1,0.18,0.38,0.95,0.68,0.11,0.09,0.43,0.13
2,0.12,0.16,3.82,6.18,0.29,0.37,10.71,0.1,0.18,0.38,0.95,0.68,0.11,0.09,0.43,0.13
2,0.12,0.16,3.82,6.18,0.29,0.37,10.71,0.1,0.18,0.38,0.95,0.68,0.11,0.09,0.43,0.13
2,0.12,0.16,3.82,6.18,0.29,0.37,10.71,0.1,0.18,0.38,0.95,0.68,0.11,0.09,0.43,0.13
2,0.12,0.16,3.82,6.18,0.29,0.37,10.71,0.1,0.18,0.38,0.95,0.68,0.11,0.09,0.43,0.13
2,0.12,0.16,3.82,6.18,0.29,0.37,10.71,0.1,0.18,0.38,0.95,0.68,0.11,0.09,0.43,0.13
2,0.12,0.16,3.82,6.18,0.29,0.37,10.71,0.1,0.18,0.38,0.95,0.68,0.11,0.09,0.43,0.13
2,0.12,0.16,3.82,6.18,0.29,0.37,10.71,0.1,0.18,0.38,0.95,0.68,0.11,0.09,0.43,0.13
2,0.12,0.16,3.82,6.18,0.29,0.37,10.71,0.1,0.18,0.38,0.95,0.68,0.11,0.09,0.43,0.13
2,0.12,0.12,4.0,16.61,0.5,-0.55,10.52,0.11,0.1,0.38,0.94,0.63,0.1,0.11,0.41,0.1
2,0.12,0.12,4.0,16.61,0.5,-0.55,10.52,0.11,0.1,0.38,0.94,0.63,0.1,0.11,0.41,0.1
2,0.12,0.12,4.0,16.61,0.5,-0.55,10.52,0.11,0.1,0.38,0.94,0.63,0.1,0.11,0.41,0.1
2,0.12,0.12,4.0,16.61,0.5,-0.55,10.52,0.11,0.1,0.38,0.94,0.63,0.1,0.11,0.41,0.1
2,0.12,0.12,4.0,16.61,0.5,-0.55,10.52,0.11,0.1,0.38,0.94,0.63,0.1,0.11,0.41,0.1
2,0.12,0.12,4.0,16.61,0.5,-0.55,10.52,0.11,0.1,0.38,0.94,0.63,0.1,0.11,0.41,0.1
2,0.12,0.12,4.0,16.61,0.5,-0.55,10.52,0.11,0.1,0.38,0.94,0.63,0.1,0.11,0.41,0.1
2,0.12,0.12,4.0,16.61,0.5,-0.55,10.52,0.11,0.1,0.38,0.94,0.63,0.1,0.11,0.41,0.1
2,0.12,0.12,4.0,16.61,0.5,-0.55,10.52,0.11,0.1,0.38,0.94,0.63,0.1,0.11,0.41,0.1
2,0.12,0.12,4.0,16.61,0.5,-0.55,10.52,0.11,0.1,0.38,0.94,0.63,0.1,0.11,0.41,0.1
2,0.12,0.12,4.0,16.61,0.5,-0.55,10.52,0.11,0.1,0.38,0.94,0.63,0.1,0.11,0.41,0.1
2,0.12,0.12,4.0,16.61,0.5,-0.55,10.52,0.11,0.1,0.38,0.94,0.63,0.1,0.11,0.41,0.1
2,0.11,0.12,3.79,5.58,0.51,0.07,10.71,0.09,0.09,0.36,0.96,0.62,0.1,0.11,0.35,0.17
2,0.11,0.12,3.79,5.58,0.51,0.07,10.71,0.09,0.09,0.36,0.96,0.62,0.1,0.11,0.35,0.17
2,0.11,0.12,3.79,5.58,0.51,0.07,10.71,0.09,0.09,0.36,0.96,0.62,0.1,0.11,0.35,0.17
2,0.11,0.12,3.79,5.58,0.51,0.07,10.71,0.09,0.09,0.36,0.96,0.62,0.1,0.11,0.35,0.17
2,0.11,0.12,3.79,5.58,0.51,0.07,10.71,0.09,0.09,0.36,0.96,0.62,0.1,0.11,0.35,0.17
2,0.11,0.12,3.79,5.58,0.51,0.07,10.71,0.09,0.09,0.36,0.96,0.62,0.1,0.11,0.35,0.17
2,0.11,0.12,3.79,5.58,0.51,0.07,10.71,0.09,0.09,0.36,0.96,0.62,0.1,0.11,0.35,0.17
2,0.11,0.12,3.79,5.58,0.51,0.07,10.71,0.09,0.09,0.36,0.96,0.62,0.1,0.11,0.35,0.17
2,0.11,0.12,3.79,5.58,0.51,0.07,10.71,0.09,0.09,0.36,0.96,0.62,0.1,0.11,0.35,0.17
2,0.11,0.12,3.79,5.58,0.51,0.07,10.71,0.09,0.09,0.36,0.96,0.62,0.1,0.11,0.35,0.17
2,0.11,0.12,3.79,5.58,0.51,0.07,10.71,0.09,0.09,0.36,0.96,0.62,0.1,0.11,0.35,0.17
2,0.11,0.12,3.79,5.58,0.51,0.07,10.71,0.09,0.09,0.36,0.96,0.62,0.1,0.11,0.35,0.17
2,0.11,0.14,3.83,4.22,0.25,0.62,10.62,0.13,0.19,0.35,0.96,0.69,0.13,0.07,0.44,0.18
2,0.11,0.14,3.83,4.22,0.25,0.62,10.62,0.13,0.19,0.35,0.96,0.69,0.13,0.07,0.44,0.18
2,0.11,0.14,3.83,4.22,0.25,0.62,10.62,0.13,0.19,0.35,0.96,0.69,0.13,0.07,0.44,0.18
2,0.11,0.14,3.83,4.22,0.25,0.62,10.62,0.13,0.19,0.35,0.96,0.69,0.13,0.07,0.44,0.18
2,0.11,0.14,3.83,4.22,0.25,0.62,10.62,0.13,0.19,0.35,0.96,0.69,0.13,0.07,0.44,0.18
2,0.11,0.14,3.83,4.22,0.25,0.62,10.62,0.13,0.19,0.35,0.96,0.69,0.13,0.07,0.44,0.18
2,0.11,0.14,3.83,4.22,0.25,0.62,10.62,0.13,0.19,0.35,0.96,0.69,0.13,0.07,0.44,0.18
2,0.11,0.14,3.83,4.22,0.25,0.62,10.62,0.13,0.19,0.35,0.96,0.69,0.13,0.07,0.44,0.18
2,0.11,0.14,3.83,4.22,0.25,0.62,10.62,0.13,0.19,0.35,0.96,0.69,0.13,0.07,0.44,0.18
2,0.11,0.14,3.83,4.22,0.25,0.62,10.62,0.13,0.19,0.35,0.96,0.69,0.13,0.07,0.44,0.18
2,0.11,0.14,3.83,4.22,0.25,0.62,10.62,0.13,0.19,0.35,0.96,0.69,0.13,0.07,0.44,0.18
2,0.11,0.14,3.83,4.22,0.25,0.62,10.62,0.13,0.19,0.35,0.96,0.69,0.13,0.07,0.44,0.18
2,0.15,0.18,3.89,5.6,0.26,0.41,10.62,0.13,0.38,0.42,0.95,0.85,0.15,0.05,0.45,0.12
2,0.15,0.18,3.89,5.6,0.26,0.41,10.62,0.13,0.38,0.42,0.95,0.85,0.15,0.05,0.45,0.12
2,0.15,0.18,3.89,5.6,0.26,0.41,10.62,0.13,0.38,0.42,0.95,0.85,0.15,0.05,0.45,0.12
2,0.15,0.18,3.89,5.6,0.26,0.41,10.62,0.13,0.38,0.42,0.95,0.85,0.15,0.05,0.45,0.12
2,0.15,0.18,3.89,5.6,0.26,0.41,10.62,0.13,0.38,0.42,0.95,0.85,0.15,0.05,0.45,0.12
2,0.15,0.18,3.89,5.6,0.26,0.41,10.62,0.13,0.38,0.42,0.95,0.85,0.15,0.05,0.45,0.12
2,0.15,0.18,3.89,5.6,0.26,0.41,10.62,0.13,0.38,0.42,0.95,0.85,0.15,0.05,0.45,0.12
2,0.15,0.18,3.89,5.6,0.26,0.41,10.62,0.13,0.38,0.42,0.95,0.85,0.15,0.05,0.45,0.12
2,0.15,0.18,3.89,5.6,0.26,0.41,10.62,0.13,0.38,0.42,0.95,0.85,0.15,0.05,0.45,0.12
2,0.15,0.18,3.89,5.6,0.26,0.41,10.62,0.13,0.38,0.42,0.95,0.85,0.15,0.05,0.45,0.12
2,0.15,0.18,3.89,5.6,0.26,0.41,10.62,0.13,0.38,0.42,0.95,0.85,0.15,0.05,0.45,0.12
2,0.15,0.18,3.89,5.6,0.26,0.41,10.62,0.13,0.38,0.42,0.95,0.85,0.15,0.05,0.45,0.12
2,0.14,0.21,3.98,1.72,0.59,-0.64,10.41,0.12,0.73,0.48,0.97,0.79,0.11,0.14,0.36,0.27
2,0.14,0.21,3.98,1.72,0.59,-0.64,10.41,0.12,0.73,0.48,0.97,0.79,0.11,0.14,0.36,0.27
2,0.14,0.21,3.98,1.72,0.59,-0.64,10.41,0.12,0.73,0.48,0.97,0.79,0.11,0.14,0.36,0.27
2,0.14,0.21,3.98,1.72,0.59,-0.64,10.41,0.12,0.73,0.48,0.97,0.79,0.11,0.14,0.36,0.27
2,0.14,0.21,3.98,1.72,0.59,-0.64,10.41,0.12,0.73,0.48,0.97,0.79,0.11,0.14,0.36,0.27
2,0.14,0.21,3.98,1.72,0.59,-0.64,10.41,0.12,0.73,0.48,0.97,0.79,0.11,0.14,0.36,0.27
2,0.14,0.21,3.98,1.72,0.59,-0.64,10.41,0.12,0.73,0.48,0.97,0.79,0.11,0.14,0.36,0.27
2,0.14,0.21,3.98,1.72,0.59,-0.64,10.41,0.12,0.73,0.48,0.97,0.79,0.11,0.14,0.36,0.27
2,0.14,0.21,3.98,1.72,0.59,-0.64,10.41,0.12,0.73,0.48,0.97,0.79,0.11,0.14,0.36,0.27
2,0.14,0.21,3.98,1.72,0.59,-0.64,10.41,0.12,0.73,0.48,0.97,0.79,0.11,0.14,0.36,0.27
2,0.14,0.21,3.98,1.72,0.59,-0.64,10.41,0.12,0.73,0.48,0.97,0.79,0.11,0.14,0.36,0.27
2,0.14,0.21,3.98,1.72,0.59,-0.64,10.41,0.12,0.73,0.48,0.97,0.79,0.11,0.14,0.36,0.27
2,0.13,0.19,4.01,1.76,0.57,-0.68,10.41,0.11,0.76,0.5,0.97,0.81,0.1,0.12,0.41,0.27
2,0.13,0.19,4.01,1.76,0.57,-0.68,10.41,0.11,0.76,0.5,0.97,0.81,0.1,0.12,0.41,0.27
2,0.13,0.19,4.01,1.76,0.57,-0.68,10.41,0.11,0.76,0.5,0.97,0.81,0.1,0.12,0.41,0.27
2,0.13,0.19,4.01,1.76,0.57,-0.68,10.41,0.11,0.76,0.5,0.97,0.81,0.1,0.12,0.41,0.27
2,0.13,0.19,4.01,1.76,0.57,-0.68,10.41,0.11,0.76,0.5,0.97,0.81,0.1,0.12,0.41,0.27
2,0.13,0.19,4.01,1.76,0.57,-0.68,10.41,0.11,0.76,0.5,0.97,0.81,0.1,0.12,0.41,0.27
2,0.13,0.19,4.01,1.76,0.57,-0.68,10.41,0.11,0.76,0.5,0.97,0.81,0.1,0.12,0.41,0.27
2,0.13,0.19,4.01,1.76,0.57,-0.68,10.41,0.11,0.76,0.5,0.97,0.81,0.1,0.12,0.41,0.27
2,0.13,0.19,4.01,1.76,0.57,-0.68,10.41,0.11,0.76,0.5,0.97,0.81,0.1,0.12,0.41,0.27
2,0.13,0.19,4.01,1.76,0.57,-0.68,10.41,0.11,0.76,0.5,0.97,0.81,0.1,0.12,0.41,0.27
2,0.13,0.19,4.01,1.76,0.57,-0.68,10.41,0.11,0.76,0.5,0.97,0.81,0.1,0.12,0.41,0.27
2,0.13,0.19,4.01,1.76,0.57,-0.68,10.41,0.11,0.76,0.5,0.97,0.81,0.1,0.12,0.41,0.27
2,0.13,0.14,3.96,14.24,0.49,0.66,10.36,0.24,-0.22,0.59,0.88,0.55,0.2,0.43,0.64,0.17
2,0.13,0.14,3.96,14.24,0.49,0.66,10.36,0.24,-0.22,0.59,0.88,0.55,0.2,0.43,0.64,0.17
2,0.13,0.14,3.96,14.24,0.49,0.66,10.36,0.24,-0.22,0.59,0.88,0.55,0.2,0.43,0.64,0.17
2,0.13,0.14,3.96,14.24,0.49,0.66,10.36,0.24,-0.22,0.59,0.88,0.55,0.2,0.43,0.64,0.17
2,0.13,0.14,3.96,14.24,0.49,0.66,10.36,0.24,-0.22,0.59,0.88,0.55,0.2,0.43,0.64,0.17
2,0.13,0.14,3.96,14.24,0.49,0.66,10.36,0.24,-0.22,0.59,0.88,0.55,0.2,0.43,0.64,0.17
2,0.13,0.14,3.96,14.24,0.49,0.66,10.36,0.24,-0.22,0.59,0.88,0.55,0.2,0.43,0.64,0.17
2,0.13,0.14,3.96,14.24,0.49,0.66,10.36,0.24,-0.22,0.59,0.88,0.55,0.2,0.43,0.64,0.17
2,0.13,0.14,3.96,14.24,0.49,0.66,10.36,0.24,-0.22,0.59,0.88,0.55,0.2,0.43,0.64,0.17
2,0.13,0.14,3.96,14.24,0.49,0.66,10.36,0.24,-0.22,0.59,0.88,0.55,0.2,0.43,0.64,0.17
2,0.13,0.14,3.96,14.24,0.49,0.66,10.36,0.24,-0.22,0.59,0.88,0.55,0.2,0.43,0.64,0.17
2,0.13,0.14,3.96,14.24,0.49,0.66,10.36,0.24,-0.22,0.59,0.88,0.55,0.2,0.43,0.64,0.17
2,0.09,0.16,3.73,28.51,0.73,0.5,10.62,0.09,-0.5,0.7,0.91,0.66,0.11,0.31,0.42,0.2
2,0.09,0.16,3.73,28.51,0.73,0.5,10.62,0.09,-0.5,0.7,0.91,0.66,0.11,0.31,0.42,0.2
2,0.09,0.16,3.73,28.51,0.73,0.5,10.62,0.09,-0.5,0.7,0.91,0.66,0.11,0.31,0.42,0.2
2,0.09,0.16,3.73,28.51,0.73,0.5,10.62,0.09,-0.5,0.7,0.91,0.66,0.11,0.31,0.42,0.2
2,0.09,0.16,3.73,28.51,0.73,0.5,10.62,0.09,-0.5,0.7,0.91,0.66,0.11,0.31,0.42,0.2
2,0.09,0.16,3.73,28.51,0.73,0.5,10.62,0.09,-0.5,0.7,0.91,0.66,0.11,0.31,0.42,0.2
2,0.09,0.16,3.73,28.51,0.73,0.5,10.62,0.09,-0.5,0.7,0.91,0.66,0.11,0.31,0.42,0.2
2,0.09,0.16,3.73,28.51,0.73,0.5,10.62,0.09,-0.5,0.7,0.91,0.66,0.11,0.31,0.42,0.2
2,0.09,0.16,3.73,28.51,0.73,0.5,10.62,0.09,-0.5,0.7,0.91,0.66,0.11,0.31,0.42,0.2
2,0.09,0.16,3.73,28.51,0.73,0.5,10.62,0.09,-0.5,0.7,0.91,0.66,0.11,0.31,0.42,0.2
2,0.09,0.16,3.73,28.51,0.73,0.5,10.62,0.09,-0.5,0.7,0.91,0.66,0.11,0.31,0.42,0.2
2,0.09,0.16,3.73,28.51,0.73,0.5,10.62,0.09,-0.5,0.7,0.91,0.66,0.11,0.31,0.42,0.2
2,0.14,0.15,3.67,4.31,0.64,-0.37,10.61,0.1,-1.09,0.62,0.91,0.73,0.12,0.21,0.48,0.19
2,0.14,0.15,3.67,4.31,0.64,-0.37,10.61,0.1,-1.09,0.62,0.91,0.73,0.12,0.21,0.48,0.19
2,0.14,0.15,3.67,4.31,0.64,-0.37,10.61,0.1,-1.09,0.62,0.91,0.73,0.12,0.21,0.48,0.19
2,0.14,0.15,3.67,4.31,0.64,-0.37,10.61,0.1,-1.09,0.62,0.91,0.73,0.12,0.21,0.48,0.19
2,0.14,0.15,3.67,4.31,0.64,-0.37,10.61,0.1,-1.09,0.62,0.91,0.73,0.12,0.21,0.48,0.19
2,0.14,0.15,3.67,4.31,0.64,-0.37,10.61,0.1,-1.09,0.62,0.91,0.73,0.12,0.21,0.48,0.19
2,0.14,0.15,3.67,4.31,0.64,-0.37,10.61,0.1,-1.09,0.62,0.91,0.73,0.12,0.21,0.48,0.19
2,0.14,0.15,3.67,4.31,0.64,-0.37,10.61,0.1,-1.09,0.62,0.91,0.73,0.12,0.21,0.48,0.19
2,0.14,0.15,3.67,4.31,0.64,-0.37,10.61,0.1,-1.09,0.62,0.91,0.73,0.12,0.21,0.48,0.19
2,0.14,0.15,3.67,4.31,0.64,-0.37,10.61,0.1,-1.09,0.62,0.91,0.73,0.12,0.21,0.48,0.19
2,0.14,0.15,3.67,4.31,0.64,-0.37,10.61,0.1,-1.09,0.62,0.91,0.73,0.12,0.21,0.48,0.19
2,0.14,0.15,3.67,4.31,0.64,-0.37,10.61,0.1,-1.09,0.62,0.91,0.73,0.12,0.21,0.48,0.19
2,0.06,0.16,3.98,3.29,0.68,0.43,10.4,0.07,-0.05,0.83,0.93,0.59,0.13,0.14,0.59,0.21
2,0.06,0.16,3.98,3.29,0.68,0.43,10.4,0.07,-0.05,0.83,0.93,0.59,0.13,0.14,0.59,0.21
2,0.06,0.16,3.98,3.29,0.68,0.43,10.4,0.07,-0.05,0.83,0.93,0.59,0.13,0.14,0.59,0.21
2,0.06,0.16,3.98,3.29,0.68,0.43,10.4,0.07,-0.05,0.83,0.93,0.59,0.13,0.14,0.59,0.21
2,0.06,0.16,3.98,3.29,0.68,0.43,10.4,0.07,-0.05,0.83,0.93,0.59,0.13,0.14,0.59,0.21
2,0.06,0.16,3.98,3.29,0.68,0.43,10.4,0.07,-0.05,0.83,0.93,0.59,0.13,0.14,0.59,0.21
2,0.06,0.16,3.98,3.29,0.68,0.43,10.4,0.07,-0.05,0.83,0.93,0.59,0.13,0.14,0.59,0.21
2,0.06,0.16,3.98,3.29,0.68,0.43,10.4,0.07,-0.05,0.83,0.93,0.59,0.13,0.14,0.59,0.21
2,0.06,0.16,3.98,3.29,0.68,0.43,10.4,0.07,-0.05,0.83,0.93,0.59,0.13,0.14,0.59,0.21
2,0.06,0.16,3.98,3.29,0.68,0.43,10.4,0.07,-0.05,0.83,0.93,0.59,0.13,0.14,0.59,0.21
2,0.06,0.16,3.98,3.29,0.68,0.43,10.4,0.07,-0.05,0.83,0.93,0.59,0.13,0.14,0.59,0.21
2,0.06,0.16,3.98,3.29,0.68,0.43,10.4,0.07,-0.05,0.83,0.93,0.59,0.13,0.14,0.59,0.21
2,0.14,0.14,3.92,2.68,0.41,0.43,10.43,0.13,0.3,0.5,0.92,0.76,0.16,0.15,0.49,0.23
2,0.14,0.14,3.92,2.68,0.41,0.43,10.43,0.13,0.3,0.5,0.92,0.76,0.16,0.15,0.49,0.23
2,0.14,0.14,3.92,2.68,0.41,0.43,10.43,0.13,0.3,0.5,0.92,0.76,0.16,0.15,0.49,0.23
2,0.14,0.14,3.92,2.68,0.41,0.43,10.43,0.13,0.3,0.5,0.92,0.76,0.16,0.15,0.49,0.23
2,0.14,0.14,3.92,2.68,0.41,0.43,10.43,0.13,0.3,0.5,0.92,0.76,0.16,0.15,0.49,0.23
2,0.14,0.14,3.92,2.68,0.41,0.43,10.43,0.13,0.3,0.5,0.92,0.76,0.16,0.15,0.49,0.23
2,0.14,0.14,3.92,2.68,0.41,0.43,10.43,0.13,0.3,0.5,0.92,0.76,0.16,0.15,0.49,0.23
2,0.14,0.14,3.92,2.68,0.41,0.43,10.43,0.13,0.3,0.5,0.92,0.76,0.16,0.15,0.49,0.23
2,0.14,0.14,3.92,2.68,0.41,0.43,10.43,0.13,0.3,0.5,0.92,0.76,0.16,0.15,0.49,0.23
2,0.14,0.14,3.92,2.68,0.41,0.43,10.43,0.13,0.3,0.5,0.92,0.76,0.16,0.15,0.49,0.23
2,0.14,0.14,3.92,2.68,0.41,0.43,10.43,0.13,0.3,0.5,0.92,0.76,0.16,0.15,0.49,0.23
2,0.14,0.14,3.92,2.68,0.41,0.43,10.43,0.13,0.3,0.5,0.92,0.76,0.16,0.15,0.49,0.23
2,0.22,0.2,5.82,39.57,0.35,-0.07,7.37,0.25,0.02,0.45,0.95,0.77,0.29,0.22,0.49,0.31
2,0.22,0.2,5.82,39.57,0.35,-0.07,7.37,0.25,0.02,0.45,0.95,0.77,0.29,0.22,0.49,0.31
2,0.22,0.2,5.82,39.57,0.35,-0.07,7.37,0.25,0.02,0.45,0.95,0.77,0.29,0.22,0.49,0.31
2,0.22,0.2,5.82,39.57,0.35,-0.07,7.37,0.25,0.02,0.45,0.95,0.77,0.29,0.22,0.49,0.31
2,0.22,0.2,5.82,39.57,0.35,-0.07,7.37,0.25,0.02,0.45,0.95,0.77,0.29,0.22,0.49,0.31
2,0.22,0.2,5.82,39.57,0.35,-0.07,7.37,0.25,0.02,0.45,0.95,0.77,0.29,0.22,0.49,0.31
2,0.22,0.2,5.82,39.57,0.35,-0.07,7.37,0.25,0.02,0.45,0.95,0.77,0.29,0.22,0.49,0.31
2,0.22,0.2,5.82,39.57,0.35,-0.07,7.37,0.25,0.02,0.45,0.95,0.77,0.29,0.22,0.49,0.31
2,0.22,0.2,5.82,39.57,0.35,-0.07,7.37,0.25,0.02,0.45,0.95,0.77,0.29,0.22,0.49,0.31
2,0.22,0.2,5.82,39.57,0.35,-0.07,7.37,0.25,0.02,0.45,0.95,0.77,0.29,0.22,0.49,0.31
2,0.22,0.2,5.82,39.57,0.35,-0.07,7.37,0.25,0.02,0.45,0.95,0.77,0.29,0.22,0.49,0.31
2,0.22,0.2,5.82,39.57,0.35,-0.07,7.37,0.25,0.02,0.45,0.95,0.77,0.29,0.22,0.49,0.31
2,0.15,0.15,3.8,1.31,0.39,0.53,10.33,0.15,0.79,0.39,0.93,0.71,0.18,0.18,0.51,0.24
2,0.15,0.15,3.8,1.31,0.39,0.53,10.33,0.15,0.79,0.39,0.93,0.71,0.18,0.18,0.51,0.24
2,0.15,0.15,3.8,1.31,0.39,0.53,10.33,0.15,0.79,0.39,0.93,0.71,0.18,0.18,0.51,0.24
2,0.15,0.15,3.8,1.31,0.39,0.53,10.33,0.15,0.79,0.39,0.93,0.71,0.18,0.18,0.51,0.24
2,0.15,0.15,3.8,1.31,0.39,0.53,10.33,0.15,0.79,0.39,0.93,0.71,0.18,0.18,0.51,0.24
2,0.15,0.15,3.8,1.31,0.39,0.53,10.33,0.15,0.79,0.39,0.93,0.71,0.18,0.18,0.51,0.24
2,0.15,0.15,3.8,1.31,0.39,0.53,10.33,0.15,0.79,0.39,0.93,0.71,0.18,0.18,0.51,0.24
2,0.15,0.15,3.8,1.31,0.39,0.53,10.33,0.15,0.79,0.39,0.93,0.71,0.18,0.18,0.51,0.24
2,0.15,0.15,3.8,1.31,0.39,0.53,10.33,0.15,0.79,0.39,0.93,0.71,0.18,0.18,0.51,0.24
2,0.15,0.15,3.8,1.31,0.39,0.53,10.33,0.15,0.79,0.39,0.93,0.71,0.18,0.18,0.51,0.24
2,0.15,0.15,3.8,1.31,0.39,0.53,10.33,0.15,0.79,0.39,0.93,0.71,0.18,0.18,0.51,0.24
2,0.15,0.15,3.8,1.31,0.39,0.53,10.33,0.15,0.79,0.39,0.93,0.71,0.18,0.18,0.51,0.24
2,0.09,0.1,3.55,2.11,0.76,-2.76,11.08,0.08,-2.27,0.8,0.95,0.51,0.08,0.1,0.62,0.19
2,0.09,0.1,3.55,2.11,0.76,-2.76,11.08,0.08,-2.27,0.8,0.95,0.51,0.08,0.1,0.62,0.19
2,0.09,0.1,3.55,2.11,0.76,-2.76,11.08,0.08,-2.27,0.8,0.95,0.51,0.08,0.1,0.62,0.19
2,0.09,0.1,3.55,2.11,0.76,-2.76,11.08,0.08,-2.27,0.8,0.95,0.51,0.08,0.1,0.62,0.19
2,0.09,0.1,3.55,2.11,0.76,-2.76,11.08,0.08,-2.27,0.8,0.95,0.51,0.08,0.1,0.62,0.19
2,0.09,0.1,3.55,2.11,0.76,-2.76,11.08,0.08,-2.27,0.8,0.95,0.51,0.08,0.1,0.62,0.19
2,0.09,0.1,3.55,2.11,0.76,-2.76,11.08,0.08,-2.27,0.8,0.95,0.51,0.08,0.1,0.62,0.19
2,0.09,0.1,3.55,2.11,0.76,-2.76,11.08,0.08,-2.27,0.8,0.95,0.51,0.08,0.1,0.62,0.19
2,0.09,0.1,3.55,2.11,0.76,-2.76,11.08,0.08,-2.27,0.8,0.95,0.51,0.08,0.1,0.62,0.19
2,0.09,0.1,3.55,2.11,0.76,-2.76,11.08,0.08,-2.27,0.8,0.95,0.51,0.08,0.1,0.62,0.19
2,0.09,0.1,3.55,2.11,0.76,-2.76,11.08,0.08,-2.27,0.8,0.95,0.51,0.08,0.1,0.62,0.19
2,0.09,0.1,3.55,2.11,0.76,-2.76,11.08,0.08,-2.27,0.8,0.95,0.51,0.08,0.1,0.62,0.19
2,0.11,0.19,3.97,3.8,0.5,0.31,10.22,0.11,0.58,0.47,0.97,0.62,0.2,0.1,0.47,0.27
2,0.11,0.19,3.97,3.8,0.5,0.31,10.22,0.11,0.58,0.47,0.97,0.62,0.2,0.1,0.47,0.27
2,0.11,0.19,3.97,3.8,0.5,0.31,10.22,0.11,0.58,0.47,0.97,0.62,0.2,0.1,0.47,0.27
2,0.11,0.19,3.97,3.8,0.5,0.31,10.22,0.11,0.58,0.47,0.97,0.62,0.2,0.1,0.47,0.27
2,0.11,0.19,3.97,3.8,0.5,0.31,10.22,0.11,0.58,0.47,0.97,0.62,0.2,0.1,0.47,0.27
2,0.11,0.19,3.97,3.8,0.5,0.31,10.22,0.11,0.58,0.47,0.97,0.62,0.2,0.1,0.47,0.27
2,0.11,0.19,3.97,3.8,0.5,0.31,10.22,0.11,0.58,0.47,0.97,0.62,0.2,0.1,0.47,0.27
2,0.11,0.19,3.97,3.8,0.5,0.31,10.22,0.11,0.58,0.47,0.97,0.62,0.2,0.1,0.47,0.27
2,0.11,0.19,3.97,3.8,0.5,0.31,10.22,0.11,0.58,0.47,0.97,0.62,0.2,0.1,0.47,0.27
2,0.11,0.19,3.97,3.8,0.5,0.31,10.22,0.11,0.58,0.47,0.97,0.62,0.2,0.1,0.47,0.27
2,0.11,0.19,3.97,3.8,0.5,0.31,10.22,0.11,0.58,0.47,0.97,0.62,0.2,0.1,0.47,0.27
2,0.11,0.19,3.97,3.8,0.5,0.31,10.22,0.11,0.58,0.47,0.97,0.62,0.2,0.1,0.47,0.27
2,0.11,0.19,3.97,3.8,0.5,0.31,10.22,0.11,0.58,0.47,0.97,0.62,0.2,0.1,0.47,0.27
2,0.11,0.19,3.97,3.8,0.5,0.31,10.22,0.11,0.58,0.47,0.97,0.62,0.2,0.1,0.47,0.27
2,0.11,0.19,3.97,3.8,0.5,0.31,10.22,0.11,0.58,0.47,0.97,0.62,0.2,0.1,0.47,0.27
2,0.11,0.19,3.97,3.8,0.5,0.31,10.22,0.11,0.58,0.47,0.97,0.62,0.2,0.1,0.47,0.27
2,0.11,0.19,3.97,3.8,0.5,0.31,10.22,0.11,0.58,0.47,0.97,0.62,0.2,0.1,0.47,0.27
2,0.11,0.19,3.97,3.8,0.5,0.31,10.22,0.11,0.58,0.47,0.97,0.62,0.2,0.1,0.47,0.27
2,0.11,0.19,3.97,3.8,0.5,0.31,10.22,0.11,0.58,0.47,0.97,0.62,0.2,0.1,0.47,0.27
2,0.11,0.19,3.97,3.8,0.5,0.31,10.22,0.11,0.58,0.47,0.97,0.62,0.2,0.1,0.47,0.27
2,0.11,0.19,3.97,3.8,0.5,0.31,10.22,0.11,0.58,0.47,0.97,0.62,0.2,0.1,0.47,0.27
2,0.11,0.19,3.97,3.8,0.5,0.31,10.22,0.11,0.58,0.47,0.97,0.62,0.2,0.1,0.47,0.27
2,0.11,0.19,3.97,3.8,0.5,0.31,10.22,0.11,0.58,0.47,0.97,0.62,0.2,0.1,0.47,0.27
2,0.11,0.19,3.97,3.8,0.5,0.31,10.22,0.11,0.58,0.47,0.97,0.62,0.2,0.1,0.47,0.27
2,0.13,0.19,3.9,3.77,0.47,0.32,10.27,0.11,0.56,0.45,0.96,0.58,0.19,0.17,0.44,0.26
2,0.13,0.19,3.9,3.77,0.47,0.32,10.27,0.11,0.56,0.45,0.96,0.58,0.19,0.17,0.44,0.26
2,0.13,0.19,3.9,3.77,0.47,0.32,10.27,0.11,0.56,0.45,0.96,0.58,0.19,0.17,0.44,0.26
2,0.13,0.19,3.9,3.77,0.47,0.32,10.27,0.11,0.56,0.45,0.96,0.58,0.19,0.17,0.44,0.26
2,0.13,0.19,3.9,3.77,0.47,0.32,10.27,0.11,0.56,0.45,0.96,0.58,0.19,0.17,0.44,0.26
2,0.13,0.19,3.9,3.77,0.47,0.32,10.27,0.11,0.56,0.45,0.96,0.58,0.19,0.17,0.44,0.26
2,0.13,0.19,3.9,3.77,0.47,0.32,10.27,0.11,0.56,0.45,0.96,0.58,0.19,0.17,0.44,0.26
2,0.13,0.19,3.9,3.77,0.47,0.32,10.27,0.11,0.56,0.45,0.96,0.58,0.19,0.17,0.44,0.26
2,0.13,0.19,3.9,3.77,0.47,0.32,10.27,0.11,0.56,0.45,0.96,0.58,0.19,0.17,0.44,0.26
2,0.13,0.19,3.9,3.77,0.47,0.32,10.27,0.11,0.56,0.45,0.96,0.58,0.19,0.17,0.44,0.26
2,0.13,0.19,3.9,3.77,0.47,0.32,10.27,0.11,0.56,0.45,0.96,0.58,0.19,0.17,0.44,0.26
2,0.13,0.19,3.9,3.77,0.47,0.32,10.27,0.11,0.56,0.45,0.96,0.58,0.19,0.17,0.44,0.26
2,0.16,0.17,3.76,5.12,0.65,-0.8,10.76,0.12,-0.11,0.55,0.93,0.56,0.14,0.25,0.38,0.27
2,0.16,0.17,3.76,5.12,0.65,-0.8,10.76,0.12,-0.11,0.55,0.93,0.56,0.14,0.25,0.38,0.27
2,0.16,0.17,3.76,5.12,0.65,-0.8,10.76,0.12,-0.11,0.55,0.93,0.56,0.14,0.25,0.38,0.27
2,0.16,0.17,3.76,5.12,0.65,-0.8,10.76,0.12,-0.11,0.55,0.93,0.56,0.14,0.25,0.38,0.27
2,0.16,0.17,3.76,5.12,0.65,-0.8,10.76,0.12,-0.11,0.55,0.93,0.56,0.14,0.25,0.38,0.27
2,0.16,0.17,3.76,5.12,0.65,-0.8,10.76,0.12,-0.11,0.55,0.93,0.56,0.14,0.25,0.38,0.27
2,0.16,0.17,3.76,5.12,0.65,-0.8,10.76,0.12,-0.11,0.55,0.93,0.56,0.14,0.25,0.38,0.27
2,0.16,0.17,3.76,5.12,0.65,-0.8,10.76,0.12,-0.11,0.55,0.93,0.56,0.14,0.25,0.38,0.27
2,0.16,0.17,3.76,5.12,0.65,-0.8,10.76,0.12,-0.11,0.55,0.93,0.56,0.14,0.25,0.38,0.27
2,0.16,0.17,3.76,5.12,0.65,-0.8,10.76,0.12,-0.11,0.55,0.93,0.56,0.14,0.25,0.38,0.27
2,0.16,0.17,3.76,5.12,0.65,-0.8,10.76,0.12,-0.11,0.55,0.93,0.56,0.14,0.25,0.38,0.27
2,0.16,0.17,3.76,5.12,0.65,-0.8,10.76,0.12,-0.11,0.55,0.93,0.56,0.14,0.25,0.38,0.27
2,0.12,0.16,3.88,16.98,0.65,0.59,10.47,0.1,-1.62,0.76,0.95,0.54,0.14,0.19,0.66,0.26
2,0.12,0.16,3.88,16.98,0.65,0.59,10.47,0.1,-1.62,0.76,0.95,0.54,0.14,0.19,0.66,0.26
2,0.12,0.16,3.88,16.98,0.65,0.59,10.47,0.1,-1.62,0.76,0.95,0.54,0.14,0.19,0.66,0.26
2,0.12,0.16,3.88,16.98,0.65,0.59,10.47,0.1,-1.62,0.76,0.95,0.54,0.14,0.19,0.66,0.26
2,0.12,0.16,3.88,16.98,0.65,0.59,10.47,0.1,-1.62,0.76,0.95,0.54,0.14,0.19,0.66,0.26
2,0.12,0.16,3.88,16.98,0.65,0.59,10.47,0.1,-1.62,0.76,0.95,0.54,0.14,0.19,0.66,0.26
2,0.12,0.16,3.88,16.98,0.65,0.59,10.47,0.1,-1.62,0.76,0.95,0.54,0.14,0.19,0.66,0.26
2,0.12,0.16,3.88,16.98,0.65,0.59,10.47,0.1,-1.62,0.76,0.95,0.54,0.14,0.19,0.66,0.26
2,0.12,0.16,3.88,16.98,0.65,0.59,10.47,0.1,-1.62,0.76,0.95,0.54,0.14,0.19,0.66,0.26
2,0.12,0.16,3.88,16.98,0.65,0.59,10.47,0.1,-1.62,0.76,0.95,0.54,0.14,0.19,0.66,0.26
2,0.12,0.16,3.88,16.98,0.65,0.59,10.47,0.1,-1.62,0.76,0.95,0.54,0.14,0.19,0.66,0.26
2,0.12,0.16,3.88,16.98,0.65,0.59,10.47,0.1,-1.62,0.76,0.95,0.54,0.14,0.19,0.66,0.26
2,0.08,0.17,3.86,12.95,0.79,1.2,10.61,0.09,0.94,0.71,0.92,0.62,0.1,0.28,0.55,0.18
2,0.08,0.17,3.86,12.95,0.79,1.2,10.61,0.09,0.94,0.71,0.92,0.62,0.1,0.28,0.55,0.18
2,0.08,0.17,3.86,12.95,0.79,1.2,10.61,0.09,0.94,0.71,0.92,0.62,0.1,0.28,0.55,0.18
2,0.08,0.17,3.86,12.95,0.79,1.2,10.61,0.09,0.94,0.71,0.92,0.62,0.1,0.28,0.55,0.18
2,0.08,0.17,3.86,12.95,0.79,1.2,10.61,0.09,0.94,0.71,0.92,0.62,0.1,0.28,0.55,0.18
2,0.08,0.17,3.86,12.95,0.79,1.2,10.61,0.09,0.94,0.71,0.92,0.62,0.1,0.28,0.55,0.18
2,0.08,0.17,3.86,12.95,0.79,1.2,10.61,0.09,0.94,0.71,0.92,0.62,0.1,0.28,0.55,0.18
2,0.08,0.17,3.86,12.95,0.79,1.2,10.61,0.09,0.94,0.71,0.92,0.62,0.1,0.28,0.55,0.18
2,0.08,0.17,3.86,12.95,0.79,1.2,10.61,0.09,0.94,0.71,0.92,0.62,0.1,0.28,0.55,0.18
2,0.08,0.17,3.86,12.95,0.79,1.2,10.61,0.09,0.94,0.71,0.92,0.62,0.1,0.28,0.55,0.18
2,0.08,0.17,3.86,12.95,0.79,1.2,10.61,0.09,0.94,0.71,0.92,0.62,0.1,0.28,0.55,0.18
2,0.08,0.17,3.86,12.95,0.79,1.2,10.61,0.09,0.94,0.71,0.92,0.62,0.1,0.28,0.55,0.18
2,0.16,0.21,3.8,6.61,0.46,0.13,10.64,0.14,1.04,0.46,0.92,0.72,0.18,0.18,0.37,0.27
2,0.16,0.21,3.8,6.61,0.46,0.13,10.64,0.14,1.04,0.46,0.92,0.72,0.18,0.18,0.37,0.27
2,0.16,0.21,3.8,6.61,0.46,0.13,10.64,0.14,1.04,0.46,0.92,0.72,0.18,0.18,0.37,0.27
2,0.16,0.21,3.8,6.61,0.46,0.13,10.64,0.14,1.04,0.46,0.92,0.72,0.18,0.18,0.37,0.27
2,0.16,0.21,3.8,6.61,0.46,0.13,10.64,0.14,1.04,0.46,0.92,0.72,0.18,0.18,0.37,0.27
2,0.16,0.21,3.8,6.61,0.46,0.13,10.64,0.14,1.04,0.46,0.92,0.72,0.18,0.18,0.37,0.27
2,0.16,0.21,3.8,6.61,0.46,0.13,10.64,0.14,1.04,0.46,0.92,0.72,0.18,0.18,0.37,0.27
2,0.16,0.21,3.8,6.61,0.46,0.13,10.64,0.14,1.04,0.46,0.92,0.72,0.18,0.18,0.37,0.27
2,0.16,0.21,3.8,6.61,0.46,0.13,10.64,0.14,1.04,0.46,0.92,0.72,0.18,0.18,0.37,0.27
2,0.16,0.21,3.8,6.61,0.46,0.13,10.64,0.14,1.04,0.46,0.92,0.72,0.18,0.18,0.37,0.27
2,0.16,0.21,3.8,6.61,0.46,0.13,10.64,0.14,1.04,0.46,0.92,0.72,0.18,0.18,0.37,0.27
2,0.16,0.21,3.8,6.61,0.46,0.13,10.64,0.14,1.04,0.46,0.92,0.72,0.18,0.18,0.37,0.27
2,0.13,0.14,3.96,14.24,0.49,0.66,10.36,0.24,-0.22,0.59,0.88,0.55,0.2,0.43,0.64,0.17
2,0.13,0.14,3.96,14.24,0.49,0.66,10.36,0.24,-0.22,0.59,0.88,0.55,0.2,0.43,0.64,0.17
2,0.13,0.14,3.96,14.24,0.49,0.66,10.36,0.24,-0.22,0.59,0.88,0.55,0.2,0.43,0.64,0.17
2,0.13,0.14,3.96,14.24,0.49,0.66,10.36,0.24,-0.22,0.59,0.88,0.55,0.2,0.43,0.64,0.17
2,0.13,0.14,3.96,14.24,0.49,0.66,10.36,0.24,-0.22,0.59,0.88,0.55,0.2,0.43,0.64,0.17
2,0.13,0.14,3.96,14.24,0.49,0.66,10.36,0.24,-0.22,0.59,0.88,0.55,0.2,0.43,0.64,0.17
2,0.13,0.14,3.96,14.24,0.49,0.66,10.36,0.24,-0.22,0.59,0.88,0.55,0.2,0.43,0.64,0.17
2,0.13,0.14,3.96,14.24,0.49,0.66,10.36,0.24,-0.22,0.59,0.88,0.55,0.2,0.43,0.64,0.17
2,0.13,0.14,3.96,14.24,0.49,0.66,10.36,0.24,-0.22,0.59,0.88,0.55,0.2,0.43,0.64,0.17
2,0.13,0.14,3.96,14.24,0.49,0.66,10.36,0.24,-0.22,0.59,0.88,0.55,0.2,0.43,0.64,0.17
2,0.13,0.14,3.96,14.24,0.49,0.66,10.36,0.24,-0.22,0.59,0.88,0.55,0.2,0.43,0.64,0.17
2,0.13,0.14,3.96,14.24,0.49,0.66,10.36,0.24,-0.22,0.59,0.88,0.55,0.2,0.43,0.64,0.17
2,0.14,0.11,3.87,1.52,0.44,0.14,10.49,0.17,0.45,0.49,0.9,0.46,0.18,0.4,0.43,0.26
2,0.14,0.11,3.87,1.52,0.44,0.14,10.49,0.17,0.45,0.49,0.9,0.46,0.18,0.4,0.43,0.26
2,0.14,0.11,3.87,1.52,0.44,0.14,10.49,0.17,0.45,0.49,0.9,0.46,0.18,0.4,0.43,0.26
2,0.14,0.11,3.87,1.52,0.44,0.14,10.49,0.17,0.45,0.49,0.9,0.46,0.18,0.4,0.43,0.26
2,0.14,0.11,3.87,1.52,0.44,0.14,10.49,0.17,0.45,0.49,0.9,0.46,0.18,0.4,0.43,0.26
2,0.14,0.11,3.87,1.52,0.44,0.14,10.49,0.17,0.45,0.49,0.9,0.46,0.18,0.4,0.43,0.26
2,0.14,0.11,3.87,1.52,0.44,0.14,10.49,0.17,0.45,0.49,0.9,0.46,0.18,0.4,0.43,0.26
2,0.14,0.11,3.87,1.52,0.44,0.14,10.49,0.17,0.45,0.49,0.9,0.46,0.18,0.4,0.43,0.26
2,0.14,0.11,3.87,1.52,0.44,0.14,10.49,0.17,0.45,0.49,0.9,0.46,0.18,0.4,0.43,0.26
2,0.14,0.11,3.87,1.52,0.44,0.14,10.49,0.17,0.45,0.49,0.9,0.46,0.18,0.4,0.43,0.26
2,0.14,0.11,3.87,1.52,0.44,0.14,10.49,0.17,0.45,0.49,0.9,0.46,0.18,0.4,0.43,0.26
2,0.14,0.11,3.87,1.52,0.44,0.14,10.49,0.17,0.45,0.49,0.9,0.46,0.18,0.4,0.43,0.26
2,0.1,0.17,4.03,12.78,0.41,0.98,10.25,0.11,-0.84,0.74,0.93,0.66,0.14,0.23,0.5,0.27
2,0.1,0.17,4.03,12.78,0.41,0.98,10.25,0.11,-0.84,0.74,0.93,0.66,0.14,0.23,0.5,0.27
2,0.1,0.17,4.03,12.78,0.41,0.98,10.25,0.11,-0.84,0.74,0.93,0.66,0.14,0.23,0.5,0.27
2,0.1,0.17,4.03,12.78,0.41,0.98,10.25,0.11,-0.84,0.74,0.93,0.66,0.14,0.23,0.5,0.27
2,0.1,0.17,4.03,12.78,0.41,0.98,10.25,0.11,-0.84,0.74,0.93,0.66,0.14,0.23,0.5,0.27
2,0.1,0.17,4.03,12.78,0.41,0.98,10.25,0.11,-0.84,0.74,0.93,0.66,0.14,0.23,0.5,0.27
2,0.1,0.17,4.03,12.78,0.41,0.98,10.25,0.11,-0.84,0.74,0.93,0.66,0.14,0.23,0.5,0.27
2,0.1,0.17,4.03,12.78,0.41,0.98,10.25,0.11,-0.84,0.74,0.93,0.66,0.14,0.23,0.5,0.27
2,0.1,0.17,4.03,12.78,0.41,0.98,10.25,0.11,-0.84,0.74,0.93,0.66,0.14,0.23,0.5,0.27
2,0.1,0.17,4.03,12.78,0.41,0.98,10.25,0.11,-0.84,0.74,0.93,0.66,0.14,0.23,0.5,0.27
2,0.1,0.17,4.03,12.78,0.41,0.98,10.25,0.11,-0.84,0.74,0.93,0.66,0.14,0.23,0.5,0.27
2,0.1,0.17,4.03,12.78,0.41,0.98,10.25,0.11,-0.84,0.74,0.93,0.66,0.14,0.23,0.5,0.27
2,0.16,0.15,3.74,16.72,0.58,-1.91,10.38,0.12,-0.51,0.46,0.92,0.57,0.16,0.31,0.29,0.28
2,0.16,0.15,3.74,16.72,0.58,-1.91,10.38,0.12,-0.51,0.46,0.92,0.57,0.16,0.31,0.29,0.28
2,0.16,0.15,3.74,16.72,0.58,-1.91,10.38,0.12,-0.51,0.46,0.92,0.57,0.16,0.31,0.29,0.28
2,0.16,0.15,3.74,16.72,0.58,-1.91,10.38,0.12,-0.51,0.46,0.92,0.57,0.16,0.31,0.29,0.28
2,0.16,0.15,3.74,16.72,0.58,-1.91,10.38,0.12,-0.51,0.46,0.92,0.57,0.16,0.31,0.29,0.28
2,0.16,0.15,3.74,16.72,0.58,-1.91,10.38,0.12,-0.51,0.46,0.92,0.57,0.16,0.31,0.29,0.28
2,0.16,0.15,3.74,16.72,0.58,-1.91,10.38,0.12,-0.51,0.46,0.92,0.57,0.16,0.31,0.29,0.28
2,0.16,0.15,3.74,16.72,0.58,-1.91,10.38,0.12,-0.51,0.46,0.92,0.57,0.16,0.31,0.29,0.28
2,0.16,0.15,3.74,16.72,0.58,-1.91,10.38,0.12,-0.51,0.46,0.92,0.57,0.16,0.31,0.29,0.28
2,0.16,0.15,3.74,16.72,0.58,-1.91,10.38,0.12,-0.51,0.46,0.92,0.57,0.16,0.31,0.29,0.28
2,0.16,0.15,3.74,16.72,0.58,-1.91,10.38,0.12,-0.51,0.46,0.92,0.57,0.16,0.31,0.29,0.28
2,0.16,0.15,3.74,16.72,0.58,-1.91,10.38,0.12,-0.51,0.46,0.92,0.57,0.16,0.31,0.29,0.28
2,0.13,0.12,4.11,16.79,0.64,0.29,10.39,0.13,-1.99,0.74,0.9,0.38,0.15,0.22,0.65,0.2
2,0.13,0.12,4.11,16.79,0.64,0.29,10.39,0.13,-1.99,0.74,0.9,0.38,0.15,0.22,0.65,0.2
2,0.13,0.12,4.11,16.79,0.64,0.29,10.39,0.13,-1.99,0.74,0.9,0.38,0.15,0.22,0.65,0.2
2,0.13,0.12,4.11,16.79,0.64,0.29,10.39,0.13,-1.99,0.74,0.9,0.38,0.15,0.22,0.65,0.2
2,0.13,0.12,4.11,16.79,0.64,0.29,10.39,0.13,-1.99,0.74,0.9,0.38,0.15,0.22,0.65,0.2
2,0.13,0.12,4.11,16.79,0.64,0.29,10.39,0.13,-1.99,0.74,0.9,0.38,0.15,0.22,0.65,0.2
2,0.13,0.12,4.11,16.79,0.64,0.29,10.39,0.13,-1.99,0.74,0.9,0.38,0.15,0.22,0.65,0.2
2,0.13,0.12,4.11,16.79,0.64,0.29,10.39,0.13,-1.99,0.74,0.9,0.38,0.15,0.22,0.65,0.2
2,0.13,0.12,4.11,16.79,0.64,0.29,10.39,0.13,-1.99,0.74,0.9,0.38,0.15,0.22,0.65,0.2
2,0.13,0.12,4.11,16.79,0.64,0.29,10.39,0.13,-1.99,0.74,0.9,0.38,0.15,0.22,0.65,0.2
2,0.13,0.12,4.11,16.79,0.64,0.29,10.39,0.13,-1.99,0.74,0.9,0.38,0.15,0.22,0.65,0.2
2,0.13,0.12,4.11,16.79,0.64,0.29,10.39,0.13,-1.99,0.74,0.9,0.38,0.15,0.22,0.65,0.2
2,0.22,0.18,3.78,0.24,0.3,0.16,10.47,0.19,1.71,0.27,0.91,0.69,0.13,0.17,0.38,0.22
2,0.22,0.18,3.78,0.24,0.3,0.16,10.47,0.19,1.71,0.27,0.91,0.69,0.13,0.17,0.38,0.22
2,0.22,0.18,3.78,0.24,0.3,0.16,10.47,0.19,1.71,0.27,0.91,0.69,0.13,0.17,0.38,0.22
2,0.22,0.18,3.78,0.24,0.3,0.16,10.47,0.19,1.71,0.27,0.91,0.69,0.13,0.17,0.38,0.22
2,0.22,0.18,3.78,0.24,0.3,0.16,10.47,0.19,1.71,0.27,0.91,0.69,0.13,0.17,0.38,0.22
2,0.22,0.18,3.78,0.24,0.3,0.16,10.47,0.19,1.71,0.27,0.91,0.69,0.13,0.17,0.38,0.22
2,0.22,0.18,3.78,0.24,0.3,0.16,10.47,0.19,1.71,0.27,0.91,0.69,0.13,0.17,0.38,0.22
2,0.22,0.18,3.78,0.24,0.3,0.16,10.47,0.19,1.71,0.27,0.91,0.69,0.13,0.17,0.38,0.22
2,0.22,0.18,3.78,0.24,0.3,0.16,10.47,0.19,1.71,0.27,0.91,0.69,0.13,0.17,0.38,0.22
2,0.22,0.18,3.78,0.24,0.3,0.16,10.47,0.19,1.71,0.27,0.91,0.69,0.13,0.17,0.38,0.22
2,0.22,0.18,3.78,0.24,0.3,0.16,10.47,0.19,1.71,0.27,0.91,0.69,0.13,0.17,0.38,0.22
2,0.22,0.18,3.78,0.24,0.3,0.16,10.47,0.19,1.71,0.27,0.91,0.69,0.13,0.17,0.38,0.22
2,0.1,0.12,3.94,5.63,0.48,-0.85,10.5,0.09,-0.26,0.53,0.96,0.74,0.11,0.16,0.33,0.27
2,0.1,0.12,3.94,5.63,0.48,-0.85,10.5,0.09,-0.26,0.53,0.96,0.74,0.11,0.16,0.33,0.27
2,0.1,0.12,3.94,5.63,0.48,-0.85,10.5,0.09,-0.26,0.53,0.96,0.74,0.11,0.16,0.33,0.27
2,0.1,0.12,3.94,5.63,0.48,-0.85,10.5,0.09,-0.26,0.53,0.96,0.74,0.11,0.16,0.33,0.27
2,0.1,0.12,3.94,5.63,0.48,-0.85,10.5,0.09,-0.26,0.53,0.96,0.74,0.11,0.16,0.33,0.27
2,0.1,0.12,3.94,5.63,0.48,-0.85,10.5,0.09,-0.26,0.53,0.96,0.74,0.11,0.16,0.33,0.27
2,0.1,0.12,3.94,5.63,0.48,-0.85,10.5,0.09,-0.26,0.53,0.96,0.74,0.11,0.16,0.33,0.27
2,0.1,0.12,3.94,5.63,0.48,-0.85,10.5,0.09,-0.26,0.53,0.96,0.74,0.11,0.16,0.33,0.27
2,0.1,0.12,3.94,5.63,0.48,-0.85,10.5,0.09,-0.26,0.53,0.96,0.74,0.11,0.16,0.33,0.27
2,0.1,0.12,3.94,5.63,0.48,-0.85,10.5,0.09,-0.26,0.53,0.96,0.74,0.11,0.16,0.33,0.27
2,0.1,0.12,3.94,5.63,0.48,-0.85,10.5,0.09,-0.26,0.53,0.96,0.74,0.11,0.16,0.33,0.27
2,0.1,0.12,3.94,5.63,0.48,-0.85,10.5,0.09,-0.26,0.53,0.96,0.74,0.11,0.16,0.33,0.27
2,0.1,0.1,3.88,2.84,0.41,-0.92,10.19,0.09,-0.31,0.42,0.97,0.4,0.1,0.12,0.26,0.29
2,0.1,0.1,3.88,2.84,0.41,-0.92,10.19,0.09,-0.31,0.42,0.97,0.4,0.1,0.12,0.26,0.29
2,0.1,0.1,3.88,2.84,0.41,-0.92,10.19,0.09,-0.31,0.42,0.97,0.4,0.1,0.12,0.26,0.29
2,0.1,0.1,3.88,2.84,0.41,-0.92,10.19,0.09,-0.31,0.42,0.97,0.4,0.1,0.12,0.26,0.29
2,0.1,0.1,3.88,2.84,0.41,-0.92,10.19,0.09,-0.31,0.42,0.97,0.4,0.1,0.12,0.26,0.29
2,0.1,0.1,3.88,2.84,0.41,-0.92,10.19,0.09,-0.31,0.42,0.97,0.4,0.1,0.12,0.26,0.29
2,0.1,0.1,3.88,2.84,0.41,-0.92,10.19,0.09,-0.31,0.42,0.97,0.4,0.1,0.12,0.26,0.29
2,0.1,0.1,3.88,2.84,0.41,-0.92,10.19,0.09,-0.31,0.42,0.97,0.4,0.1,0.12,0.26,0.29
2,0.1,0.1,3.88,2.84,0.41,-0.92,10.19,0.09,-0.31,0.42,0.97,0.4,0.1,0.12,0.26,0.29
2,0.1,0.1,3.88,2.84,0.41,-0.92,10.19,0.09,-0.31,0.42,0.97,0.4,0.1,0.12,0.26,0.29
2,0.1,0.1,3.88,2.84,0.41,-0.92,10.19,0.09,-0.31,0.42,0.97,0.4,0.1,0.12,0.26,0.29
2,0.1,0.1,3.88,2.84,0.41,-0.92,10.19,0.09,-0.31,0.42,0.97,0.4,0.1,0.12,0.26,0.29
2,0.1,0.11,3.91,5.83,0.46,-0.82,10.55,0.08,-0.37,0.51,0.97,0.74,0.1,0.14,0.33,0.24
2,0.1,0.11,3.91,5.83,0.46,-0.82,10.55,0.08,-0.37,0.51,0.97,0.74,0.1,0.14,0.33,0.24
2,0.1,0.11,3.91,5.83,0.46,-0.82,10.55,0.08,-0.37,0.51,0.97,0.74,0.1,0.14,0.33,0.24
2,0.1,0.11,3.91,5.83,0.46,-0.82,10.55,0.08,-0.37,0.51,0.97,0.74,0.1,0.14,0.33,0.24
2,0.1,0.11,3.91,5.83,0.46,-0.82,10.55,0.08,-0.37,0.51,0.97,0.74,0.1,0.14,0.33,0.24
2,0.1,0.11,3.91,5.83,0.46,-0.82,10.55,0.08,-0.37,0.51,0.97,0.74,0.1,0.14,0.33,0.24
2,0.1,0.11,3.91,5.83,0.46,-0.82,10.55,0.08,-0.37,0.51,0.97,0.74,0.1,0.14,0.33,0.24
2,0.1,0.11,3.91,5.83,0.46,-0.82,10.55,0.08,-0.37,0.51,0.97,0.74,0.1,0.14,0.33,0.24
2,0.1,0.11,3.91,5.83,0.46,-0.82,10.55,0.08,-0.37,0.51,0.97,0.74,0.1,0.14,0.33,0.24
2,0.1,0.11,3.91,5.83,0.46,-0.82,10.55,0.08,-0.37,0.51,0.97,0.74,0.1,0.14,0.33,0.24
2,0.1,0.11,3.91,5.83,0.46,-0.82,10.55,0.08,-0.37,0.51,0.97,0.74,0.1,0.14,0.33,0.24
2,0.1,0.11,3.91,5.83,0.46,-0.82,10.55,0.08,-0.37,0.51,0.97,0.74,0.1,0.14,0.33,0.24
2,0.14,0.23,3.89,15.57,0.68,-0.75,10.42,0.16,-0.98,0.66,0.87,0.47,0.18,0.41,0.4,0.25
2,0.14,0.23,3.89,15.57,0.68,-0.75,10.42,0.16,-0.98,0.66,0.87,0.47,0.18,0.41,0.4,0.25
2,0.14,0.23,3.89,15.57,0.68,-0.75,10.42,0.16,-0.98,0.66,0.87,0.47,0.18,0.41,0.4,0.25
2,0.14,0.23,3.89,15.57,0.68,-0.75,10.42,0.16,-0.98,0.66,0.87,0.47,0.18,0.41,0.4,0.25
2,0.14,0.23,3.89,15.57,0.68,-0.75,10.42,0.16,-0.98,0.66,0.87,0.47,0.18,0.41,0.4,0.25
2,0.14,0.23,3.89,15.57,0.68,-0.75,10.42,0.16,-0.98,0.66,0.87,0.47,0.18,0.41,0.4,0.25
2,0.14,0.23,3.89,15.57,0.68,-0.75,10.42,0.16,-0.98,0.66,0.87,0.47,0.18,0.41,0.4,0.25
2,0.14,0.23,3.89,15.57,0.68,-0.75,10.42,0.16,-0.98,0.66,0.87,0.47,0.18,0.41,0.4,0.25
2,0.14,0.23,3.89,15.57,0.68,-0.75,10.42,0.16,-0.98,0.66,0.87,0.47,0.18,0.41,0.4,0.25
2,0.14,0.23,3.89,15.57,0.68,-0.75,10.42,0.16,-0.98,0.66,0.87,0.47,0.18,0.41,0.4,0.25
2,0.14,0.23,3.89,15.57,0.68,-0.75,10.42,0.16,-0.98,0.66,0.87,0.47,0.18,0.41,0.4,0.25
2,0.14,0.23,3.89,15.57,0.68,-0.75,10.42,0.16,-0.98,0.66,0.87,0.47,0.18,0.41,0.4,0.25
2,0.16,0.16,3.99,0.19,0.41,0.31,10.15,0.2,0.82,0.3,0.94,0.71,0.12,0.14,0.41,0.25
2,0.16,0.16,3.99,0.19,0.41,0.31,10.15,0.2,0.82,0.3,0.94,0.71,0.12,0.14,0.41,0.25
2,0.16,0.16,3.99,0.19,0.41,0.31,10.15,0.2,0.82,0.3,0.94,0.71,0.12,0.14,0.41,0.25
2,0.16,0.16,3.99,0.19,0.41,0.31,10.15,0.2,0.82,0.3,0.94,0.71,0.12,0.14,0.41,0.25
2,0.16,0.16,3.99,0.19,0.41,0.31,10.15,0.2,0.82,0.3,0.94,0.71,0.12,0.14,0.41,0.25
2,0.16,0.16,3.99,0.19,0.41,0.31,10.15,0.2,0.82,0.3,0.94,0.71,0.12,0.14,0.41,0.25
2,0.16,0.16,3.99,0.19,0.41,0.31,10.15,0.2,0.82,0.3,0.94,0.71,0.12,0.14,0.41,0.25
2,0.16,0.16,3.99,0.19,0.41,0.31,10.15,0.2,0.82,0.3,0.94,0.71,0.12,0.14,0.41,0.25
2,0.16,0.16,3.99,0.19,0.41,0.31,10.15,0.2,0.82,0.3,0.94,0.71,0.12,0.14,0.41,0.25
2,0.16,0.16,3.99,0.19,0.41,0.31,10.15,0.2,0.82,0.3,0.94,0.71,0.12,0.14,0.41,0.25
2,0.16,0.16,3.99,0.19,0.41,0.31,10.15,0.2,0.82,0.3,0.94,0.71,0.12,0.14,0.41,0.25
2,0.16,0.16,3.99,0.19,0.41,0.31,10.15,0.2,0.82,0.3,0.94,0.71,0.12,0.14,0.41,0.25
2,0.08,0.09,4.43,9.02,0.45,-0.27,9.96,0.15,1.49,0.43,0.95,0.46,0.14,0.18,0.36,0.24
2,0.08,0.09,4.43,9.02,0.45,-0.27,9.96,0.15,1.49,0.43,0.95,0.46,0.14,0.18,0.36,0.24
2,0.08,0.09,4.43,9.02,0.45,-0.27,9.96,0.15,1.49,0.43,0.95,0.46,0.14,0.18,0.36,0.24
2,0.08,0.09,4.43,9.02,0.45,-0.27,9.96,0.15,1.49,0.43,0.95,0.46,0.14,0.18,0.36,0.24
2,0.08,0.09,4.43,9.02,0.45,-0.27,9.96,0.15,1.49,0.43,0.95,0.46,0.14,0.18,0.36,0.24
2,0.08,0.09,4.43,9.02,0.45,-0.27,9.96,0.15,1.49,0.43,0.95,0.46,0.14,0.18,0.36,0.24
2,0.08,0.09,4.43,9.02,0.45,-0.27,9.96,0.15,1.49,0.43,0.95,0.46,0.14,0.18,0.36,0.24
2,0.08,0.09,4.43,9.02,0.45,-0.27,9.96,0.15,1.49,0.43,0.95,0.46,0.14,0.18,0.36,0.24
2,0.08,0.09,4.43,9.02,0.45,-0.27,9.96,0.15,1.49,0.43,0.95,0.46,0.14,0.18,0.36,0.24
2,0.08,0.09,4.43,9.02,0.45,-0.27,9.96,0.15,1.49,0.43,0.95,0.46,0.14,0.18,0.36,0.24
2,0.08,0.09,4.43,9.02,0.45,-0.27,9.96,0.15,1.49,0.43,0.95,0.46,0.14,0.18,0.36,0.24
2,0.08,0.09,4.43,9.02,0.45,-0.27,9.96,0.15,1.49,0.43,0.95,0.46,0.14,0.18,0.36,0.24
2,0.12,0.13,3.68,7.63,0.31,0.21,10.6,0.13,0.53,0.45,0.86,0.57,0.15,0.48,0.38,0.25
2,0.12,0.13,3.68,7.63,0.31,0.21,10.6,0.13,0.53,0.45,0.86,0.57,0.15,0.48,0.38,0.25
2,0.12,0.13,3.68,7.63,0.31,0.21,10.6,0.13,0.53,0.45,0.86,0.57,0.15,0.48,0.38,0.25
2,0.12,0.13,3.68,7.63,0.31,0.21,10.6,0.13,0.53,0.45,0.86,0.57,0.15,0.48,0.38,0.25
2,0.12,0.13,3.68,7.63,0.31,0.21,10.6,0.13,0.53,0.45,0.86,0.57,0.15,0.48,0.38,0.25
2,0.12,0.13,3.68,7.63,0.31,0.21,10.6,0.13,0.53,0.45,0.86,0.57,0.15,0.48,0.38,0.25
2,0.12,0.13,3.68,7.63,0.31,0.21,10.6,0.13,0.53,0.45,0.86,0.57,0.15,0.48,0.38,0.25
2,0.12,0.13,3.68,7.63,0.31,0.21,10.6,0.13,0.53,0.45,0.86,0.57,0.15,0.48,0.38,0.25
2,0.12,0.13,3.68,7.63,0.31,0.21,10.6,0.13,0.53,0.45,0.86,0.57,0.15,0.48,0.38,0.25
2,0.12,0.13,3.68,7.63,0.31,0.21,10.6,0.13,0.53,0.45,0.86,0.57,0.15,0.48,0.38,0.25
2,0.12,0.13,3.68,7.63,0.31,0.21,10.6,0.13,0.53,0.45,0.86,0.57,0.15,0.48,0.38,0.25
2,0.12,0.13,3.68,7.63,0.31,0.21,10.6,0.13,0.53,0.45,0.86,0.57,0.15,0.48,0.38,0.25
2,0.22,0.18,3.78,0.24,0.3,0.16,10.47,0.19,1.71,0.27,0.91,0.69,0.13,0.17,0.38,0.22
2,0.22,0.18,3.78,0.24,0.3,0.16,10.47,0.19,1.71,0.27,0.91,0.69,0.13,0.17,0.38,0.22
2,0.22,0.18,3.78,0.24,0.3,0.16,10.47,0.19,1.71,0.27,0.91,0.69,0.13,0.17,0.38,0.22
2,0.22,0.18,3.78,0.24,0.3,0.16,10.47,0.19,1.71,0.27,0.91,0.69,0.13,0.17,0.38,0.22
2,0.22,0.18,3.78,0.24,0.3,0.16,10.47,0.19,1.71,0.27,0.91,0.69,0.13,0.17,0.38,0.22
2,0.22,0.18,3.78,0.24,0.3,0.16,10.47,0.19,1.71,0.27,0.91,0.69,0.13,0.17,0.38,0.22
2,0.22,0.18,3.78,0.24,0.3,0.16,10.47,0.19,1.71,0.27,0.91,0.69,0.13,0.17,0.38,0.22
2,0.22,0.18,3.78,0.24,0.3,0.16,10.47,0.19,1.71,0.27,0.91,0.69,0.13,0.17,0.38,0.22
2,0.22,0.18,3.78,0.24,0.3,0.16,10.47,0.19,1.71,0.27,0.91,0.69,0.13,0.17,0.38,0.22
2,0.22,0.18,3.78,0.24,0.3,0.16,10.47,0.19,1.71,0.27,0.91,0.69,0.13,0.17,0.38,0.22
2,0.22,0.18,3.78,0.24,0.3,0.16,10.47,0.19,1.71,0.27,0.91,0.69,0.13,0.17,0.38,0.22
2,0.22,0.18,3.78,0.24,0.3,0.16,10.47,0.19,1.71,0.27,0.91,0.69,0.13,0.17,0.38,0.22
2,0.22,0.12,5.27,9.64,0.38,-0.44,8.42,0.19,-0.83,0.6,0.97,0.65,0.22,0.13,0.61,0.3
2,0.22,0.12,5.27,9.64,0.38,-0.44,8.42,0.19,-0.83,0.6,0.97,0.65,0.22,0.13,0.61,0.3
2,0.22,0.12,5.27,9.64,0.38,-0.44,8.42,0.19,-0.83,0.6,0.97,0.65,0.22,0.13,0.61,0.3
2,0.22,0.12,5.27,9.64,0.38,-0.44,8.42,0.19,-0.83,0.6,0.97,0.65,0.22,0.13,0.61,0.3
2,0.22,0.12,5.27,9.64,0.38,-0.44,8.42,0.19,-0.83,0.6,0.97,0.65,0.22,0.13,0.61,0.3
2,0.22,0.12,5.27,9.64,0.38,-0.44,8.42,0.19,-0.83,0.6,0.97,0.65,0.22,0.13,0.61,0.3
2,0.22,0.12,5.27,9.64,0.38,-0.44,8.42,0.19,-0.83,0.6,0.97,0.65,0.22,0.13,0.61,0.3
2,0.22,0.12,5.27,9.64,0.38,-0.44,8.42,0.19,-0.83,0.6,0.97,0.65,0.22,0.13,0.61,0.3
2,0.22,0.12,5.27,9.64,0.38,-0.44,8.42,0.19,-0.83,0.6,0.97,0.65,0.22,0.13,0.61,0.3
2,0.22,0.12,5.27,9.64,0.38,-0.44,8.42,0.19,-0.83,0.6,0.97,0.65,0.22,0.13,0.61,0.3
2,0.22,0.12,5.27,9.64,0.38,-0.44,8.42,0.19,-0.83,0.6,0.97,0.65,0.22,0.13,0.61,0.3
2,0.22,0.12,5.27,9.64,0.38,-0.44,8.42,0.19,-0.83,0.6,0.97,0.65,0.22,0.13,0.61,0.3
2,0.18,0.18,4.13,27.38,0.54,-0.43,9.99,0.16,-1.6,0.64,0.95,0.83,0.19,0.11,0.54,0.16
2,0.18,0.18,4.13,27.38,0.54,-0.43,9.99,0.16,-1.6,0.64,0.95,0.83,0.19,0.11,0.54,0.16
2,0.18,0.18,4.13,27.38,0.54,-0.43,9.99,0.16,-1.6,0.64,0.95,0.83,0.19,0.11,0.54,0.16
2,0.18,0.18,4.13,27.38,0.54,-0.43,9.99,0.16,-1.6,0.64,0.95,0.83,0.19,0.11,0.54,0.16
2,0.18,0.18,4.13,27.38,0.54,-0.43,9.99,0.16,-1.6,0.64,0.95,0.83,0.19,0.11,0.54,0.16
2,0.18,0.18,4.13,27.38,0.54,-0.43,9.99,0.16,-1.6,0.64,0.95,0.83,0.19,0.11,0.54,0.16
2,0.18,0.18,4.13,27.38,0.54,-0.43,9.99,0.16,-1.6,0.64,0.95,0.83,0.19,0.11,0.54,0.16
2,0.18,0.18,4.13,27.38,0.54,-0.43,9.99,0.16,-1.6,0.64,0.95,0.83,0.19,0.11,0.54,0.16
2,0.18,0.18,4.13,27.38,0.54,-0.43,9.99,0.16,-1.6,0.64,0.95,0.83,0.19,0.11,0.54,0.16
2,0.18,0.18,4.13,27.38,0.54,-0.43,9.99,0.16,-1.6,0.64,0.95,0.83,0.19,0.11,0.54,0.16
2,0.18,0.18,4.13,27.38,0.54,-0.43,9.99,0.16,-1.6,0.64,0.95,0.83,0.19,0.11,0.54,0.16
2,0.18,0.18,4.13,27.38,0.54,-0.43,9.99,0.16,-1.6,0.64,0.95,0.83,0.19,0.11,0.54,0.16
2,0.19,0.18,4.07,37.9,0.6,-0.5,10.09,0.17,-1.69,0.66,0.94,0.82,0.19,0.13,0.54,0.14
2,0.19,0.18,4.07,37.9,0.6,-0.5,10.09,0.17,-1.69,0.66,0.94,0.82,0.19,0.13,0.54,0.14
2,0.19,0.18,4.07,37.9,0.6,-0.5,10.09,0.17,-1.69,0.66,0.94,0.82,0.19,0.13,0.54,0.14
2,0.19,0.18,4.07,37.9,0.6,-0.5,10.09,0.17,-1.69,0.66,0.94,0.82,0.19,0.13,0.54,0.14
2,0.19,0.18,4.07,37.9,0.6,-0.5,10.09,0.17,-1.69,0.66,0.94,0.82,0.19,0.13,0.54,0.14
2,0.19,0.18,4.07,37.9,0.6,-0.5,10.09,0.17,-1.69,0.66,0.94,0.82,0.19,0.13,0.54,0.14
2,0.19,0.18,4.07,37.9,0.6,-0.5,10.09,0.17,-1.69,0.66,0.94,0.82,0.19,0.13,0.54,0.14
2,0.19,0.18,4.07,37.9,0.6,-0.5,10.09,0.17,-1.69,0.66,0.94,0.82,0.19,0.13,0.54,0.14
2,0.19,0.18,4.07,37.9,0.6,-0.5,10.09,0.17,-1.69,0.66,0.94,0.82,0.19,0.13,0.54,0.14
2,0.19,0.18,4.07,37.9,0.6,-0.5,10.09,0.17,-1.69,0.66,0.94,0.82,0.19,0.13,0.54,0.14
2,0.19,0.18,4.07,37.9,0.6,-0.5,10.09,0.17,-1.69,0.66,0.94,0.82,0.19,0.13,0.54,0.14
2,0.19,0.18,4.07,37.9,0.6,-0.5,10.09,0.17,-1.69,0.66,0.94,0.82,0.19,0.13,0.54,0.14
2,0.12,0.13,3.48,4.11,0.38,-0.58,10.67,0.11,-0.65,0.6,0.97,0.42,0.16,0.12,0.41,0.31
2,0.12,0.13,3.48,4.11,0.38,-0.58,10.67,0.11,-0.65,0.6,0.97,0.42,0.16,0.12,0.41,0.31
2,0.12,0.13,3.48,4.11,0.38,-0.58,10.67,0.11,-0.65,0.6,0.97,0.42,0.16,0.12,0.41,0.31
2,0.12,0.13,3.48,4.11,0.38,-0.58,10.67,0.11,-0.65,0.6,0.97,0.42,0.16,0.12,0.41,0.31
2,0.12,0.13,3.48,4.11,0.38,-0.58,10.67,0.11,-0.65,0.6,0.97,0.42,0.16,0.12,0.41,0.31
2,0.12,0.13,3.48,4.11,0.38,-0.58,10.67,0.11,-0.65,0.6,0.97,0.42,0.16,0.12,0.41,0.31
2,0.12,0.13,3.48,4.11,0.38,-0.58,10.67,0.11,-0.65,0.6,0.97,0.42,0.16,0.12,0.41,0.31
2,0.12,0.13,3.48,4.11,0.38,-0.58,10.67,0.11,-0.65,0.6,0.97,0.42,0.16,0.12,0.41,0.31
2,0.12,0.13,3.48,4.11,0.38,-0.58,10.67,0.11,-0.65,0.6,0.97,0.42,0.16,0.12,0.41,0.31
2,0.12,0.13,3.48,4.11,0.38,-0.58,10.67,0.11,-0.65,0.6,0.97,0.42,0.16,0.12,0.41,0.31
2,0.12,0.13,3.48,4.11,0.38,-0.58,10.67,0.11,-0.65,0.6,0.97,0.42,0.16,0.12,0.41,0.31
2,0.12,0.13,3.48,4.11,0.38,-0.58,10.67,0.11,-0.65,0.6,0.97,0.42,0.16,0.12,0.41,0.31
2,0.2,0.21,3.58,2.35,0.53,-0.84,10.37,0.24,-0.04,0.59,0.89,0.71,0.15,0.29,0.59,0.16
2,0.2,0.21,3.58,2.35,0.53,-0.84,10.37,0.24,-0.04,0.59,0.89,0.71,0.15,0.29,0.59,0.16
2,0.2,0.21,3.58,2.35,0.53,-0.84,10.37,0.24,-0.04,0.59,0.89,0.71,0.15,0.29,0.59,0.16
2,0.2,0.21,3.58,2.35,0.53,-0.84,10.37,0.24,-0.04,0.59,0.89,0.71,0.15,0.29,0.59,0.16
2,0.2,0.21,3.58,2.35,0.53,-0.84,10.37,0.24,-0.04,0.59,0.89,0.71,0.15,0.29,0.59,0.16
2,0.2,0.21,3.58,2.35,0.53,-0.84,10.37,0.24,-0.04,0.59,0.89,0.71,0.15,0.29,0.59,0.16
2,0.2,0.21,3.58,2.35,0.53,-0.84,10.37,0.24,-0.04,0.59,0.89,0.71,0.15,0.29,0.59,0.16
2,0.2,0.21,3.58,2.35,0.53,-0.84,10.37,0.24,-0.04,0.59,0.89,0.71,0.15,0.29,0.59,0.16
2,0.2,0.21,3.58,2.35,0.53,-0.84,10.37,0.24,-0.04,0.59,0.89,0.71,0.15,0.29,0.59,0.16
2,0.2,0.21,3.58,2.35,0.53,-0.84,10.37,0.24,-0.04,0.59,0.89,0.71,0.15,0.29,0.59,0.16
2,0.2,0.21,3.58,2.35,0.53,-0.84,10.37,0.24,-0.04,0.59,0.89,0.71,0.15,0.29,0.59,0.16
2,0.2,0.21,3.58,2.35,0.53,-0.84,10.37,0.24,-0.04,0.59,0.89,0.71,0.15,0.29,0.59,0.16
2,0.08,0.14,3.69,2.68,0.45,-0.41,10.61,0.17,-0.45,0.78,0.97,0.44,0.11,0.07,0.45,0.24
2,0.08,0.14,3.69,2.68,0.45,-0.41,10.61,0.17,-0.45,0.78,0.97,0.44,0.11,0.07,0.45,0.24
2,0.08,0.14,3.69,2.68,0.45,-0.41,10.61,0.17,-0.45,0.78,0.97,0.44,0.11,0.07,0.45,0.24
2,0.08,0.14,3.69,2.68,0.45,-0.41,10.61,0.17,-0.45,0.78,0.97,0.44,0.11,0.07,0.45,0.24
2,0.08,0.14,3.69,2.68,0.45,-0.41,10.61,0.17,-0.45,0.78,0.97,0.44,0.11,0.07,0.45,0.24
2,0.08,0.14,3.69,2.68,0.45,-0.41,10.61,0.17,-0.45,0.78,0.97,0.44,0.11,0.07,0.45,0.24
2,0.08,0.14,3.69,2.68,0.45,-0.41,10.61,0.17,-0.45,0.78,0.97,0.44,0.11,0.07,0.45,0.24
2,0.08,0.14,3.69,2.68,0.45,-0.41,10.61,0.17,-0.45,0.78,0.97,0.44,0.11,0.07,0.45,0.24
2,0.08,0.14,3.69,2.68,0.45,-0.41,10.61,0.17,-0.45,0.78,0.97,0.44,0.11,0.07,0.45,0.24
2,0.08,0.14,3.69,2.68,0.45,-0.41,10.61,0.17,-0.45,0.78,0.97,0.44,0.11,0.07,0.45,0.24
2,0.08,0.14,3.69,2.68,0.45,-0.41,10.61,0.17,-0.45,0.78,0.97,0.44,0.11,0.07,0.45,0.24
2,0.08,0.14,3.69,2.68,0.45,-0.41,10.61,0.17,-0.45,0.78,0.97,0.44,0.11,0.07,0.45,0.24
2,0.12,0.16,3.9,0.29,0.5,-0.77,10.23,0.15,1.83,0.24,0.94,0.45,0.12,0.22,0.28,0.35
2,0.12,0.16,3.9,0.29,0.5,-0.77,10.23,0.15,1.83,0.24,0.94,0.45,0.12,0.22,0.28,0.35
2,0.12,0.16,3.9,0.29,0.5,-0.77,10.23,0.15,1.83,0.24,0.94,0.45,0.12,0.22,0.28,0.35
2,0.12,0.16,3.9,0.29,0.5,-0.77,10.23,0.15,1.83,0.24,0.94,0.45,0.12,0.22,0.28,0.35
2,0.12,0.16,3.9,0.29,0.5,-0.77,10.23,0.15,1.83,0.24,0.94,0.45,0.12,0.22,0.28,0.35
2,0.12,0.16,3.9,0.29,0.5,-0.77,10.23,0.15,1.83,0.24,0.94,0.45,0.12,0.22,0.28,0.35
2,0.12,0.16,3.9,0.29,0.5,-0.77,10.23,0.15,1.83,0.24,0.94,0.45,0.12,0.22,0.28,0.35
2,0.12,0.16,3.9,0.29,0.5,-0.77,10.23,0.15,1.83,0.24,0.94,0.45,0.12,0.22,0.28,0.35
2,0.12,0.16,3.9,0.29,0.5,-0.77,10.23,0.15,1.83,0.24,0.94,0.45,0.12,0.22,0.28,0.35
2,0.12,0.16,3.9,0.29,0.5,-0.77,10.23,0.15,1.83,0.24,0.94,0.45,0.12,0.22,0.28,0.35
2,0.12,0.16,3.9,0.29,0.5,-0.77,10.23,0.15,1.83,0.24,0.94,0.45,0.12,0.22,0.28,0.35
2,0.12,0.16,3.9,0.29,0.5,-0.77,10.23,0.15,1.83,0.24,0.94,0.45,0.12,0.22,0.28,0.35
2,0.23,0.18,3.78,5.84,0.6,-1.24,10.31,0.17,0.06,0.53,0.95,0.74,0.1,0.09,0.38,0.23
2,0.23,0.18,3.78,5.84,0.6,-1.24,10.31,0.17,0.06,0.53,0.95,0.74,0.1,0.09,0.38,0.23
2,0.23,0.18,3.78,5.84,0.6,-1.24,10.31,0.17,0.06,0.53,0.95,0.74,0.1,0.09,0.38,0.23
2,0.23,0.18,3.78,5.84,0.6,-1.24,10.31,0.17,0.06,0.53,0.95,0.74,0.1,0.09,0.38,0.23
2,0.23,0.18,3.78,5.84,0.6,-1.24,10.31,0.17,0.06,0.53,0.95,0.74,0.1,0.09,0.38,0.23
2,0.23,0.18,3.78,5.84,0.6,-1.24,10.31,0.17,0.06,0.53,0.95,0.74,0.1,0.09,0.38,0.23
2,0.23,0.18,3.78,5.84,0.6,-1.24,10.31,0.17,0.06,0.53,0.95,0.74,0.1,0.09,0.38,0.23
2,0.23,0.18,3.78,5.84,0.6,-1.24,10.31,0.17,0.06,0.53,0.95,0.74,0.1,0.09,0.38,0.23
2,0.23,0.18,3.78,5.84,0.6,-1.24,10.31,0.17,0.06,0.53,0.95,0.74,0.1,0.09,0.38,0.23
2,0.23,0.18,3.78,5.84,0.6,-1.24,10.31,0.17,0.06,0.53,0.95,0.74,0.1,0.09,0.38,0.23
2,0.23,0.18,3.78,5.84,0.6,-1.24,10.31,0.17,0.06,0.53,0.95,0.74,0.1,0.09,0.38,0.23
2,0.23,0.18,3.78,5.84,0.6,-1.24,10.31,0.17,0.06,0.53,0.95,0.74,0.1,0.09,0.38,0.23
2,0.17,0.18,3.89,64.69,0.51,-0.69,10.24,0.14,-0.58,0.62,0.81,0.73,0.18,0.36,0.38,0.14
2,0.17,0.18,3.89,64.69,0.51,-0.69,10.24,0.14,-0.58,0.62,0.81,0.73,0.18,0.36,0.38,0.14
2,0.17,0.18,3.89,64.69,0.51,-0.69,10.24,0.14,-0.58,0.62,0.81,0.73,0.18,0.36,0.38,0.14
2,0.17,0.18,3.89,64.69,0.51,-0.69,10.24,0.14,-0.58,0.62,0.81,0.73,0.18,0.36,0.38,0.14
2,0.17,0.18,3.89,64.69,0.51,-0.69,10.24,0.14,-0.58,0.62,0.81,0.73,0.18,0.36,0.38,0.14
2,0.17,0.18,3.89,64.69,0.51,-0.69,10.24,0.14,-0.58,0.62,0.81,0.73,0.18,0.36,0.38,0.14
2,0.17,0.18,3.89,64.69,0.51,-0.69,10.24,0.14,-0.58,0.62,0.81,0.73,0.18,0.36,0.38,0.14
2,0.17,0.18,3.89,64.69,0.51,-0.69,10.24,0.14,-0.58,0.62,0.81,0.73,0.18,0.36,0.38,0.14
2,0.17,0.18,3.89,64.69,0.51,-0.69,10.24,0.14,-0.58,0.62,0.81,0.73,0.18,0.36,0.38,0.14
2,0.17,0.18,3.89,64.69,0.51,-0.69,10.24,0.14,-0.58,0.62,0.81,0.73,0.18,0.36,0.38,0.14
2,0.17,0.18,3.89,64.69,0.51,-0.69,10.24,0.14,-0.58,0.62,0.81,0.73,0.18,0.36,0.38,0.14
2,0.17,0.18,3.89,64.69,0.51,-0.69,10.24,0.14,-0.58,0.62,0.81,0.73,0.18,0.36,0.38,0.14
2,0.2,0.2,3.81,2.91,0.31,0.33,10.63,0.17,1.79,0.25,0.94,0.74,0.16,0.12,0.31,0.18
2,0.2,0.2,3.81,2.91,0.31,0.33,10.63,0.17,1.79,0.25,0.94,0.74,0.16,0.12,0.31,0.18
2,0.2,0.2,3.81,2.91,0.31,0.33,10.63,0.17,1.79,0.25,0.94,0.74,0.16,0.12,0.31,0.18
2,0.2,0.2,3.81,2.91,0.31,0.33,10.63,0.17,1.79,0.25,0.94,0.74,0.16,0.12,0.31,0.18
2,0.2,0.2,3.81,2.91,0.31,0.33,10.63,0.17,1.79,0.25,0.94,0.74,0.16,0.12,0.31,0.18
2,0.2,0.2,3.81,2.91,0.31,0.33,10.63,0.17,1.79,0.25,0.94,0.74,0.16,0.12,0.31,0.18
2,0.2,0.2,3.81,2.91,0.31,0.33,10.63,0.17,1.79,0.25,0.94,0.74,0.16,0.12,0.31,0.18
2,0.2,0.2,3.81,2.91,0.31,0.33,10.63,0.17,1.79,0.25,0.94,0.74,0.16,0.12,0.31,0.18
2,0.2,0.2,3.81,2.91,0.31,0.33,10.63,0.17,1.79,0.25,0.94,0.74,0.16,0.12,0.31,0.18
2,0.2,0.2,3.81,2.91,0.31,0.33,10.63,0.17,1.79,0.25,0.94,0.74,0.16,0.12,0.31,0.18
2,0.2,0.2,3.81,2.91,0.31,0.33,10.63,0.17,1.79,0.25,0.94,0.74,0.16,0.12,0.31,0.18
2,0.2,0.2,3.81,2.91,0.31,0.33,10.63,0.17,1.79,0.25,0.94,0.74,0.16,0.12,0.31,0.18
2,0.15,0.26,3.67,11.79,0.49,-0.11,9.94,0.21,-0.7,0.53,0.87,0.29,0.21,0.06,0.43,0.24
2,0.15,0.26,3.67,11.79,0.49,-0.11,9.94,0.21,-0.7,0.53,0.87,0.29,0.21,0.06,0.43,0.24
2,0.15,0.26,3.67,11.79,0.49,-0.11,9.94,0.21,-0.7,0.53,0.87,0.29,0.21,0.06,0.43,0.24
2,0.15,0.26,3.67,11.79,0.49,-0.11,9.94,0.21,-0.7,0.53,0.87,0.29,0.21,0.06,0.43,0.24
2,0.15,0.26,3.67,11.79,0.49,-0.11,9.94,0.21,-0.7,0.53,0.87,0.29,0.21,0.06,0.43,0.24
2,0.15,0.26,3.67,11.79,0.49,-0.11,9.94,0.21,-0.7,0.53,0.87,0.29,0.21,0.06,0.43,0.24
2,0.15,0.26,3.67,11.79,0.49,-0.11,9.94,0.21,-0.7,0.53,0.87,0.29,0.21,0.06,0.43,0.24
2,0.15,0.26,3.67,11.79,0.49,-0.11,9.94,0.21,-0.7,0.53,0.87,0.29,0.21,0.06,0.43,0.24
2,0.15,0.26,3.67,11.79,0.49,-0.11,9.94,0.21,-0.7,0.53,0.87,0.29,0.21,0.06,0.43,0.24
2,0.15,0.26,3.67,11.79,0.49,-0.11,9.94,0.21,-0.7,0.53,0.87,0.29,0.21,0.06,0.43,0.24
2,0.15,0.26,3.67,11.79,0.49,-0.11,9.94,0.21,-0.7,0.53,0.87,0.29,0.21,0.06,0.43,0.24
2,0.15,0.26,3.67,11.79,0.49,-0.11,9.94,0.21,-0.7,0.53,0.87,0.29,0.21,0.06,0.43,0.24
2,0.15,0.14,3.85,0.35,0.47,-0.08,10.58,0.16,1.02,0.43,0.92,0.36,0.14,0.19,0.45,0.36
2,0.15,0.14,3.85,0.35,0.47,-0.08,10.58,0.16,1.02,0.43,0.92,0.36,0.14,0.19,0.45,0.36
2,0.15,0.14,3.85,0.35,0.47,-0.08,10.58,0.16,1.02,0.43,0.92,0.36,0.14,0.19,0.45,0.36
2,0.15,0.14,3.85,0.35,0.47,-0.08,10.58,0.16,1.02,0.43,0.92,0.36,0.14,0.19,0.45,0.36
2,0.15,0.14,3.85,0.35,0.47,-0.08,10.58,0.16,1.02,0.43,0.92,0.36,0.14,0.19,0.45,0.36
2,0.15,0.14,3.85,0.35,0.47,-0.08,10.58,0.16,1.02,0.43,0.92,0.36,0.14,0.19,0.45,0.36
2,0.15,0.14,3.85,0.35,0.47,-0.08,10.58,0.16,1.02,0.43,0.92,0.36,0.14,0.19,0.45,0.36
2,0.15,0.14,3.85,0.35,0.47,-0.08,10.58,0.16,1.02,0.43,0.92,0.36,0.14,0.19,0.45,0.36
2,0.15,0.14,3.85,0.35,0.47,-0.08,10.58,0.16,1.02,0.43,0.92,0.36,0.14,0.19,0.45,0.36
2,0.15,0.14,3.85,0.35,0.47,-0.08,10.58,0.16,1.02,0.43,0.92,0.36,0.14,0.19,0.45,0.36
2,0.15,0.14,3.85,0.35,0.47,-0.08,10.58,0.16,1.02,0.43,0.92,0.36,0.14,0.19,0.45,0.36
2,0.15,0.14,3.85,0.35,0.47,-0.08,10.58,0.16,1.02,0.43,0.92,0.36,0.14,0.19,0.45,0.36
2,0.08,0.13,3.93,4.77,0.5,0.31,10.37,0.09,-0.27,0.66,0.97,0.66,0.1,0.06,0.46,0.09
2,0.08,0.13,3.93,4.77,0.5,0.31,10.37,0.09,-0.27,0.66,0.97,0.66,0.1,0.06,0.46,0.09
2,0.08,0.13,3.93,4.77,0.5,0.31,10.37,0.09,-0.27,0.66,0.97,0.66,0.1,0.06,0.46,0.09
2,0.08,0.13,3.93,4.77,0.5,0.31,10.37,0.09,-0.27,0.66,0.97,0.66,0.1,0.06,0.46,0.09
2,0.08,0.13,3.93,4.77,0.5,0.31,10.37,0.09,-0.27,0.66,0.97,0.66,0.1,0.06,0.46,0.09
2,0.08,0.13,3.93,4.77,0.5,0.31,10.37,0.09,-0.27,0.66,0.97,0.66,0.1,0.06,0.46,0.09
2,0.08,0.13,3.93,4.77,0.5,0.31,10.37,0.09,-0.27,0.66,0.97,0.66,0.1,0.06,0.46,0.09
2,0.08,0.13,3.93,4.77,0.5,0.31,10.37,0.09,-0.27,0.66,0.97,0.66,0.1,0.06,0.46,0.09
2,0.08,0.13,3.93,4.77,0.5,0.31,10.37,0.09,-0.27,0.66,0.97,0.66,0.1,0.06,0.46,0.09
2,0.08,0.13,3.93,4.77,0.5,0.31,10.37,0.09,-0.27,0.66,0.97,0.66,0.1,0.06,0.46,0.09
2,0.08,0.13,3.93,4.77,0.5,0.31,10.37,0.09,-0.27,0.66,0.97,0.66,0.1,0.06,0.46,0.09
2,0.08,0.13,3.93,4.77,0.5,0.31,10.37,0.09,-0.27,0.66,0.97,0.66,0.1,0.06,0.46,0.09
2,0.07,0.11,3.84,0.98,0.52,0.32,10.58,0.09,-0.96,0.68,0.91,0.75,0.09,0.25,0.54,0.19
2,0.07,0.11,3.84,0.98,0.52,0.32,10.58,0.09,-0.96,0.68,0.91,0.75,0.09,0.25,0.54,0.19
2,0.07,0.11,3.84,0.98,0.52,0.32,10.58,0.09,-0.96,0.68,0.91,0.75,0.09,0.25,0.54,0.19
2,0.07,0.11,3.84,0.98,0.52,0.32,10.58,0.09,-0.96,0.68,0.91,0.75,0.09,0.25,0.54,0.19
2,0.07,0.11,3.84,0.98,0.52,0.32,10.58,0.09,-0.96,0.68,0.91,0.75,0.09,0.25,0.54,0.19
2,0.07,0.11,3.84,0.98,0.52,0.32,10.58,0.09,-0.96,0.68,0.91,0.75,0.09,0.25,0.54,0.19
2,0.07,0.11,3.84,0.98,0.52,0.32,10.58,0.09,-0.96,0.68,0.91,0.75,0.09,0.25,0.54,0.19
2,0.07,0.11,3.84,0.98,0.52,0.32,10.58,0.09,-0.96,0.68,0.91,0.75,0.09,0.25,0.54,0.19
2,0.07,0.11,3.84,0.98,0.52,0.32,10.58,0.09,-0.96,0.68,0.91,0.75,0.09,0.25,0.54,0.19
2,0.07,0.11,3.84,0.98,0.52,0.32,10.58,0.09,-0.96,0.68,0.91,0.75,0.09,0.25,0.54,0.19
2,0.07,0.11,3.84,0.98,0.52,0.32,10.58,0.09,-0.96,0.68,0.91,0.75,0.09,0.25,0.54,0.19
2,0.07,0.11,3.84,0.98,0.52,0.32,10.58,0.09,-0.96,0.68,0.91,0.75,0.09,0.25,0.54,0.19
2,0.13,0.12,3.68,10.84,0.32,0.86,10.14,0.14,2.55,0.22,0.95,0.54,0.13,0.09,0.4,0.2
2,0.13,0.12,3.68,10.84,0.32,0.86,10.14,0.14,2.55,0.22,0.95,0.54,0.13,0.09,0.4,0.2
2,0.13,0.12,3.68,10.84,0.32,0.86,10.14,0.14,2.55,0.22,0.95,0.54,0.13,0.09,0.4,0.2
2,0.13,0.12,3.68,10.84,0.32,0.86,10.14,0.14,2.55,0.22,0.95,0.54,0.13,0.09,0.4,0.2
2,0.13,0.12,3.68,10.84,0.32,0.86,10.14,0.14,2.55,0.22,0.95,0.54,0.13,0.09,0.4,0.2
2,0.13,0.12,3.68,10.84,0.32,0.86,10.14,0.14,2.55,0.22,0.95,0.54,0.13,0.09,0.4,0.2
2,0.13,0.12,3.68,10.84,0.32,0.86,10.14,0.14,2.55,0.22,0.95,0.54,0.13,0.09,0.4,0.2
2,0.13,0.12,3.68,10.84,0.32,0.86,10.14,0.14,2.55,0.22,0.95,0.54,0.13,0.09,0.4,0.2
2,0.13,0.12,3.68,10.84,0.32,0.86,10.14,0.14,2.55,0.22,0.95,0.54,0.13,0.09,0.4,0.2
2,0.13,0.12,3.68,10.84,0.32,0.86,10.14,0.14,2.55,0.22,0.95,0.54,0.13,0.09,0.4,0.2
2,0.13,0.12,3.68,10.84,0.32,0.86,10.14,0.14,2.55,0.22,0.95,0.54,0.13,0.09,0.4,0.2
2,0.13,0.12,3.68,10.84,0.32,0.86,10.14,0.14,2.55,0.22,0.95,0.54,0.13,0.09,0.4,0.2
2,0.15,0.12,3.9,7.34,0.47,-0.08,10.42,0.17,0.02,0.5,0.98,0.72,0.12,0.06,0.44,0.18
2,0.15,0.12,3.9,7.34,0.47,-0.08,10.42,0.17,0.02,0.5,0.98,0.72,0.12,0.06,0.44,0.18
2,0.15,0.12,3.9,7.34,0.47,-0.08,10.42,0.17,0.02,0.5,0.98,0.72,0.12,0.06,0.44,0.18
2,0.15,0.12,3.9,7.34,0.47,-0.08,10.42,0.17,0.02,0.5,0.98,0.72,0.12,0.06,0.44,0.18
2,0.15,0.12,3.9,7.34,0.47,-0.08,10.42,0.17,0.02,0.5,0.98,0.72,0.12,0.06,0.44,0.18
2,0.15,0.12,3.9,7.34,0.47,-0.08,10.42,0.17,0.02,0.5,0.98,0.72,0.12,0.06,0.44,0.18
2,0.15,0.12,3.9,7.34,0.47,-0.08,10.42,0.17,0.02,0.5,0.98,0.72,0.12,0.06,0.44,0.18
2,0.15,0.12,3.9,7.34,0.47,-0.08,10.42,0.17,0.02,0.5,0.98,0.72,0.12,0.06,0.44,0.18
2,0.15,0.12,3.9,7.34,0.47,-0.08,10.42,0.17,0.02,0.5,0.98,0.72,0.12,0.06,0.44,0.18
2,0.15,0.12,3.9,7.34,0.47,-0.08,10.42,0.17,0.02,0.5,0.98,0.72,0.12,0.06,0.44,0.18
2,0.15,0.12,3.9,7.34,0.47,-0.08,10.42,0.17,0.02,0.5,0.98,0.72,0.12,0.06,0.44,0.18
2,0.15,0.12,3.9,7.34,0.47,-0.08,10.42,0.17,0.02,0.5,0.98,0.72,0.12,0.06,0.44,0.18
2,0.15,0.16,3.92,4.5,0.41,0.16,10.44,0.18,0.3,0.47,0.95,0.59,0.17,0.17,0.55,0.17
2,0.15,0.16,3.92,4.5,0.41,0.16,10.44,0.18,0.3,0.47,0.95,0.59,0.17,0.17,0.55,0.17
2,0.15,0.16,3.92,4.5,0.41,0.16,10.44,0.18,0.3,0.47,0.95,0.59,0.17,0.17,0.55,0.17
2,0.15,0.16,3.92,4.5,0.41,0.16,10.44,0.18,0.3,0.47,0.95,0.59,0.17,0.17,0.55,0.17
2,0.15,0.16,3.92,4.5,0.41,0.16,10.44,0.18,0.3,0.47,0.95,0.59,0.17,0.17,0.55,0.17
2,0.15,0.16,3.92,4.5,0.41,0.16,10.44,0.18,0.3,0.47,0.95,0.59,0.17,0.17,0.55,0.17
2,0.15,0.16,3.92,4.5,0.41,0.16,10.44,0.18,0.3,0.47,0.95,0.59,0.17,0.17,0.55,0.17
2,0.15,0.16,3.92,4.5,0.41,0.16,10.44,0.18,0.3,0.47,0.95,0.59,0.17,0.17,0.55,0.17
2,0.15,0.16,3.92,4.5,0.41,0.16,10.44,0.18,0.3,0.47,0.95,0.59,0.17,0.17,0.55,0.17
2,0.15,0.16,3.92,4.5,0.41,0.16,10.44,0.18,0.3,0.47,0.95,0.59,0.17,0.17,0.55,0.17
2,0.15,0.16,3.92,4.5,0.41,0.16,10.44,0.18,0.3,0.47,0.95,0.59,0.17,0.17,0.55,0.17
2,0.15,0.16,3.92,4.5,0.41,0.16,10.44,0.18,0.3,0.47,0.95,0.59,0.17,0.17,0.55,0.17
2,0.06,0.13,3.84,8.03,0.71,-0.03,10.59,0.12,-2.35,0.83,0.92,0.67,0.11,0.19,0.56,0.16
2,0.06,0.13,3.84,8.03,0.71,-0.03,10.59,0.12,-2.35,0.83,0.92,0.67,0.11,0.19,0.56,0.16
2,0.06,0.13,3.84,8.03,0.71,-0.03,10.59,0.12,-2.35,0.83,0.92,0.67,0.11,0.19,0.56,0.16
2,0.06,0.13,3.84,8.03,0.71,-0.03,10.59,0.12,-2.35,0.83,0.92,0.67,0.11,0.19,0.56,0.16
2,0.06,0.13,3.84,8.03,0.71,-0.03,10.59,0.12,-2.35,0.83,0.92,0.67,0.11,0.19,0.56,0.16
2,0.06,0.13,3.84,8.03,0.71,-0.03,10.59,0.12,-2.35,0.83,0.92,0.67,0.11,0.19,0.56,0.16
2,0.06,0.13,3.84,8.03,0.71,-0.03,10.59,0.12,-2.35,0.83,0.92,0.67,0.11,0.19,0.56,0.16
2,0.06,0.13,3.84,8.03,0.71,-0.03,10.59,0.12,-2.35,0.83,0.92,0.67,0.11,0.19,0.56,0.16
2,0.06,0.13,3.84,8.03,0.71,-0.03,10.59,0.12,-2.35,0.83,0.92,0.67,0.11,0.19,0.56,0.16
2,0.06,0.13,3.84,8.03,0.71,-0.03,10.59,0.12,-2.35,0.83,0.92,0.67,0.11,0.19,0.56,0.16
2,0.06,0.13,3.84,8.03,0.71,-0.03,10.59,0.12,-2.35,0.83,0.92,0.67,0.11,0.19,0.56,0.16
2,0.06,0.13,3.84,8.03,0.71,-0.03,10.59,0.12,-2.35,0.83,0.92,0.67,0.11,0.19,0.56,0.16
2,0.11,0.13,3.95,19.09,0.61,-1.31,10.27,0.11,-3.62,0.8,0.91,0.67,0.17,0.28,0.61,0.21
2,0.11,0.13,3.95,19.09,0.61,-1.31,10.27,0.11,-3.62,0.8,0.91,0.67,0.17,0.28,0.61,0.21
2,0.11,0.13,3.95,19.09,0.61,-1.31,10.27,0.11,-3.62,0.8,0.91,0.67,0.17,0.28,0.61,0.21
2,0.11,0.13,3.95,19.09,0.61,-1.31,10.27,0.11,-3.62,0.8,0.91,0.67,0.17,0.28,0.61,0.21
2,0.11,0.13,3.95,19.09,0.61,-1.31,10.27,0.11,-3.62,0.8,0.91,0.67,0.17,0.28,0.61,0.21
2,0.11,0.13,3.95,19.09,0.61,-1.31,10.27,0.11,-3.62,0.8,0.91,0.67,0.17,0.28,0.61,0.21
2,0.11,0.13,3.95,19.09,0.61,-1.31,10.27,0.11,-3.62,0.8,0.91,0.67,0.17,0.28,0.61,0.21
2,0.11,0.13,3.95,19.09,0.61,-1.31,10.27,0.11,-3.62,0.8,0.91,0.67,0.17,0.28,0.61,0.21
2,0.11,0.13,3.95,19.09,0.61,-1.31,10.27,0.11,-3.62,0.8,0.91,0.67,0.17,0.28,0.61,0.21
2,0.11,0.13,3.95,19.09,0.61,-1.31,10.27,0.11,-3.62,0.8,0.91,0.67,0.17,0.28,0.61,0.21
2,0.11,0.13,3.95,19.09,0.61,-1.31,10.27,0.11,-3.62,0.8,0.91,0.67,0.17,0.28,0.61,0.21
2,0.11,0.13,3.95,19.09,0.61,-1.31,10.27,0.11,-3.62,0.8,0.91,0.67,0.17,0.28,0.61,0.21
2,0.09,0.1,3.94,4.45,0.44,0.09,10.43,0.14,1.09,0.57,0.96,0.48,0.09,0.13,0.49,0.24
2,0.09,0.1,3.94,4.45,0.44,0.09,10.43,0.14,1.09,0.57,0.96,0.48,0.09,0.13,0.49,0.24
2,0.09,0.1,3.94,4.45,0.44,0.09,10.43,0.14,1.09,0.57,0.96,0.48,0.09,0.13,0.49,0.24
2,0.09,0.1,3.94,4.45,0.44,0.09,10.43,0.14,1.09,0.57,0.96,0.48,0.09,0.13,0.49,0.24
2,0.09,0.1,3.94,4.45,0.44,0.09,10.43,0.14,1.09,0.57,0.96,0.48,0.09,0.13,0.49,0.24
2,0.09,0.1,3.94,4.45,0.44,0.09,10.43,0.14,1.09,0.57,0.96,0.48,0.09,0.13,0.49,0.24
2,0.09,0.1,3.94,4.45,0.44,0.09,10.43,0.14,1.09,0.57,0.96,0.48,0.09,0.13,0.49,0.24
2,0.09,0.1,3.94,4.45,0.44,0.09,10.43,0.14,1.09,0.57,0.96,0.48,0.09,0.13,0.49,0.24
2,0.09,0.1,3.94,4.45,0.44,0.09,10.43,0.14,1.09,0.57,0.96,0.48,0.09,0.13,0.49,0.24
2,0.09,0.1,3.94,4.45,0.44,0.09,10.43,0.14,1.09,0.57,0.96,0.48,0.09,0.13,0.49,0.24
2,0.09,0.1,3.94,4.45,0.44,0.09,10.43,0.14,1.09,0.57,0.96,0.48,0.09,0.13,0.49,0.24
2,0.09,0.1,3.94,4.45,0.44,0.09,10.43,0.14,1.09,0.57,0.96,0.48,0.09,0.13,0.49,0.24
2,0.08,0.12,3.97,1.35,0.5,0.09,10.4,0.12,0.95,0.52,0.98,0.71,0.09,0.07,0.5,0.24
2,0.08,0.12,3.97,1.35,0.5,0.09,10.4,0.12,0.95,0.52,0.98,0.71,0.09,0.07,0.5,0.24
2,0.08,0.12,3.97,1.35,0.5,0.09,10.4,0.12,0.95,0.52,0.98,0.71,0.09,0.07,0.5,0.24
2,0.08,0.12,3.97,1.35,0.5,0.09,10.4,0.12,0.95,0.52,0.98,0.71,0.09,0.07,0.5,0.24
2,0.08,0.12,3.97,1.35,0.5,0.09,10.4,0.12,0.95,0.52,0.98,0.71,0.09,0.07,0.5,0.24
2,0.08,0.12,3.97,1.35,0.5,0.09,10.4,0.12,0.95,0.52,0.98,0.71,0.09,0.07,0.5,0.24
2,0.08,0.12,3.97,1.35,0.5,0.09,10.4,0.12,0.95,0.52,0.98,0.71,0.09,0.07,0.5,0.24
2,0.08,0.12,3.97,1.35,0.5,0.09,10.4,0.12,0.95,0.52,0.98,0.71,0.09,0.07,0.5,0.24
2,0.08,0.12,3.97,1.35,0.5,0.09,10.4,0.12,0.95,0.52,0.98,0.71,0.09,0.07,0.5,0.24
2,0.08,0.12,3.97,1.35,0.5,0.09,10.4,0.12,0.95,0.52,0.98,0.71,0.09,0.07,0.5,0.24
2,0.08,0.12,3.97,1.35,0.5,0.09,10.4,0.12,0.95,0.52,0.98,0.71,0.09,0.07,0.5,0.24
2,0.08,0.12,3.97,1.35,0.5,0.09,10.4,0.12,0.95,0.52,0.98,0.71,0.09,0.07,0.5,0.24
2,0.14,0.09,3.54,11.18,0.47,-1.52,10.66,0.14,-0.85,0.54,0.98,0.93,0.14,0.05,0.53,0.18
2,0.14,0.09,3.54,11.18,0.47,-1.52,10.66,0.14,-0.85,0.54,0.98,0.93,0.14,0.05,0.53,0.18
2,0.14,0.09,3.54,11.18,0.47,-1.52,10.66,0.14,-0.85,0.54,0.98,0.93,0.14,0.05,0.53,0.18
2,0.14,0.09,3.54,11.18,0.47,-1.52,10.66,0.14,-0.85,0.54,0.98,0.93,0.14,0.05,0.53,0.18
2,0.14,0.09,3.54,11.18,0.47,-1.52,10.66,0.14,-0.85,0.54,0.98,0.93,0.14,0.05,0.53,0.18
2,0.14,0.09,3.54,11.18,0.47,-1.52,10.66,0.14,-0.85,0.54,0.98,0.93,0.14,0.05,0.53,0.18
2,0.14,0.09,3.54,11.18,0.47,-1.52,10.66,0.14,-0.85,0.54,0.98,0.93,0.14,0.05,0.53,0.18
2,0.14,0.09,3.54,11.18,0.47,-1.52,10.66,0.14,-0.85,0.54,0.98,0.93,0.14,0.05,0.53,0.18
2,0.14,0.09,3.54,11.18,0.47,-1.52,10.66,0.14,-0.85,0.54,0.98,0.93,0.14,0.05,0.53,0.18
2,0.14,0.09,3.54,11.18,0.47,-1.52,10.66,0.14,-0.85,0.54,0.98,0.93,0.14,0.05,0.53,0.18
2,0.14,0.09,3.54,11.18,0.47,-1.52,10.66,0.14,-0.85,0.54,0.98,0.93,0.14,0.05,0.53,0.18
2,0.14,0.09,3.54,11.18,0.47,-1.52,10.66,0.14,-0.85,0.54,0.98,0.93,0.14,0.05,0.53,0.18
2,0.07,0.11,3.85,7.85,0.65,0.47,10.47,0.09,0.36,0.63,0.98,0.85,0.09,0.04,0.47,0.1
2,0.07,0.11,3.85,7.85,0.65,0.47,10.47,0.09,0.36,0.63,0.98,0.85,0.09,0.04,0.47,0.1
2,0.07,0.11,3.85,7.85,0.65,0.47,10.47,0.09,0.36,0.63,0.98,0.85,0.09,0.04,0.47,0.1
2,0.07,0.11,3.85,7.85,0.65,0.47,10.47,0.09,0.36,0.63,0.98,0.85,0.09,0.04,0.47,0.1
2,0.07,0.11,3.85,7.85,0.65,0.47,10.47,0.09,0.36,0.63,0.98,0.85,0.09,0.04,0.47,0.1
2,0.07,0.11,3.85,7.85,0.65,0.47,10.47,0.09,0.36,0.63,0.98,0.85,0.09,0.04,0.47,0.1
2,0.07,0.11,3.85,7.85,0.65,0.47,10.47,0.09,0.36,0.63,0.98,0.85,0.09,0.04,0.47,0.1
2,0.07,0.11,3.85,7.85,0.65,0.47,10.47,0.09,0.36,0.63,0.98,0.85,0.09,0.04,0.47,0.1
2,0.07,0.11,3.85,7.85,0.65,0.47,10.47,0.09,0.36,0.63,0.98,0.85,0.09,0.04,0.47,0.1
2,0.07,0.11,3.85,7.85,0.65,0.47,10.47,0.09,0.36,0.63,0.98,0.85,0.09,0.04,0.47,0.1
2,0.07,0.11,3.85,7.85,0.65,0.47,10.47,0.09,0.36,0.63,0.98,0.85,0.09,0.04,0.47,0.1
2,0.07,0.11,3.85,7.85,0.65,0.47,10.47,0.09,0.36,0.63,0.98,0.85,0.09,0.04,0.47,0.1
2,0.2,0.21,3.58,2.35,0.53,-0.84,10.37,0.24,-0.04,0.59,0.89,0.71,0.15,0.29,0.59,0.16
2,0.2,0.21,3.58,2.35,0.53,-0.84,10.37,0.24,-0.04,0.59,0.89,0.71,0.15,0.29,0.59,0.16
2,0.2,0.21,3.58,2.35,0.53,-0.84,10.37,0.24,-0.04,0.59,0.89,0.71,0.15,0.29,0.59,0.16
2,0.2,0.21,3.58,2.35,0.53,-0.84,10.37,0.24,-0.04,0.59,0.89,0.71,0.15,0.29,0.59,0.16
2,0.2,0.21,3.58,2.35,0.53,-0.84,10.37,0.24,-0.04,0.59,0.89,0.71,0.15,0.29,0.59,0.16
2,0.2,0.21,3.58,2.35,0.53,-0.84,10.37,0.24,-0.04,0.59,0.89,0.71,0.15,0.29,0.59,0.16
2,0.2,0.21,3.58,2.35,0.53,-0.84,10.37,0.24,-0.04,0.59,0.89,0.71,0.15,0.29,0.59,0.16
2,0.2,0.21,3.58,2.35,0.53,-0.84,10.37,0.24,-0.04,0.59,0.89,0.71,0.15,0.29,0.59,0.16
2,0.2,0.21,3.58,2.35,0.53,-0.84,10.37,0.24,-0.04,0.59,0.89,0.71,0.15,0.29,0.59,0.16
2,0.2,0.21,3.58,2.35,0.53,-0.84,10.37,0.24,-0.04,0.59,0.89,0.71,0.15,0.29,0.59,0.16
2,0.2,0.21,3.58,2.35,0.53,-0.84,10.37,0.24,-0.04,0.59,0.89,0.71,0.15,0.29,0.59,0.16
2,0.2,0.21,3.58,2.35,0.53,-0.84,10.37,0.24,-0.04,0.59,0.89,0.71,0.15,0.29,0.59,0.16
2,0.22,0.18,3.78,0.24,0.3,0.16,10.47,0.19,1.71,0.27,0.91,0.69,0.13,0.17,0.38,0.22
2,0.22,0.18,3.78,0.24,0.3,0.16,10.47,0.19,1.71,0.27,0.91,0.69,0.13,0.17,0.38,0.22
2,0.22,0.18,3.78,0.24,0.3,0.16,10.47,0.19,1.71,0.27,0.91,0.69,0.13,0.17,0.38,0.22
2,0.22,0.18,3.78,0.24,0.3,0.16,10.47,0.19,1.71,0.27,0.91,0.69,0.13,0.17,0.38,0.22
2,0.22,0.18,3.78,0.24,0.3,0.16,10.47,0.19,1.71,0.27,0.91,0.69,0.13,0.17,0.38,0.22
2,0.22,0.18,3.78,0.24,0.3,0.16,10.47,0.19,1.71,0.27,0.91,0.69,0.13,0.17,0.38,0.22
2,0.22,0.18,3.78,0.24,0.3,0.16,10.47,0.19,1.71,0.27,0.91,0.69,0.13,0.17,0.38,0.22
2,0.22,0.18,3.78,0.24,0.3,0.16,10.47,0.19,1.71,0.27,0.91,0.69,0.13,0.17,0.38,0.22
2,0.22,0.18,3.78,0.24,0.3,0.16,10.47,0.19,1.71,0.27,0.91,0.69,0.13,0.17,0.38,0.22
2,0.22,0.18,3.78,0.24,0.3,0.16,10.47,0.19,1.71,0.27,0.91,0.69,0.13,0.17,0.38,0.22
2,0.22,0.18,3.78,0.24,0.3,0.16,10.47,0.19,1.71,0.27,0.91,0.69,0.13,0.17,0.38,0.22
2,0.22,0.18,3.78,0.24,0.3,0.16,10.47,0.19,1.71,0.27,0.91,0.69,0.13,0.17,0.38,0.22
2,0.11,0.15,3.89,2.98,0.32,0.42,10.39,0.12,-0.16,0.59,0.95,0.75,0.11,0.11,0.54,0.18
2,0.11,0.15,3.89,2.98,0.32,0.42,10.39,0.12,-0.16,0.59,0.95,0.75,0.11,0.11,0.54,0.18
2,0.11,0.15,3.89,2.98,0.32,0.42,10.39,0.12,-0.16,0.59,0.95,0.75,0.11,0.11,0.54,0.18
2,0.11,0.15,3.89,2.98,0.32,0.42,10.39,0.12,-0.16,0.59,0.95,0.75,0.11,0.11,0.54,0.18
2,0.11,0.15,3.89,2.98,0.32,0.42,10.39,0.12,-0.16,0.59,0.95,0.75,0.11,0.11,0.54,0.18
2,0.11,0.15,3.89,2.98,0.32,0.42,10.39,0.12,-0.16,0.59,0.95,0.75,0.11,0.11,0.54,0.18
2,0.11,0.15,3.89,2.98,0.32,0.42,10.39,0.12,-0.16,0.59,0.95,0.75,0.11,0.11,0.54,0.18
2,0.11,0.15,3.89,2.98,0.32,0.42,10.39,0.12,-0.16,0.59,0.95,0.75,0.11,0.11,0.54,0.18
2,0.11,0.15,3.89,2.98,0.32,0.42,10.39,0.12,-0.16,0.59,0.95,0.75,0.11,0.11,0.54,0.18
2,0.11,0.15,3.89,2.98,0.32,0.42,10.39,0.12,-0.16,0.59,0.95,0.75,0.11,0.11,0.54,0.18
2,0.11,0.15,3.89,2.98,0.32,0.42,10.39,0.12,-0.16,0.59,0.95,0.75,0.11,0.11,0.54,0.18
2,0.11,0.15,3.89,2.98,0.32,0.42,10.39,0.12,-0.16,0.59,0.95,0.75,0.11,0.11,0.54,0.18
2,0.12,0.08,4.02,2.15,0.52,-0.44,10.12,0.16,0.1,0.52,0.98,0.56,0.15,0.05,0.4,0.21
2,0.12,0.08,4.02,2.15,0.52,-0.44,10.12,0.16,0.1,0.52,0.98,0.56,0.15,0.05,0.4,0.21
2,0.12,0.08,4.02,2.15,0.52,-0.44,10.12,0.16,0.1,0.52,0.98,0.56,0.15,0.05,0.4,0.21
2,0.12,0.08,4.02,2.15,0.52,-0.44,10.12,0.16,0.1,0.52,0.98,0.56,0.15,0.05,0.4,0.21
2,0.12,0.08,4.02,2.15,0.52,-0.44,10.12,0.16,0.1,0.52,0.98,0.56,0.15,0.05,0.4,0.21
2,0.12,0.08,4.02,2.15,0.52,-0.44,10.12,0.16,0.1,0.52,0.98,0.56,0.15,0.05,0.4,0.21
2,0.12,0.08,4.02,2.15,0.52,-0.44,10.12,0.16,0.1,0.52,0.98,0.56,0.15,0.05,0.4,0.21
2,0.12,0.08,4.02,2.15,0.52,-0.44,10.12,0.16,0.1,0.52,0.98,0.56,0.15,0.05,0.4,0.21
2,0.12,0.08,4.02,2.15,0.52,-0.44,10.12,0.16,0.1,0.52,0.98,0.56,0.15,0.05,0.4,0.21
2,0.12,0.08,4.02,2.15,0.52,-0.44,10.12,0.16,0.1,0.52,0.98,0.56,0.15,0.05,0.4,0.21
2,0.12,0.08,4.02,2.15,0.52,-0.44,10.12,0.16,0.1,0.52,0.98,0.56,0.15,0.05,0.4,0.21
2,0.12,0.08,4.02,2.15,0.52,-0.44,10.12,0.16,0.1,0.52,0.98,0.56,0.15,0.05,0.4,0.21
2,0.14,0.09,4.06,2.91,0.51,-0.57,10.07,0.18,0.0,0.52,0.95,0.53,0.17,0.19,0.35,0.2
2,0.14,0.09,4.06,2.91,0.51,-0.57,10.07,0.18,0.0,0.52,0.95,0.53,0.17,0.19,0.35,0.2
2,0.14,0.09,4.06,2.91,0.51,-0.57,10.07,0.18,0.0,0.52,0.95,0.53,0.17,0.19,0.35,0.2
2,0.14,0.09,4.06,2.91,0.51,-0.57,10.07,0.18,0.0,0.52,0.95,0.53,0.17,0.19,0.35,0.2
2,0.14,0.09,4.06,2.91,0.51,-0.57,10.07,0.18,0.0,0.52,0.95,0.53,0.17,0.19,0.35,0.2
2,0.14,0.09,4.06,2.91,0.51,-0.57,10.07,0.18,0.0,0.52,0.95,0.53,0.17,0.19,0.35,0.2
2,0.14,0.09,4.06,2.91,0.51,-0.57,10.07,0.18,0.0,0.52,0.95,0.53,0.17,0.19,0.35,0.2
2,0.14,0.09,4.06,2.91,0.51,-0.57,10.07,0.18,0.0,0.52,0.95,0.53,0.17,0.19,0.35,0.2
2,0.14,0.09,4.06,2.91,0.51,-0.57,10.07,0.18,0.0,0.52,0.95,0.53,0.17,0.19,0.35,0.2
2,0.14,0.09,4.06,2.91,0.51,-0.57,10.07,0.18,0.0,0.52,0.95,0.53,0.17,0.19,0.35,0.2
2,0.14,0.09,4.06,2.91,0.51,-0.57,10.07,0.18,0.0,0.52,0.95,0.53,0.17,0.19,0.35,0.2
2,0.14,0.09,4.06,2.91,0.51,-0.57,10.07,0.18,0.0,0.52,0.95,0.53,0.17,0.19,0.35,0.2
2,0.14,0.17,3.92,5.48,0.44,-0.41,10.27,0.13,-0.19,0.54,0.94,0.84,0.14,0.15,0.48,0.18
2,0.14,0.17,3.92,5.48,0.44,-0.41,10.27,0.13,-0.19,0.54,0.94,0.84,0.14,0.15,0.48,0.18
2,0.14,0.17,3.92,5.48,0.44,-0.41,10.27,0.13,-0.19,0.54,0.94,0.84,0.14,0.15,0.48,0.18
2,0.14,0.17,3.92,5.48,0.44,-0.41,10.27,0.13,-0.19,0.54,0.94,0.84,0.14,0.15,0.48,0.18
2,0.14,0.17,3.92,5.48,0.44,-0.41,10.27,0.13,-0.19,0.54,0.94,0.84,0.14,0.15,0.48,0.18
2,0.14,0.17,3.92,5.48,0.44,-0.41,10.27,0.13,-0.19,0.54,0.94,0.84,0.14,0.15,0.48,0.18
2,0.14,0.17,3.92,5.48,0.44,-0.41,10.27,0.13,-0.19,0.54,0.94,0.84,0.14,0.15,0.48,0.18
2,0.14,0.17,3.92,5.48,0.44,-0.41,10.27,0.13,-0.19,0.54,0.94,0.84,0.14,0.15,0.48,0.18
2,0.14,0.17,3.92,5.48,0.44,-0.41,10.27,0.13,-0.19,0.54,0.94,0.84,0.14,0.15,0.48,0.18
2,0.14,0.17,3.92,5.48,0.44,-0.41,10.27,0.13,-0.19,0.54,0.94,0.84,0.14,0.15,0.48,0.18
2,0.14,0.17,3.92,5.48,0.44,-0.41,10.27,0.13,-0.19,0.54,0.94,0.84,0.14,0.15,0.48,0.18
2,0.14,0.17,3.92,5.48,0.44,-0.41,10.27,0.13,-0.19,0.54,0.94,0.84,0.14,0.15,0.48,0.18
2,0.15,0.17,3.74,2.07,0.28,0.56,10.59,0.15,0.53,0.38,0.92,0.71,0.18,0.16,0.5,0.18
2,0.15,0.17,3.74,2.07,0.28,0.56,10.59,0.15,0.53,0.38,0.92,0.71,0.18,0.16,0.5,0.18
2,0.15,0.17,3.74,2.07,0.28,0.56,10.59,0.15,0.53,0.38,0.92,0.71,0.18,0.16,0.5,0.18
2,0.15,0.17,3.74,2.07,0.28,0.56,10.59,0.15,0.53,0.38,0.92,0.71,0.18,0.16,0.5,0.18
2,0.15,0.17,3.74,2.07,0.28,0.56,10.59,0.15,0.53,0.38,0.92,0.71,0.18,0.16,0.5,0.18
2,0.15,0.17,3.74,2.07,0.28,0.56,10.59,0.15,0.53,0.38,0.92,0.71,0.18,0.16,0.5,0.18
2,0.15,0.17,3.74,2.07,0.28,0.56,10.59,0.15,0.53,0.38,0.92,0.71,0.18,0.16,0.5,0.18
2,0.15,0.17,3.74,2.07,0.28,0.56,10.59,0.15,0.53,0.38,0.92,0.71,0.18,0.16,0.5,0.18
2,0.15,0.17,3.74,2.07,0.28,0.56,10.59,0.15,0.53,0.38,0.92,0.71,0.18,0.16,0.5,0.18
2,0.15,0.17,3.74,2.07,0.28,0.56,10.59,0.15,0.53,0.38,0.92,0.71,0.18,0.16,0.5,0.18
2,0.15,0.17,3.74,2.07,0.28,0.56,10.59,0.15,0.53,0.38,0.92,0.71,0.18,0.16,0.5,0.18
2,0.15,0.17,3.74,2.07,0.28,0.56,10.59,0.15,0.53,0.38,0.92,0.71,0.18,0.16,0.5,0.18
2,0.15,0.14,3.6,1.88,0.38,0.22,10.73,0.17,1.11,0.33,0.95,0.79,0.1,0.15,0.3,0.22
2,0.15,0.14,3.6,1.88,0.38,0.22,10.73,0.17,1.11,0.33,0.95,0.79,0.1,0.15,0.3,0.22
2,0.15,0.14,3.6,1.88,0.38,0.22,10.73,0.17,1.11,0.33,0.95,0.79,0.1,0.15,0.3,0.22
2,0.15,0.14,3.6,1.88,0.38,0.22,10.73,0.17,1.11,0.33,0.95,0.79,0.1,0.15,0.3,0.22
2,0.15,0.14,3.6,1.88,0.38,0.22,10.73,0.17,1.11,0.33,0.95,0.79,0.1,0.15,0.3,0.22
2,0.15,0.14,3.6,1.88,0.38,0.22,10.73,0.17,1.11,0.33,0.95,0.79,0.1,0.15,0.3,0.22
2,0.15,0.14,3.6,1.88,0.38,0.22,10.73,0.17,1.11,0.33,0.95,0.79,0.1,0.15,0.3,0.22
2,0.15,0.14,3.6,1.88,0.38,0.22,10.73,0.17,1.11,0.33,0.95,0.79,0.1,0.15,0.3,0.22
2,0.15,0.14,3.6,1.88,0.38,0.22,10.73,0.17,1.11,0.33,0.95,0.79,0.1,0.15,0.3,0.22
2,0.15,0.14,3.6,1.88,0.38,0.22,10.73,0.17,1.11,0.33,0.95,0.79,0.1,0.15,0.3,0.22
2,0.15,0.14,3.6,1.88,0.38,0.22,10.73,0.17,1.11,0.33,0.95,0.79,0.1,0.15,0.3,0.22
2,0.15,0.14,3.6,1.88,0.38,0.22,10.73,0.17,1.11,0.33,0.95,0.79,0.1,0.15,0.3,0.22
2,0.14,0.17,4.07,1.97,0.37,0.04,10.17,0.11,0.54,0.54,0.89,0.43,0.16,0.22,0.44,0.23
2,0.14,0.17,4.07,1.97,0.37,0.04,10.17,0.11,0.54,0.54,0.89,0.43,0.16,0.22,0.44,0.23
2,0.14,0.17,4.07,1.97,0.37,0.04,10.17,0.11,0.54,0.54,0.89,0.43,0.16,0.22,0.44,0.23
2,0.14,0.17,4.07,1.97,0.37,0.04,10.17,0.11,0.54,0.54,0.89,0.43,0.16,0.22,0.44,0.23
2,0.14,0.17,4.07,1.97,0.37,0.04,10.17,0.11,0.54,0.54,0.89,0.43,0.16,0.22,0.44,0.23
2,0.14,0.17,4.07,1.97,0.37,0.04,10.17,0.11,0.54,0.54,0.89,0.43,0.16,0.22,0.44,0.23
2,0.14,0.17,4.07,1.97,0.37,0.04,10.17,0.11,0.54,0.54,0.89,0.43,0.16,0.22,0.44,0.23
2,0.14,0.17,4.07,1.97,0.37,0.04,10.17,0.11,0.54,0.54,0.89,0.43,0.16,0.22,0.44,0.23
2,0.14,0.17,4.07,1.97,0.37,0.04,10.17,0.11,0.54,0.54,0.89,0.43,0.16,0.22,0.44,0.23
2,0.14,0.17,4.07,1.97,0.37,0.04,10.17,0.11,0.54,0.54,0.89,0.43,0.16,0.22,0.44,0.23
2,0.14,0.17,4.07,1.97,0.37,0.04,10.17,0.11,0.54,0.54,0.89,0.43,0.16,0.22,0.44,0.23
2,0.14,0.17,4.07,1.97,0.37,0.04,10.17,0.11,0.54,0.54,0.89,0.43,0.16,0.22,0.44,0.23
2,0.15,0.18,4.24,9.97,0.61,-1.43,10.05,0.16,-2.42,0.65,0.87,0.35,0.17,0.22,0.46,0.22
2,0.15,0.18,4.24,9.97,0.61,-1.43,10.05,0.16,-2.42,0.65,0.87,0.35,0.17,0.22,0.46,0.22
2,0.15,0.18,4.24,9.97,0.61,-1.43,10.05,0.16,-2.42,0.65,0.87,0.35,0.17,0.22,0.46,0.22
2,0.15,0.18,4.24,9.97,0.61,-1.43,10.05,0.16,-2.42,0.65,0.87,0.35,0.17,0.22,0.46,0.22
2,0.15,0.18,4.24,9.97,0.61,-1.43,10.05,0.16,-2.42,0.65,0.87,0.35,0.17,0.22,0.46,0.22
2,0.15,0.18,4.24,9.97,0.61,-1.43,10.05,0.16,-2.42,0.65,0.87,0.35,0.17,0.22,0.46,0.22
2,0.15,0.18,4.24,9.97,0.61,-1.43,10.05,0.16,-2.42,0.65,0.87,0.35,0.17,0.22,0.46,0.22
2,0.15,0.18,4.24,9.97,0.61,-1.43,10.05,0.16,-2.42,0.65,0.87,0.35,0.17,0.22,0.46,0.22
2,0.15,0.18,4.24,9.97,0.61,-1.43,10.05,0.16,-2.42,0.65,0.87,0.35,0.17,0.22,0.46,0.22
2,0.15,0.18,4.24,9.97,0.61,-1.43,10.05,0.16,-2.42,0.65,0.87,0.35,0.17,0.22,0.46,0.22
2,0.15,0.18,4.24,9.97,0.61,-1.43,10.05,0.16,-2.42,0.65,0.87,0.35,0.17,0.22,0.46,0.22
2,0.15,0.18,4.24,9.97,0.61,-1.43,10.05,0.16,-2.42,0.65,0.87,0.35,0.17,0.22,0.46,0.22
2,0.16,0.15,3.99,5.63,0.41,0.95,10.28,0.19,0.91,0.39,0.95,0.64,0.13,0.15,0.5,0.22
2,0.16,0.15,3.99,5.63,0.41,0.95,10.28,0.19,0.91,0.39,0.95,0.64,0.13,0.15,0.5,0.22
2,0.16,0.15,3.99,5.63,0.41,0.95,10.28,0.19,0.91,0.39,0.95,0.64,0.13,0.15,0.5,0.22
2,0.16,0.15,3.99,5.63,0.41,0.95,10.28,0.19,0.91,0.39,0.95,0.64,0.13,0.15,0.5,0.22
2,0.16,0.15,3.99,5.63,0.41,0.95,10.28,0.19,0.91,0.39,0.95,0.64,0.13,0.15,0.5,0.22
2,0.16,0.15,3.99,5.63,0.41,0.95,10.28,0.19,0.91,0.39,0.95,0.64,0.13,0.15,0.5,0.22
2,0.16,0.15,3.99,5.63,0.41,0.95,10.28,0.19,0.91,0.39,0.95,0.64,0.13,0.15,0.5,0.22
2,0.16,0.15,3.99,5.63,0.41,0.95,10.28,0.19,0.91,0.39,0.95,0.64,0.13,0.15,0.5,0.22
2,0.16,0.15,3.99,5.63,0.41,0.95,10.28,0.19,0.91,0.39,0.95,0.64,0.13,0.15,0.5,0.22
2,0.16,0.15,3.99,5.63,0.41,0.95,10.28,0.19,0.91,0.39,0.95,0.64,0.13,0.15,0.5,0.22
2,0.16,0.15,3.99,5.63,0.41,0.95,10.28,0.19,0.91,0.39,0.95,0.64,0.13,0.15,0.5,0.22
2,0.16,0.15,3.99,5.63,0.41,0.95,10.28,0.19,0.91,0.39,0.95,0.64,0.13,0.15,0.5,0.22
2,0.21,0.18,3.81,0.81,0.21,0.29,10.32,0.15,0.18,0.49,0.96,0.88,0.15,0.03,0.39,0.05
2,0.21,0.18,3.81,0.81,0.21,0.29,10.32,0.15,0.18,0.49,0.96,0.88,0.15,0.03,0.39,0.05
2,0.21,0.18,3.81,0.81,0.21,0.29,10.32,0.15,0.18,0.49,0.96,0.88,0.15,0.03,0.39,0.05
2,0.21,0.18,3.81,0.81,0.21,0.29,10.32,0.15,0.18,0.49,0.96,0.88,0.15,0.03,0.39,0.05
2,0.21,0.18,3.81,0.81,0.21,0.29,10.32,0.15,0.18,0.49,0.96,0.88,0.15,0.03,0.39,0.05
2,0.21,0.18,3.81,0.81,0.21,0.29,10.32,0.15,0.18,0.49,0.96,0.88,0.15,0.03,0.39,0.05
2,0.21,0.18,3.81,0.81,0.21,0.29,10.32,0.15,0.18,0.49,0.96,0.88,0.15,0.03,0.39,0.05
2,0.21,0.18,3.81,0.81,0.21,0.29,10.32,0.15,0.18,0.49,0.96,0.88,0.15,0.03,0.39,0.05
2,0.21,0.18,3.81,0.81,0.21,0.29,10.32,0.15,0.18,0.49,0.96,0.88,0.15,0.03,0.39,0.05
2,0.21,0.18,3.81,0.81,0.21,0.29,10.32,0.15,0.18,0.49,0.96,0.88,0.15,0.03,0.39,0.05
2,0.21,0.18,3.81,0.81,0.21,0.29,10.32,0.15,0.18,0.49,0.96,0.88,0.15,0.03,0.39,0.05
2,0.21,0.18,3.81,0.81,0.21,0.29,10.32,0.15,0.18,0.49,0.96,0.88,0.15,0.03,0.39,0.05
2,0.12,0.14,4.03,1.29,0.46,-0.29,10.06,0.13,0.22,0.58,0.98,0.65,0.19,0.06,0.49,0.23
2,0.12,0.14,4.03,1.29,0.46,-0.29,10.06,0.13,0.22,0.58,0.98,0.65,0.19,0.06,0.49,0.23
2,0.12,0.14,4.03,1.29,0.46,-0.29,10.06,0.13,0.22,0.58,0.98,0.65,0.19,0.06,0.49,0.23
2,0.12,0.14,4.03,1.29,0.46,-0.29,10.06,0.13,0.22,0.58,0.98,0.65,0.19,0.06,0.49,0.23
2,0.12,0.14,4.03,1.29,0.46,-0.29,10.06,0.13,0.22,0.58,0.98,0.65,0.19,0.06,0.49,0.23
2,0.12,0.14,4.03,1.29,0.46,-0.29,10.06,0.13,0.22,0.58,0.98,0.65,0.19,0.06,0.49,0.23
2,0.12,0.14,4.03,1.29,0.46,-0.29,10.06,0.13,0.22,0.58,0.98,0.65,0.19,0.06,0.49,0.23
2,0.12,0.14,4.03,1.29,0.46,-0.29,10.06,0.13,0.22,0.58,0.98,0.65,0.19,0.06,0.49,0.23
2,0.12,0.14,4.03,1.29,0.46,-0.29,10.06,0.13,0.22,0.58,0.98,0.65,0.19,0.06,0.49,0.23
2,0.12,0.14,4.03,1.29,0.46,-0.29,10.06,0.13,0.22,0.58,0.98,0.65,0.19,0.06,0.49,0.23
2,0.12,0.14,4.03,1.29,0.46,-0.29,10.06,0.13,0.22,0.58,0.98,0.65,0.19,0.06,0.49,0.23
2,0.12,0.14,4.03,1.29,0.46,-0.29,10.06,0.13,0.22,0.58,0.98,0.65,0.19,0.06,0.49,0.23
2,0.15,0.15,3.79,1.34,0.27,-0.26,10.59,0.11,0.51,0.49,0.98,0.66,0.19,0.04,0.4,0.14
2,0.15,0.15,3.79,1.34,0.27,-0.26,10.59,0.11,0.51,0.49,0.98,0.66,0.19,0.04,0.4,0.14
2,0.15,0.15,3.79,1.34,0.27,-0.26,10.59,0.11,0.51,0.49,0.98,0.66,0.19,0.04,0.4,0.14
2,0.15,0.15,3.79,1.34,0.27,-0.26,10.59,0.11,0.51,0.49,0.98,0.66,0.19,0.04,0.4,0.14
2,0.15,0.15,3.79,1.34,0.27,-0.26,10.59,0.11,0.51,0.49,0.98,0.66,0.19,0.04,0.4,0.14
2,0.15,0.15,3.79,1.34,0.27,-0.26,10.59,0.11,0.51,0.49,0.98,0.66,0.19,0.04,0.4,0.14
2,0.15,0.15,3.79,1.34,0.27,-0.26,10.59,0.11,0.51,0.49,0.98,0.66,0.19,0.04,0.4,0.14
2,0.15,0.15,3.79,1.34,0.27,-0.26,10.59,0.11,0.51,0.49,0.98,0.66,0.19,0.04,0.4,0.14
2,0.15,0.15,3.79,1.34,0.27,-0.26,10.59,0.11,0.51,0.49,0.98,0.66,0.19,0.04,0.4,0.14
2,0.15,0.15,3.79,1.34,0.27,-0.26,10.59,0.11,0.51,0.49,0.98,0.66,0.19,0.04,0.4,0.14
2,0.15,0.15,3.79,1.34,0.27,-0.26,10.59,0.11,0.51,0.49,0.98,0.66,0.19,0.04,0.4,0.14
2,0.15,0.15,3.79,1.34,0.27,-0.26,10.59,0.11,0.51,0.49,0.98,0.66,0.19,0.04,0.4,0.14
2,0.19,0.16,4.75,37.52,0.45,-1.41,9.53,0.19,0.97,0.32,0.95,0.6,0.2,0.13,0.37,0.25
2,0.19,0.16,4.75,37.52,0.45,-1.41,9.53,0.19,0.97,0.32,0.95,0.6,0.2,0.13,0.37,0.25
2,0.19,0.16,4.75,37.52,0.45,-1.41,9.53,0.19,0.97,0.32,0.95,0.6,0.2,0.13,0.37,0.25
2,0.19,0.16,4.75,37.52,0.45,-1.41,9.53,0.19,0.97,0.32,0.95,0.6,0.2,0.13,0.37,0.25
2,0.19,0.16,4.75,37.52,0.45,-1.41,9.53,0.19,0.97,0.32,0.95,0.6,0.2,0.13,0.37,0.25
2,0.19,0.16,4.75,37.52,0.45,-1.41,9.53,0.19,0.97,0.32,0.95,0.6,0.2,0.13,0.37,0.25
2,0.19,0.16,4.75,37.52,0.45,-1.41,9.53,0.19,0.97,0.32,0.95,0.6,0.2,0.13,0.37,0.25
2,0.19,0.16,4.75,37.52,0.45,-1.41,9.53,0.19,0.97,0.32,0.95,0.6,0.2,0.13,0.37,0.25
2,0.19,0.16,4.75,37.52,0.45,-1.41,9.53,0.19,0.97,0.32,0.95,0.6,0.2,0.13,0.37,0.25
2,0.19,0.16,4.75,37.52,0.45,-1.41,9.53,0.19,0.97,0.32,0.95,0.6,0.2,0.13,0.37,0.25
2,0.19,0.16,4.75,37.52,0.45,-1.41,9.53,0.19,0.97,0.32,0.95,0.6,0.2,0.13,0.37,0.25
2,0.19,0.16,4.75,37.52,0.45,-1.41,9.53,0.19,0.97,0.32,0.95,0.6,0.2,0.13,0.37,0.25
2,0.19,0.16,4.75,37.52,0.45,-1.41,9.53,0.19,0.97,0.32,0.95,0.6,0.2,0.13,0.37,0.25
2,0.19,0.16,4.75,37.52,0.45,-1.41,9.53,0.19,0.97,0.32,0.95,0.6,0.2,0.13,0.37,0.25
2,0.19,0.16,4.75,37.52,0.45,-1.41,9.53,0.19,0.97,0.32,0.95,0.6,0.2,0.13,0.37,0.25
2,0.19,0.16,4.75,37.52,0.45,-1.41,9.53,0.19,0.97,0.32,0.95,0.6,0.2,0.13,0.37,0.25
2,0.19,0.16,4.75,37.52,0.45,-1.41,9.53,0.19,0.97,0.32,0.95,0.6,0.2,0.13,0.37,0.25
2,0.19,0.16,4.75,37.52,0.45,-1.41,9.53,0.19,0.97,0.32,0.95,0.6,0.2,0.13,0.37,0.25
2,0.19,0.16,4.75,37.52,0.45,-1.41,9.53,0.19,0.97,0.32,0.95,0.6,0.2,0.13,0.37,0.25
2,0.19,0.16,4.75,37.52,0.45,-1.41,9.53,0.19,0.97,0.32,0.95,0.6,0.2,0.13,0.37,0.25
2,0.19,0.16,4.75,37.52,0.45,-1.41,9.53,0.19,0.97,0.32,0.95,0.6,0.2,0.13,0.37,0.25
2,0.19,0.16,4.75,37.52,0.45,-1.41,9.53,0.19,0.97,0.32,0.95,0.6,0.2,0.13,0.37,0.25
2,0.19,0.16,4.75,37.52,0.45,-1.41,9.53,0.19,0.97,0.32,0.95,0.6,0.2,0.13,0.37,0.25
2,0.19,0.16,4.75,37.52,0.45,-1.41,9.53,0.19,0.97,0.32,0.95,0.6,0.2,0.13,0.37,0.25
2,0.26,0.23,3.84,0.67,0.46,0.11,10.54,0.26,0.15,0.48,0.98,0.81,0.17,0.03,0.5,0.18
2,0.26,0.23,3.84,0.67,0.46,0.11,10.54,0.26,0.15,0.48,0.98,0.81,0.17,0.03,0.5,0.18
2,0.26,0.23,3.84,0.67,0.46,0.11,10.54,0.26,0.15,0.48,0.98,0.81,0.17,0.03,0.5,0.18
2,0.26,0.23,3.84,0.67,0.46,0.11,10.54,0.26,0.15,0.48,0.98,0.81,0.17,0.03,0.5,0.18
2,0.26,0.23,3.84,0.67,0.46,0.11,10.54,0.26,0.15,0.48,0.98,0.81,0.17,0.03,0.5,0.18
2,0.26,0.23,3.84,0.67,0.46,0.11,10.54,0.26,0.15,0.48,0.98,0.81,0.17,0.03,0.5,0.18
2,0.26,0.23,3.84,0.67,0.46,0.11,10.54,0.26,0.15,0.48,0.98,0.81,0.17,0.03,0.5,0.18
2,0.26,0.23,3.84,0.67,0.46,0.11,10.54,0.26,0.15,0.48,0.98,0.81,0.17,0.03,0.5,0.18
2,0.26,0.23,3.84,0.67,0.46,0.11,10.54,0.26,0.15,0.48,0.98,0.81,0.17,0.03,0.5,0.18
2,0.26,0.23,3.84,0.67,0.46,0.11,10.54,0.26,0.15,0.48,0.98,0.81,0.17,0.03,0.5,0.18
2,0.26,0.23,3.84,0.67,0.46,0.11,10.54,0.26,0.15,0.48,0.98,0.81,0.17,0.03,0.5,0.18
2,0.26,0.23,3.84,0.67,0.46,0.11,10.54,0.26,0.15,0.48,0.98,0.81,0.17,0.03,0.5,0.18
2,0.19,0.16,4.66,35.53,0.46,-1.44,9.64,0.19,1.0,0.32,0.89,0.44,0.19,0.28,0.38,0.24
2,0.19,0.16,4.66,35.53,0.46,-1.44,9.64,0.19,1.0,0.32,0.89,0.44,0.19,0.28,0.38,0.24
2,0.19,0.16,4.66,35.53,0.46,-1.44,9.64,0.19,1.0,0.32,0.89,0.44,0.19,0.28,0.38,0.24
2,0.19,0.16,4.66,35.53,0.46,-1.44,9.64,0.19,1.0,0.32,0.89,0.44,0.19,0.28,0.38,0.24
2,0.19,0.16,4.66,35.53,0.46,-1.44,9.64,0.19,1.0,0.32,0.89,0.44,0.19,0.28,0.38,0.24
2,0.19,0.16,4.66,35.53,0.46,-1.44,9.64,0.19,1.0,0.32,0.89,0.44,0.19,0.28,0.38,0.24
2,0.19,0.16,4.66,35.53,0.46,-1.44,9.64,0.19,1.0,0.32,0.89,0.44,0.19,0.28,0.38,0.24
2,0.19,0.16,4.66,35.53,0.46,-1.44,9.64,0.19,1.0,0.32,0.89,0.44,0.19,0.28,0.38,0.24
2,0.19,0.16,4.66,35.53,0.46,-1.44,9.64,0.19,1.0,0.32,0.89,0.44,0.19,0.28,0.38,0.24
2,0.19,0.16,4.66,35.53,0.46,-1.44,9.64,0.19,1.0,0.32,0.89,0.44,0.19,0.28,0.38,0.24
2,0.19,0.16,4.66,35.53,0.46,-1.44,9.64,0.19,1.0,0.32,0.89,0.44,0.19,0.28,0.38,0.24
2,0.19,0.16,4.66,35.53,0.46,-1.44,9.64,0.19,1.0,0.32,0.89,0.44,0.19,0.28,0.38,0.24
2,0.19,0.18,3.46,0.61,0.34,-0.08,10.51,0.2,0.66,0.36,0.87,0.86,0.12,0.08,0.41,0.1
2,0.19,0.18,3.46,0.61,0.34,-0.08,10.51,0.2,0.66,0.36,0.87,0.86,0.12,0.08,0.41,0.1
2,0.19,0.18,3.46,0.61,0.34,-0.08,10.51,0.2,0.66,0.36,0.87,0.86,0.12,0.08,0.41,0.1
2,0.19,0.18,3.46,0.61,0.34,-0.08,10.51,0.2,0.66,0.36,0.87,0.86,0.12,0.08,0.41,0.1
2,0.19,0.18,3.46,0.61,0.34,-0.08,10.51,0.2,0.66,0.36,0.87,0.86,0.12,0.08,0.41,0.1
2,0.19,0.18,3.46,0.61,0.34,-0.08,10.51,0.2,0.66,0.36,0.87,0.86,0.12,0.08,0.41,0.1
2,0.19,0.18,3.46,0.61,0.34,-0.08,10.51,0.2,0.66,0.36,0.87,0.86,0.12,0.08,0.41,0.1
2,0.19,0.18,3.46,0.61,0.34,-0.08,10.51,0.2,0.66,0.36,0.87,0.86,0.12,0.08,0.41,0.1
2,0.19,0.18,3.46,0.61,0.34,-0.08,10.51,0.2,0.66,0.36,0.87,0.86,0.12,0.08,0.41,0.1
2,0.19,0.18,3.46,0.61,0.34,-0.08,10.51,0.2,0.66,0.36,0.87,0.86,0.12,0.08,0.41,0.1
2,0.19,0.18,3.46,0.61,0.34,-0.08,10.51,0.2,0.66,0.36,0.87,0.86,0.12,0.08,0.41,0.1
2,0.19,0.18,3.46,0.61,0.34,-0.08,10.51,0.2,0.66,0.36,0.87,0.86,0.12,0.08,0.41,0.1
2,0.14,0.17,3.76,48.11,0.52,-1.07,10.31,0.11,-2.24,0.77,0.89,0.63,0.2,0.34,0.35,0.19
2,0.14,0.17,3.76,48.11,0.52,-1.07,10.31,0.11,-2.24,0.77,0.89,0.63,0.2,0.34,0.35,0.19
2,0.14,0.17,3.76,48.11,0.52,-1.07,10.31,0.11,-2.24,0.77,0.89,0.63,0.2,0.34,0.35,0.19
2,0.14,0.17,3.76,48.11,0.52,-1.07,10.31,0.11,-2.24,0.77,0.89,0.63,0.2,0.34,0.35,0.19
2,0.14,0.17,3.76,48.11,0.52,-1.07,10.31,0.11,-2.24,0.77,0.89,0.63,0.2,0.34,0.35,0.19
2,0.14,0.17,3.76,48.11,0.52,-1.07,10.31,0.11,-2.24,0.77,0.89,0.63,0.2,0.34,0.35,0.19
2,0.14,0.17,3.76,48.11,0.52,-1.07,10.31,0.11,-2.24,0.77,0.89,0.63,0.2,0.34,0.35,0.19
2,0.14,0.17,3.76,48.11,0.52,-1.07,10.31,0.11,-2.24,0.77,0.89,0.63,0.2,0.34,0.35,0.19
2,0.14,0.17,3.76,48.11,0.52,-1.07,10.31,0.11,-2.24,0.77,0.89,0.63,0.2,0.34,0.35,0.19
2,0.14,0.17,3.76,48.11,0.52,-1.07,10.31,0.11,-2.24,0.77,0.89,0.63,0.2,0.34,0.35,0.19
2,0.14,0.17,3.76,48.11,0.52,-1.07,10.31,0.11,-2.24,0.77,0.89,0.63,0.2,0.34,0.35,0.19
2,0.14,0.17,3.76,48.11,0.52,-1.07,10.31,0.11,-2.24,0.77,0.89,0.63,0.2,0.34,0.35,0.19
2,0.13,0.16,3.93,1.72,0.54,0.63,10.4,0.21,-0.68,0.59,0.95,0.65,0.18,0.19,0.64,0.27
2,0.13,0.16,3.93,1.72,0.54,0.63,10.4,0.21,-0.68,0.59,0.95,0.65,0.18,0.19,0.64,0.27
2,0.13,0.16,3.93,1.72,0.54,0.63,10.4,0.21,-0.68,0.59,0.95,0.65,0.18,0.19,0.64,0.27
2,0.13,0.16,3.93,1.72,0.54,0.63,10.4,0.21,-0.68,0.59,0.95,0.65,0.18,0.19,0.64,0.27
2,0.13,0.16,3.93,1.72,0.54,0.63,10.4,0.21,-0.68,0.59,0.95,0.65,0.18,0.19,0.64,0.27
2,0.13,0.16,3.93,1.72,0.54,0.63,10.4,0.21,-0.68,0.59,0.95,0.65,0.18,0.19,0.64,0.27
2,0.13,0.16,3.93,1.72,0.54,0.63,10.4,0.21,-0.68,0.59,0.95,0.65,0.18,0.19,0.64,0.27
2,0.13,0.16,3.93,1.72,0.54,0.63,10.4,0.21,-0.68,0.59,0.95,0.65,0.18,0.19,0.64,0.27
2,0.13,0.16,3.93,1.72,0.54,0.63,10.4,0.21,-0.68,0.59,0.95,0.65,0.18,0.19,0.64,0.27
2,0.13,0.16,3.93,1.72,0.54,0.63,10.4,0.21,-0.68,0.59,0.95,0.65,0.18,0.19,0.64,0.27
2,0.13,0.16,3.93,1.72,0.54,0.63,10.4,0.21,-0.68,0.59,0.95,0.65,0.18,0.19,0.64,0.27
2,0.13,0.16,3.93,1.72,0.54,0.63,10.4,0.21,-0.68,0.59,0.95,0.65,0.18,0.19,0.64,0.27
2,0.21,0.21,3.85,5.56,0.74,-0.45,10.44,0.18,-0.08,0.52,0.88,0.71,0.09,0.46,0.61,0.25
2,0.21,0.21,3.85,5.56,0.74,-0.45,10.44,0.18,-0.08,0.52,0.88,0.71,0.09,0.46,0.61,0.25
2,0.21,0.21,3.85,5.56,0.74,-0.45,10.44,0.18,-0.08,0.52,0.88,0.71,0.09,0.46,0.61,0.25
2,0.21,0.21,3.85,5.56,0.74,-0.45,10.44,0.18,-0.08,0.52,0.88,0.71,0.09,0.46,0.61,0.25
2,0.21,0.21,3.85,5.56,0.74,-0.45,10.44,0.18,-0.08,0.52,0.88,0.71,0.09,0.46,0.61,0.25
2,0.21,0.21,3.85,5.56,0.74,-0.45,10.44,0.18,-0.08,0.52,0.88,0.71,0.09,0.46,0.61,0.25
2,0.21,0.21,3.85,5.56,0.74,-0.45,10.44,0.18,-0.08,0.52,0.88,0.71,0.09,0.46,0.61,0.25
2,0.21,0.21,3.85,5.56,0.74,-0.45,10.44,0.18,-0.08,0.52,0.88,0.71,0.09,0.46,0.61,0.25
2,0.21,0.21,3.85,5.56,0.74,-0.45,10.44,0.18,-0.08,0.52,0.88,0.71,0.09,0.46,0.61,0.25
2,0.21,0.21,3.85,5.56,0.74,-0.45,10.44,0.18,-0.08,0.52,0.88,0.71,0.09,0.46,0.61,0.25
2,0.21,0.21,3.85,5.56,0.74,-0.45,10.44,0.18,-0.08,0.52,0.88,0.71,0.09,0.46,0.61,0.25
2,0.21,0.21,3.85,5.56,0.74,-0.45,10.44,0.18,-0.08,0.52,0.88,0.71,0.09,0.46,0.61,0.25
2,0.06,0.09,3.86,9.21,0.53,-0.08,10.54,0.09,-0.15,0.39,0.91,0.81,0.09,0.15,0.6,0.16
2,0.06,0.09,3.86,9.21,0.53,-0.08,10.54,0.09,-0.15,0.39,0.91,0.81,0.09,0.15,0.6,0.16
2,0.06,0.09,3.86,9.21,0.53,-0.08,10.54,0.09,-0.15,0.39,0.91,0.81,0.09,0.15,0.6,0.16
2,0.06,0.09,3.86,9.21,0.53,-0.08,10.54,0.09,-0.15,0.39,0.91,0.81,0.09,0.15,0.6,0.16
2,0.06,0.09,3.86,9.21,0.53,-0.08,10.54,0.09,-0.15,0.39,0.91,0.81,0.09,0.15,0.6,0.16
2,0.06,0.09,3.86,9.21,0.53,-0.08,10.54,0.09,-0.15,0.39,0.91,0.81,0.09,0.15,0.6,0.16
2,0.06,0.09,3.86,9.21,0.53,-0.08,10.54,0.09,-0.15,0.39,0.91,0.81,0.09,0.15,0.6,0.16
2,0.06,0.09,3.86,9.21,0.53,-0.08,10.54,0.09,-0.15,0.39,0.91,0.81,0.09,0.15,0.6,0.16
2,0.06,0.09,3.86,9.21,0.53,-0.08,10.54,0.09,-0.15,0.39,0.91,0.81,0.09,0.15,0.6,0.16
2,0.06,0.09,3.86,9.21,0.53,-0.08,10.54,0.09,-0.15,0.39,0.91,0.81,0.09,0.15,0.6,0.16
2,0.06,0.09,3.86,9.21,0.53,-0.08,10.54,0.09,-0.15,0.39,0.91,0.81,0.09,0.15,0.6,0.16
2,0.06,0.09,3.86,9.21,0.53,-0.08,10.54,0.09,-0.15,0.39,0.91,0.81,0.09,0.15,0.6,0.16
2,0.08,0.13,4.13,3.75,0.37,-0.24,9.84,0.08,0.56,0.41,0.97,0.8,0.05,0.06,0.61,0.16
2,0.08,0.13,4.13,3.75,0.37,-0.24,9.84,0.08,0.56,0.41,0.97,0.8,0.05,0.06,0.61,0.16
2,0.08,0.13,4.13,3.75,0.37,-0.24,9.84,0.08,0.56,0.41,0.97,0.8,0.05,0.06,0.61,0.16
2,0.08,0.13,4.13,3.75,0.37,-0.24,9.84,0.08,0.56,0.41,0.97,0.8,0.05,0.06,0.61,0.16
2,0.08,0.13,4.13,3.75,0.37,-0.24,9.84,0.08,0.56,0.41,0.97,0.8,0.05,0.06,0.61,0.16
2,0.08,0.13,4.13,3.75,0.37,-0.24,9.84,0.08,0.56,0.41,0.97,0.8,0.05,0.06,0.61,0.16
2,0.08,0.13,4.13,3.75,0.37,-0.24,9.84,0.08,0.56,0.41,0.97,0.8,0.05,0.06,0.61,0.16
2,0.08,0.13,4.13,3.75,0.37,-0.24,9.84,0.08,0.56,0.41,0.97,0.8,0.05,0.06,0.61,0.16
2,0.08,0.13,4.13,3.75,0.37,-0.24,9.84,0.08,0.56,0.41,0.97,0.8,0.05,0.06,0.61,0.16
2,0.08,0.13,4.13,3.75,0.37,-0.24,9.84,0.08,0.56,0.41,0.97,0.8,0.05,0.06,0.61,0.16
2,0.08,0.13,4.13,3.75,0.37,-0.24,9.84,0.08,0.56,0.41,0.97,0.8,0.05,0.06,0.61,0.16
2,0.08,0.13,4.13,3.75,0.37,-0.24,9.84,0.08,0.56,0.41,0.97,0.8,0.05,0.06,0.61,0.16
2,0.12,0.13,3.84,1.15,0.4,-1.22,10.06,0.09,0.13,0.57,0.98,0.8,0.05,0.05,0.59,0.18
2,0.12,0.13,3.84,1.15,0.4,-1.22,10.06,0.09,0.13,0.57,0.98,0.8,0.05,0.05,0.59,0.18
2,0.12,0.13,3.84,1.15,0.4,-1.22,10.06,0.09,0.13,0.57,0.98,0.8,0.05,0.05,0.59,0.18
2,0.12,0.13,3.84,1.15,0.4,-1.22,10.06,0.09,0.13,0.57,0.98,0.8,0.05,0.05,0.59,0.18
2,0.12,0.13,3.84,1.15,0.4,-1.22,10.06,0.09,0.13,0.57,0.98,0.8,0.05,0.05,0.59,0.18
2,0.12,0.13,3.84,1.15,0.4,-1.22,10.06,0.09,0.13,0.57,0.98,0.8,0.05,0.05,0.59,0.18
2,0.12,0.13,3.84,1.15,0.4,-1.22,10.06,0.09,0.13,0.57,0.98,0.8,0.05,0.05,0.59,0.18
2,0.12,0.13,3.84,1.15,0.4,-1.22,10.06,0.09,0.13,0.57,0.98,0.8,0.05,0.05,0.59,0.18
2,0.12,0.13,3.84,1.15,0.4,-1.22,10.06,0.09,0.13,0.57,0.98,0.8,0.05,0.05,0.59,0.18
2,0.12,0.13,3.84,1.15,0.4,-1.22,10.06,0.09,0.13,0.57,0.98,0.8,0.05,0.05,0.59,0.18
2,0.12,0.13,3.84,1.15,0.4,-1.22,10.06,0.09,0.13,0.57,0.98,0.8,0.05,0.05,0.59,0.18
2,0.12,0.13,3.84,1.15,0.4,-1.22,10.06,0.09,0.13,0.57,0.98,0.8,0.05,0.05,0.59,0.18
2,0.16,0.21,4.01,15.67,0.29,0.94,10.55,0.12,-0.41,0.56,0.97,0.73,0.16,0.05,0.6,0.19
2,0.16,0.21,4.01,15.67,0.29,0.94,10.55,0.12,-0.41,0.56,0.97,0.73,0.16,0.05,0.6,0.19
2,0.16,0.21,4.01,15.67,0.29,0.94,10.55,0.12,-0.41,0.56,0.97,0.73,0.16,0.05,0.6,0.19
2,0.16,0.21,4.01,15.67,0.29,0.94,10.55,0.12,-0.41,0.56,0.97,0.73,0.16,0.05,0.6,0.19
2,0.16,0.21,4.01,15.67,0.29,0.94,10.55,0.12,-0.41,0.56,0.97,0.73,0.16,0.05,0.6,0.19
2,0.16,0.21,4.01,15.67,0.29,0.94,10.55,0.12,-0.41,0.56,0.97,0.73,0.16,0.05,0.6,0.19
2,0.16,0.21,4.01,15.67,0.29,0.94,10.55,0.12,-0.41,0.56,0.97,0.73,0.16,0.05,0.6,0.19
2,0.16,0.21,4.01,15.67,0.29,0.94,10.55,0.12,-0.41,0.56,0.97,0.73,0.16,0.05,0.6,0.19
2,0.16,0.21,4.01,15.67,0.29,0.94,10.55,0.12,-0.41,0.56,0.97,0.73,0.16,0.05,0.6,0.19
2,0.16,0.21,4.01,15.67,0.29,0.94,10.55,0.12,-0.41,0.56,0.97,0.73,0.16,0.05,0.6,0.19
2,0.16,0.21,4.01,15.67,0.29,0.94,10.55,0.12,-0.41,0.56,0.97,0.73,0.16,0.05,0.6,0.19
2,0.16,0.21,4.01,15.67,0.29,0.94,10.55,0.12,-0.41,0.56,0.97,0.73,0.16,0.05,0.6,0.19
2,0.11,0.12,3.85,2.36,0.24,0.89,10.5,0.15,1.05,0.37,0.96,0.67,0.09,0.09,0.42,0.19
2,0.11,0.12,3.85,2.36,0.24,0.89,10.5,0.15,1.05,0.37,0.96,0.67,0.09,0.09,0.42,0.19
2,0.11,0.12,3.85,2.36,0.24,0.89,10.5,0.15,1.05,0.37,0.96,0.67,0.09,0.09,0.42,0.19
2,0.11,0.12,3.85,2.36,0.24,0.89,10.5,0.15,1.05,0.37,0.96,0.67,0.09,0.09,0.42,0.19
2,0.11,0.12,3.85,2.36,0.24,0.89,10.5,0.15,1.05,0.37,0.96,0.67,0.09,0.09,0.42,0.19
2,0.11,0.12,3.85,2.36,0.24,0.89,10.5,0.15,1.05,0.37,0.96,0.67,0.09,0.09,0.42,0.19
2,0.11,0.12,3.85,2.36,0.24,0.89,10.5,0.15,1.05,0.37,0.96,0.67,0.09,0.09,0.42,0.19
2,0.11,0.12,3.85,2.36,0.24,0.89,10.5,0.15,1.05,0.37,0.96,0.67,0.09,0.09,0.42,0.19
2,0.11,0.12,3.85,2.36,0.24,0.89,10.5,0.15,1.05,0.37,0.96,0.67,0.09,0.09,0.42,0.19
2,0.11,0.12,3.85,2.36,0.24,0.89,10.5,0.15,1.05,0.37,0.96,0.67,0.09,0.09,0.42,0.19
2,0.11,0.12,3.85,2.36,0.24,0.89,10.5,0.15,1.05,0.37,0.96,0.67,0.09,0.09,0.42,0.19
2,0.11,0.12,3.85,2.36,0.24,0.89,10.5,0.15,1.05,0.37,0.96,0.67,0.09,0.09,0.42,0.19
2,0.13,0.2,3.81,1.78,0.42,0.74,10.78,0.16,0.38,0.43,0.97,0.72,0.2,0.06,0.52,0.23
2,0.13,0.2,3.81,1.78,0.42,0.74,10.78,0.16,0.38,0.43,0.97,0.72,0.2,0.06,0.52,0.23
2,0.13,0.2,3.81,1.78,0.42,0.74,10.78,0.16,0.38,0.43,0.97,0.72,0.2,0.06,0.52,0.23
2,0.13,0.2,3.81,1.78,0.42,0.74,10.78,0.16,0.38,0.43,0.97,0.72,0.2,0.06,0.52,0.23
2,0.13,0.2,3.81,1.78,0.42,0.74,10.78,0.16,0.38,0.43,0.97,0.72,0.2,0.06,0.52,0.23
2,0.13,0.2,3.81,1.78,0.42,0.74,10.78,0.16,0.38,0.43,0.97,0.72,0.2,0.06,0.52,0.23
2,0.13,0.2,3.81,1.78,0.42,0.74,10.78,0.16,0.38,0.43,0.97,0.72,0.2,0.06,0.52,0.23
2,0.13,0.2,3.81,1.78,0.42,0.74,10.78,0.16,0.38,0.43,0.97,0.72,0.2,0.06,0.52,0.23
2,0.13,0.2,3.81,1.78,0.42,0.74,10.78,0.16,0.38,0.43,0.97,0.72,0.2,0.06,0.52,0.23
2,0.13,0.2,3.81,1.78,0.42,0.74,10.78,0.16,0.38,0.43,0.97,0.72,0.2,0.06,0.52,0.23
2,0.13,0.2,3.81,1.78,0.42,0.74,10.78,0.16,0.38,0.43,0.97,0.72,0.2,0.06,0.52,0.23
2,0.13,0.2,3.81,1.78,0.42,0.74,10.78,0.16,0.38,0.43,0.97,0.72,0.2,0.06,0.52,0.23
2,0.06,0.13,3.88,3.16,0.67,-0.04,10.3,0.09,-1.45,0.75,0.96,0.81,0.1,0.1,0.5,0.17
2,0.06,0.13,3.88,3.16,0.67,-0.04,10.3,0.09,-1.45,0.75,0.96,0.81,0.1,0.1,0.5,0.17
2,0.06,0.13,3.88,3.16,0.67,-0.04,10.3,0.09,-1.45,0.75,0.96,0.81,0.1,0.1,0.5,0.17
2,0.06,0.13,3.88,3.16,0.67,-0.04,10.3,0.09,-1.45,0.75,0.96,0.81,0.1,0.1,0.5,0.17
2,0.06,0.13,3.88,3.16,0.67,-0.04,10.3,0.09,-1.45,0.75,0.96,0.81,0.1,0.1,0.5,0.17
2,0.06,0.13,3.88,3.16,0.67,-0.04,10.3,0.09,-1.45,0.75,0.96,0.81,0.1,0.1,0.5,0.17
2,0.06,0.13,3.88,3.16,0.67,-0.04,10.3,0.09,-1.45,0.75,0.96,0.81,0.1,0.1,0.5,0.17
2,0.06,0.13,3.88,3.16,0.67,-0.04,10.3,0.09,-1.45,0.75,0.96,0.81,0.1,0.1,0.5,0.17
2,0.06,0.13,3.88,3.16,0.67,-0.04,10.3,0.09,-1.45,0.75,0.96,0.81,0.1,0.1,0.5,0.17
2,0.06,0.13,3.88,3.16,0.67,-0.04,10.3,0.09,-1.45,0.75,0.96,0.81,0.1,0.1,0.5,0.17
2,0.06,0.13,3.88,3.16,0.67,-0.04,10.3,0.09,-1.45,0.75,0.96,0.81,0.1,0.1,0.5,0.17
2,0.06,0.13,3.88,3.16,0.67,-0.04,10.3,0.09,-1.45,0.75,0.96,0.81,0.1,0.1,0.5,0.17
2,0.09,0.11,3.69,19.72,0.52,-2.36,10.7,0.07,-1.28,0.59,0.92,0.58,0.1,0.19,0.42,0.15
2,0.09,0.11,3.69,19.72,0.52,-2.36,10.7,0.07,-1.28,0.59,0.92,0.58,0.1,0.19,0.42,0.15
2,0.09,0.11,3.69,19.72,0.52,-2.36,10.7,0.07,-1.28,0.59,0.92,0.58,0.1,0.19,0.42,0.15
2,0.09,0.11,3.69,19.72,0.52,-2.36,10.7,0.07,-1.28,0.59,0.92,0.58,0.1,0.19,0.42,0.15
2,0.09,0.11,3.69,19.72,0.52,-2.36,10.7,0.07,-1.28,0.59,0.92,0.58,0.1,0.19,0.42,0.15
2,0.09,0.11,3.69,19.72,0.52,-2.36,10.7,0.07,-1.28,0.59,0.92,0.58,0.1,0.19,0.42,0.15
2,0.09,0.11,3.69,19.72,0.52,-2.36,10.7,0.07,-1.28,0.59,0.92,0.58,0.1,0.19,0.42,0.15
2,0.09,0.11,3.69,19.72,0.52,-2.36,10.7,0.07,-1.28,0.59,0.92,0.58,0.1,0.19,0.42,0.15
2,0.09,0.11,3.69,19.72,0.52,-2.36,10.7,0.07,-1.28,0.59,0.92,0.58,0.1,0.19,0.42,0.15
2,0.09,0.11,3.69,19.72,0.52,-2.36,10.7,0.07,-1.28,0.59,0.92,0.58,0.1,0.19,0.42,0.15
2,0.09,0.11,3.69,19.72,0.52,-2.36,10.7,0.07,-1.28,0.59,0.92,0.58,0.1,0.19,0.42,0.15
2,0.09,0.11,3.69,19.72,0.52,-2.36,10.7,0.07,-1.28,0.59,0.92,0.58,0.1,0.19,0.42,0.15
2,0.13,0.13,3.79,3.69,0.45,0.36,10.61,0.13,-0.16,0.61,0.94,0.54,0.17,0.17,0.58,0.17
2,0.13,0.13,3.79,3.69,0.45,0.36,10.61,0.13,-0.16,0.61,0.94,0.54,0.17,0.17,0.58,0.17
2,0.13,0.13,3.79,3.69,0.45,0.36,10.61,0.13,-0.16,0.61,0.94,0.54,0.17,0.17,0.58,0.17
2,0.13,0.13,3.79,3.69,0.45,0.36,10.61,0.13,-0.16,0.61,0.94,0.54,0.17,0.17,0.58,0.17
2,0.13,0.13,3.79,3.69,0.45,0.36,10.61,0.13,-0.16,0.61,0.94,0.54,0.17,0.17,0.58,0.17
2,0.13,0.13,3.79,3.69,0.45,0.36,10.61,0.13,-0.16,0.61,0.94,0.54,0.17,0.17,0.58,0.17
2,0.13,0.13,3.79,3.69,0.45,0.36,10.61,0.13,-0.16,0.61,0.94,0.54,0.17,0.17,0.58,0.17
2,0.13,0.13,3.79,3.69,0.45,0.36,10.61,0.13,-0.16,0.61,0.94,0.54,0.17,0.17,0.58,0.17
2,0.13,0.13,3.79,3.69,0.45,0.36,10.61,0.13,-0.16,0.61,0.94,0.54,0.17,0.17,0.58,0.17
2,0.13,0.13,3.79,3.69,0.45,0.36,10.61,0.13,-0.16,0.61,0.94,0.54,0.17,0.17,0.58,0.17
2,0.13,0.13,3.79,3.69,0.45,0.36,10.61,0.13,-0.16,0.61,0.94,0.54,0.17,0.17,0.58,0.17
2,0.13,0.13,3.79,3.69,0.45,0.36,10.61,0.13,-0.16,0.61,0.94,0.54,0.17,0.17,0.58,0.17
2,0.09,0.15,3.73,1.1,0.53,-0.76,10.72,0.14,0.71,0.57,0.95,0.6,0.09,0.13,0.37,0.21
2,0.09,0.15,3.73,1.1,0.53,-0.76,10.72,0.14,0.71,0.57,0.95,0.6,0.09,0.13,0.37,0.21
2,0.09,0.15,3.73,1.1,0.53,-0.76,10.72,0.14,0.71,0.57,0.95,0.6,0.09,0.13,0.37,0.21
2,0.09,0.15,3.73,1.1,0.53,-0.76,10.72,0.14,0.71,0.57,0.95,0.6,0.09,0.13,0.37,0.21
2,0.09,0.15,3.73,1.1,0.53,-0.76,10.72,0.14,0.71,0.57,0.95,0.6,0.09,0.13,0.37,0.21
2,0.09,0.15,3.73,1.1,0.53,-0.76,10.72,0.14,0.71,0.57,0.95,0.6,0.09,0.13,0.37,0.21
2,0.09,0.15,3.73,1.1,0.53,-0.76,10.72,0.14,0.71,0.57,0.95,0.6,0.09,0.13,0.37,0.21
2,0.09,0.15,3.73,1.1,0.53,-0.76,10.72,0.14,0.71,0.57,0.95,0.6,0.09,0.13,0.37,0.21
2,0.09,0.15,3.73,1.1,0.53,-0.76,10.72,0.14,0.71,0.57,0.95,0.6,0.09,0.13,0.37,0.21
2,0.09,0.15,3.73,1.1,0.53,-0.76,10.72,0.14,0.71,0.57,0.95,0.6,0.09,0.13,0.37,0.21
2,0.09,0.15,3.73,1.1,0.53,-0.76,10.72,0.14,0.71,0.57,0.95,0.6,0.09,0.13,0.37,0.21
2,0.09,0.15,3.73,1.1,0.53,-0.76,10.72,0.14,0.71,0.57,0.95,0.6,0.09,0.13,0.37,0.21
2,0.14,0.18,4.23,8.92,0.71,-4.03,10.29,0.1,1.06,0.45,0.92,0.73,0.07,0.27,0.38,0.21
2,0.14,0.18,4.23,8.92,0.71,-4.03,10.29,0.1,1.06,0.45,0.92,0.73,0.07,0.27,0.38,0.21
2,0.14,0.18,4.23,8.92,0.71,-4.03,10.29,0.1,1.06,0.45,0.92,0.73,0.07,0.27,0.38,0.21
2,0.14,0.18,4.23,8.92,0.71,-4.03,10.29,0.1,1.06,0.45,0.92,0.73,0.07,0.27,0.38,0.21
2,0.14,0.18,4.23,8.92,0.71,-4.03,10.29,0.1,1.06,0.45,0.92,0.73,0.07,0.27,0.38,0.21
2,0.14,0.18,4.23,8.92,0.71,-4.03,10.29,0.1,1.06,0.45,0.92,0.73,0.07,0.27,0.38,0.21
2,0.14,0.18,4.23,8.92,0.71,-4.03,10.29,0.1,1.06,0.45,0.92,0.73,0.07,0.27,0.38,0.21
2,0.14,0.18,4.23,8.92,0.71,-4.03,10.29,0.1,1.06,0.45,0.92,0.73,0.07,0.27,0.38,0.21
2,0.14,0.18,4.23,8.92,0.71,-4.03,10.29,0.1,1.06,0.45,0.92,0.73,0.07,0.27,0.38,0.21
2,0.14,0.18,4.23,8.92,0.71,-4.03,10.29,0.1,1.06,0.45,0.92,0.73,0.07,0.27,0.38,0.21
2,0.14,0.18,4.23,8.92,0.71,-4.03,10.29,0.1,1.06,0.45,0.92,0.73,0.07,0.27,0.38,0.21
2,0.14,0.18,4.23,8.92,0.71,-4.03,10.29,0.1,1.06,0.45,0.92,0.73,0.07,0.27,0.38,0.21
2,0.11,0.14,4.01,0.72,0.51,-1.04,10.24,0.17,2.03,0.3,0.98,0.71,0.08,0.07,0.3,0.3
2,0.11,0.14,4.01,0.72,0.51,-1.04,10.24,0.17,2.03,0.3,0.98,0.71,0.08,0.07,0.3,0.3
2,0.11,0.14,4.01,0.72,0.51,-1.04,10.24,0.17,2.03,0.3,0.98,0.71,0.08,0.07,0.3,0.3
2,0.11,0.14,4.01,0.72,0.51,-1.04,10.24,0.17,2.03,0.3,0.98,0.71,0.08,0.07,0.3,0.3
2,0.11,0.14,4.01,0.72,0.51,-1.04,10.24,0.17,2.03,0.3,0.98,0.71,0.08,0.07,0.3,0.3
2,0.11,0.14,4.01,0.72,0.51,-1.04,10.24,0.17,2.03,0.3,0.98,0.71,0.08,0.07,0.3,0.3
2,0.11,0.14,4.01,0.72,0.51,-1.04,10.24,0.17,2.03,0.3,0.98,0.71,0.08,0.07,0.3,0.3
2,0.11,0.14,4.01,0.72,0.51,-1.04,10.24,0.17,2.03,0.3,0.98,0.71,0.08,0.07,0.3,0.3
2,0.11,0.14,4.01,0.72,0.51,-1.04,10.24,0.17,2.03,0.3,0.98,0.71,0.08,0.07,0.3,0.3
2,0.11,0.14,4.01,0.72,0.51,-1.04,10.24,0.17,2.03,0.3,0.98,0.71,0.08,0.07,0.3,0.3
2,0.11,0.14,4.01,0.72,0.51,-1.04,10.24,0.17,2.03,0.3,0.98,0.71,0.08,0.07,0.3,0.3
2,0.11,0.14,4.01,0.72,0.51,-1.04,10.24,0.17,2.03,0.3,0.98,0.71,0.08,0.07,0.3,0.3
2,0.08,0.11,3.97,1.19,0.19,-0.3,10.37,0.08,-0.29,0.41,0.97,0.46,0.11,0.06,0.34,0.18
2,0.08,0.11,3.97,1.19,0.19,-0.3,10.37,0.08,-0.29,0.41,0.97,0.46,0.11,0.06,0.34,0.18
2,0.08,0.11,3.97,1.19,0.19,-0.3,10.37,0.08,-0.29,0.41,0.97,0.46,0.11,0.06,0.34,0.18
2,0.08,0.11,3.97,1.19,0.19,-0.3,10.37,0.08,-0.29,0.41,0.97,0.46,0.11,0.06,0.34,0.18
2,0.08,0.11,3.97,1.19,0.19,-0.3,10.37,0.08,-0.29,0.41,0.97,0.46,0.11,0.06,0.34,0.18
2,0.08,0.11,3.97,1.19,0.19,-0.3,10.37,0.08,-0.29,0.41,0.97,0.46,0.11,0.06,0.34,0.18
2,0.08,0.11,3.97,1.19,0.19,-0.3,10.37,0.08,-0.29,0.41,0.97,0.46,0.11,0.06,0.34,0.18
2,0.08,0.11,3.97,1.19,0.19,-0.3,10.37,0.08,-0.29,0.41,0.97,0.46,0.11,0.06,0.34,0.18
2,0.08,0.11,3.97,1.19,0.19,-0.3,10.37,0.08,-0.29,0.41,0.97,0.46,0.11,0.06,0.34,0.18
2,0.08,0.11,3.97,1.19,0.19,-0.3,10.37,0.08,-0.29,0.41,0.97,0.46,0.11,0.06,0.34,0.18
2,0.08,0.11,3.97,1.19,0.19,-0.3,10.37,0.08,-0.29,0.41,0.97,0.46,0.11,0.06,0.34,0.18
2,0.08,0.11,3.97,1.19,0.19,-0.3,10.37,0.08,-0.29,0.41,0.97,0.46,0.11,0.06,0.34,0.18
2,0.14,0.14,3.89,5.45,0.38,1.55,10.54,0.11,-0.09,0.46,0.96,0.83,0.15,0.07,0.61,0.22
2,0.14,0.14,3.89,5.45,0.38,1.55,10.54,0.11,-0.09,0.46,0.96,0.83,0.15,0.07,0.61,0.22
2,0.14,0.14,3.89,5.45,0.38,1.55,10.54,0.11,-0.09,0.46,0.96,0.83,0.15,0.07,0.61,0.22
2,0.14,0.14,3.89,5.45,0.38,1.55,10.54,0.11,-0.09,0.46,0.96,0.83,0.15,0.07,0.61,0.22
2,0.14,0.14,3.89,5.45,0.38,1.55,10.54,0.11,-0.09,0.46,0.96,0.83,0.15,0.07,0.61,0.22
2,0.14,0.14,3.89,5.45,0.38,1.55,10.54,0.11,-0.09,0.46,0.96,0.83,0.15,0.07,0.61,0.22
2,0.14,0.14,3.89,5.45,0.38,1.55,10.54,0.11,-0.09,0.46,0.96,0.83,0.15,0.07,0.61,0.22
2,0.14,0.14,3.89,5.45,0.38,1.55,10.54,0.11,-0.09,0.46,0.96,0.83,0.15,0.07,0.61,0.22
2,0.14,0.14,3.89,5.45,0.38,1.55,10.54,0.11,-0.09,0.46,0.96,0.83,0.15,0.07,0.61,0.22
2,0.14,0.14,3.89,5.45,0.38,1.55,10.54,0.11,-0.09,0.46,0.96,0.83,0.15,0.07,0.61,0.22
2,0.14,0.14,3.89,5.45,0.38,1.55,10.54,0.11,-0.09,0.46,0.96,0.83,0.15,0.07,0.61,0.22
2,0.14,0.14,3.89,5.45,0.38,1.55,10.54,0.11,-0.09,0.46,0.96,0.83,0.15,0.07,0.61,0.22
3,0.15,0.14,3.85,8.75,0.52,-0.48,10.45,0.09,-0.66,0.55,0.94,0.73,0.11,0.22,0.52,0.22
3,0.15,0.14,3.85,8.75,0.52,-0.48,10.45,0.09,-0.66,0.55,0.94,0.73,0.11,0.22,0.52,0.22
3,0.15,0.14,3.85,8.75,0.52,-0.48,10.45,0.09,-0.66,0.55,0.94,0.73,0.11,0.22,0.52,0.22
3,0.15,0.14,3.85,8.75,0.52,-0.48,10.45,0.09,-0.66,0.55,0.94,0.73,0.11,0.22,0.52,0.22
3,0.15,0.14,3.85,8.75,0.52,-0.48,10.45,0.09,-0.66,0.55,0.94,0.73,0.11,0.22,0.52,0.22
3,0.15,0.14,3.85,8.75,0.52,-0.48,10.45,0.09,-0.66,0.55,0.94,0.73,0.11,0.22,0.52,0.22
3,0.15,0.14,3.85,8.75,0.52,-0.48,10.45,0.09,-0.66,0.55,0.94,0.73,0.11,0.22,0.52,0.22
3,0.15,0.14,3.85,8.75,0.52,-0.48,10.45,0.09,-0.66,0.55,0.94,0.73,0.11,0.22,0.52,0.22
3,0.15,0.14,3.85,8.75,0.52,-0.48,10.45,0.09,-0.66,0.55,0.94,0.73,0.11,0.22,0.52,0.22
3,0.15,0.14,3.85,8.75,0.52,-0.48,10.45,0.09,-0.66,0.55,0.94,0.73,0.11,0.22,0.52,0.22
3,0.15,0.14,3.85,8.75,0.52,-0.48,10.45,0.09,-0.66,0.55,0.94,0.73,0.11,0.22,0.52,0.22
3,0.15,0.14,3.85,8.75,0.52,-0.48,10.45,0.09,-0.66,0.55,0.94,0.73,0.11,0.22,0.52,0.22
3,0.16,0.11,4.63,3.38,0.39,0.01,8.05,0.15,0.54,0.41,0.97,0.67,0.2,0.16,0.4,0.36
3,0.16,0.11,4.63,3.38,0.39,0.01,8.05,0.15,0.54,0.41,0.97,0.67,0.2,0.16,0.4,0.36
3,0.16,0.11,4.63,3.38,0.39,0.01,8.05,0.15,0.54,0.41,0.97,0.67,0.2,0.16,0.4,0.36
3,0.16,0.11,4.63,3.38,0.39,0.01,8.05,0.15,0.54,0.41,0.97,0.67,0.2,0.16,0.4,0.36
3,0.16,0.11,4.63,3.38,0.39,0.01,8.05,0.15,0.54,0.41,0.97,0.67,0.2,0.16,0.4,0.36
3,0.16,0.11,4.63,3.38,0.39,0.01,8.05,0.15,0.54,0.41,0.97,0.67,0.2,0.16,0.4,0.36
3,0.16,0.11,4.63,3.38,0.39,0.01,8.05,0.15,0.54,0.41,0.97,0.67,0.2,0.16,0.4,0.36
3,0.16,0.11,4.63,3.38,0.39,0.01,8.05,0.15,0.54,0.41,0.97,0.67,0.2,0.16,0.4,0.36
3,0.16,0.11,4.63,3.38,0.39,0.01,8.05,0.15,0.54,0.41,0.97,0.67,0.2,0.16,0.4,0.36
3,0.16,0.11,4.63,3.38,0.39,0.01,8.05,0.15,0.54,0.41,0.97,0.67,0.2,0.16,0.4,0.36
3,0.16,0.11,4.63,3.38,0.39,0.01,8.05,0.15,0.54,0.41,0.97,0.67,0.2,0.16,0.4,0.36
3,0.16,0.11,4.63,3.38,0.39,0.01,8.05,0.15,0.54,0.41,0.97,0.67,0.2,0.16,0.4,0.36
3,0.14,0.11,3.36,13.62,0.34,1.49,10.42,0.15,0.76,0.47,0.95,0.6,0.15,0.14,0.44,0.25
3,0.14,0.11,3.36,13.62,0.34,1.49,10.42,0.15,0.76,0.47,0.95,0.6,0.15,0.14,0.44,0.25
3,0.14,0.11,3.36,13.62,0.34,1.49,10.42,0.15,0.76,0.47,0.95,0.6,0.15,0.14,0.44,0.25
3,0.14,0.11,3.36,13.62,0.34,1.49,10.42,0.15,0.76,0.47,0.95,0.6,0.15,0.14,0.44,0.25
3,0.14,0.11,3.36,13.62,0.34,1.49,10.42,0.15,0.76,0.47,0.95,0.6,0.15,0.14,0.44,0.25
3,0.14,0.11,3.36,13.62,0.34,1.49,10.42,0.15,0.76,0.47,0.95,0.6,0.15,0.14,0.44,0.25
3,0.14,0.11,3.36,13.62,0.34,1.49,10.42,0.15,0.76,0.47,0.95,0.6,0.15,0.14,0.44,0.25
3,0.14,0.11,3.36,13.62,0.34,1.49,10.42,0.15,0.76,0.47,0.95,0.6,0.15,0.14,0.44,0.25
3,0.14,0.11,3.36,13.62,0.34,1.49,10.42,0.15,0.76,0.47,0.95,0.6,0.15,0.14,0.44,0.25
3,0.14,0.11,3.36,13.62,0.34,1.49,10.42,0.15,0.76,0.47,0.95,0.6,0.15,0.14,0.44,0.25
3,0.14,0.11,3.36,13.62,0.34,1.49,10.42,0.15,0.76,0.47,0.95,0.6,0.15,0.14,0.44,0.25
3,0.14,0.11,3.36,13.62,0.34,1.49,10.42,0.15,0.76,0.47,0.95,0.6,0.15,0.14,0.44,0.25
3,0.18,0.14,3.91,37.1,0.56,-0.75,10.28,0.17,-0.7,0.64,0.93,0.88,0.17,0.16,0.44,0.16
3,0.18,0.14,3.91,37.1,0.56,-0.75,10.28,0.17,-0.7,0.64,0.93,0.88,0.17,0.16,0.44,0.16
3,0.18,0.14,3.91,37.1,0.56,-0.75,10.28,0.17,-0.7,0.64,0.93,0.88,0.17,0.16,0.44,0.16
3,0.18,0.14,3.91,37.1,0.56,-0.75,10.28,0.17,-0.7,0.64,0.93,0.88,0.17,0.16,0.44,0.16
3,0.18,0.14,3.91,37.1,0.56,-0.75,10.28,0.17,-0.7,0.64,0.93,0.88,0.17,0.16,0.44,0.16
3,0.18,0.14,3.91,37.1,0.56,-0.75,10.28,0.17,-0.7,0.64,0.93,0.88,0.17,0.16,0.44,0.16
3,0.18,0.14,3.91,37.1,0.56,-0.75,10.28,0.17,-0.7,0.64,0.93,0.88,0.17,0.16,0.44,0.16
3,0.18,0.14,3.91,37.1,0.56,-0.75,10.28,0.17,-0.7,0.64,0.93,0.88,0.17,0.16,0.44,0.16
3,0.18,0.14,3.91,37.1,0.56,-0.75,10.28,0.17,-0.7,0.64,0.93,0.88,0.17,0.16,0.44,0.16
3,0.18,0.14,3.91,37.1,0.56,-0.75,10.28,0.17,-0.7,0.64,0.93,0.88,0.17,0.16,0.44,0.16
3,0.18,0.14,3.91,37.1,0.56,-0.75,10.28,0.17,-0.7,0.64,0.93,0.88,0.17,0.16,0.44,0.16
3,0.18,0.14,3.91,37.1,0.56,-0.75,10.28,0.17,-0.7,0.64,0.93,0.88,0.17,0.16,0.44,0.16
3,0.14,0.13,3.82,2.83,0.28,0.07,8.7,0.1,0.59,0.43,0.89,0.72,0.19,0.5,0.51,0.31
3,0.14,0.13,3.82,2.83,0.28,0.07,8.7,0.1,0.59,0.43,0.89,0.72,0.19,0.5,0.51,0.31
3,0.14,0.13,3.82,2.83,0.28,0.07,8.7,0.1,0.59,0.43,0.89,0.72,0.19,0.5,0.51,0.31
3,0.14,0.13,3.82,2.83,0.28,0.07,8.7,0.1,0.59,0.43,0.89,0.72,0.19,0.5,0.51,0.31
3,0.14,0.13,3.82,2.83,0.28,0.07,8.7,0.1,0.59,0.43,0.89,0.72,0.19,0.5,0.51,0.31
3,0.14,0.13,3.82,2.83,0.28,0.07,8.7,0.1,0.59,0.43,0.89,0.72,0.19,0.5,0.51,0.31
3,0.14,0.13,3.82,2.83,0.28,0.07,8.7,0.1,0.59,0.43,0.89,0.72,0.19,0.5,0.51,0.31
3,0.14,0.13,3.82,2.83,0.28,0.07,8.7,0.1,0.59,0.43,0.89,0.72,0.19,0.5,0.51,0.31
3,0.14,0.13,3.82,2.83,0.28,0.07,8.7,0.1,0.59,0.43,0.89,0.72,0.19,0.5,0.51,0.31
3,0.14,0.13,3.82,2.83,0.28,0.07,8.7,0.1,0.59,0.43,0.89,0.72,0.19,0.5,0.51,0.31
3,0.14,0.13,3.82,2.83,0.28,0.07,8.7,0.1,0.59,0.43,0.89,0.72,0.19,0.5,0.51,0.31
3,0.14,0.13,3.82,2.83,0.28,0.07,8.7,0.1,0.59,0.43,0.89,0.72,0.19,0.5,0.51,0.31
3,0.12,0.1,3.91,20.71,0.53,-1.25,10.35,0.13,-0.37,0.58,0.94,0.68,0.13,0.23,0.5,0.23
3,0.12,0.1,3.91,20.71,0.53,-1.25,10.35,0.13,-0.37,0.58,0.94,0.68,0.13,0.23,0.5,0.23
3,0.12,0.1,3.91,20.71,0.53,-1.25,10.35,0.13,-0.37,0.58,0.94,0.68,0.13,0.23,0.5,0.23
3,0.12,0.1,3.91,20.71,0.53,-1.25,10.35,0.13,-0.37,0.58,0.94,0.68,0.13,0.23,0.5,0.23
3,0.12,0.1,3.91,20.71,0.53,-1.25,10.35,0.13,-0.37,0.58,0.94,0.68,0.13,0.23,0.5,0.23
3,0.12,0.1,3.91,20.71,0.53,-1.25,10.35,0.13,-0.37,0.58,0.94,0.68,0.13,0.23,0.5,0.23
3,0.12,0.1,3.91,20.71,0.53,-1.25,10.35,0.13,-0.37,0.58,0.94,0.68,0.13,0.23,0.5,0.23
3,0.12,0.1,3.91,20.71,0.53,-1.25,10.35,0.13,-0.37,0.58,0.94,0.68,0.13,0.23,0.5,0.23
3,0.12,0.1,3.91,20.71,0.53,-1.25,10.35,0.13,-0.37,0.58,0.94,0.68,0.13,0.23,0.5,0.23
3,0.12,0.1,3.91,20.71,0.53,-1.25,10.35,0.13,-0.37,0.58,0.94,0.68,0.13,0.23,0.5,0.23
3,0.12,0.1,3.91,20.71,0.53,-1.25,10.35,0.13,-0.37,0.58,0.94,0.68,0.13,0.23,0.5,0.23
3,0.12,0.1,3.91,20.71,0.53,-1.25,10.35,0.13,-0.37,0.58,0.94,0.68,0.13,0.23,0.5,0.23
3,0.14,0.17,3.82,51.36,0.56,0.83,10.58,0.14,0.27,0.53,0.96,0.7,0.14,0.12,0.44,0.16
3,0.14,0.17,3.82,51.36,0.56,0.83,10.58,0.14,0.27,0.53,0.96,0.7,0.14,0.12,0.44,0.16
3,0.14,0.17,3.82,51.36,0.56,0.83,10.58,0.14,0.27,0.53,0.96,0.7,0.14,0.12,0.44,0.16
3,0.14,0.17,3.82,51.36,0.56,0.83,10.58,0.14,0.27,0.53,0.96,0.7,0.14,0.12,0.44,0.16
3,0.14,0.17,3.82,51.36,0.56,0.83,10.58,0.14,0.27,0.53,0.96,0.7,0.14,0.12,0.44,0.16
3,0.14,0.17,3.82,51.36,0.56,0.83,10.58,0.14,0.27,0.53,0.96,0.7,0.14,0.12,0.44,0.16
3,0.14,0.17,3.82,51.36,0.56,0.83,10.58,0.14,0.27,0.53,0.96,0.7,0.14,0.12,0.44,0.16
3,0.14,0.17,3.82,51.36,0.56,0.83,10.58,0.14,0.27,0.53,0.96,0.7,0.14,0.12,0.44,0.16
3,0.14,0.17,3.82,51.36,0.56,0.83,10.58,0.14,0.27,0.53,0.96,0.7,0.14,0.12,0.44,0.16
3,0.14,0.17,3.82,51.36,0.56,0.83,10.58,0.14,0.27,0.53,0.96,0.7,0.14,0.12,0.44,0.16
3,0.14,0.17,3.82,51.36,0.56,0.83,10.58,0.14,0.27,0.53,0.96,0.7,0.14,0.12,0.44,0.16
3,0.14,0.17,3.82,51.36,0.56,0.83,10.58,0.14,0.27,0.53,0.96,0.7,0.14,0.12,0.44,0.16
3,0.18,0.13,4.02,10.94,0.41,-0.24,8.84,0.15,-0.1,0.53,0.93,0.72,0.19,0.39,0.44,0.3
3,0.18,0.13,4.02,10.94,0.41,-0.24,8.84,0.15,-0.1,0.53,0.93,0.72,0.19,0.39,0.44,0.3
3,0.18,0.13,4.02,10.94,0.41,-0.24,8.84,0.15,-0.1,0.53,0.93,0.72,0.19,0.39,0.44,0.3
3,0.18,0.13,4.02,10.94,0.41,-0.24,8.84,0.15,-0.1,0.53,0.93,0.72,0.19,0.39,0.44,0.3
3,0.18,0.13,4.02,10.94,0.41,-0.24,8.84,0.15,-0.1,0.53,0.93,0.72,0.19,0.39,0.44,0.3
3,0.18,0.13,4.02,10.94,0.41,-0.24,8.84,0.15,-0.1,0.53,0.93,0.72,0.19,0.39,0.44,0.3
3,0.18,0.13,4.02,10.94,0.41,-0.24,8.84,0.15,-0.1,0.53,0.93,0.72,0.19,0.39,0.44,0.3
3,0.18,0.13,4.02,10.94,0.41,-0.24,8.84,0.15,-0.1,0.53,0.93,0.72,0.19,0.39,0.44,0.3
3,0.18,0.13,4.02,10.94,0.41,-0.24,8.84,0.15,-0.1,0.53,0.93,0.72,0.19,0.39,0.44,0.3
3,0.18,0.13,4.02,10.94,0.41,-0.24,8.84,0.15,-0.1,0.53,0.93,0.72,0.19,0.39,0.44,0.3
3,0.18,0.13,4.02,10.94,0.41,-0.24,8.84,0.15,-0.1,0.53,0.93,0.72,0.19,0.39,0.44,0.3
3,0.18,0.13,4.02,10.94,0.41,-0.24,8.84,0.15,-0.1,0.53,0.93,0.72,0.19,0.39,0.44,0.3
3,0.15,0.11,4.5,17.67,0.45,-0.27,9.28,0.19,-0.33,0.49,0.94,0.54,0.16,0.31,0.52,0.31
3,0.15,0.11,4.5,17.67,0.45,-0.27,9.28,0.19,-0.33,0.49,0.94,0.54,0.16,0.31,0.52,0.31
3,0.15,0.11,4.5,17.67,0.45,-0.27,9.28,0.19,-0.33,0.49,0.94,0.54,0.16,0.31,0.52,0.31
3,0.15,0.11,4.5,17.67,0.45,-0.27,9.28,0.19,-0.33,0.49,0.94,0.54,0.16,0.31,0.52,0.31
3,0.15,0.11,4.5,17.67,0.45,-0.27,9.28,0.19,-0.33,0.49,0.94,0.54,0.16,0.31,0.52,0.31
3,0.15,0.11,4.5,17.67,0.45,-0.27,9.28,0.19,-0.33,0.49,0.94,0.54,0.16,0.31,0.52,0.31
3,0.15,0.11,4.5,17.67,0.45,-0.27,9.28,0.19,-0.33,0.49,0.94,0.54,0.16,0.31,0.52,0.31
3,0.15,0.11,4.5,17.67,0.45,-0.27,9.28,0.19,-0.33,0.49,0.94,0.54,0.16,0.31,0.52,0.31
3,0.15,0.11,4.5,17.67,0.45,-0.27,9.28,0.19,-0.33,0.49,0.94,0.54,0.16,0.31,0.52,0.31
3,0.15,0.11,4.5,17.67,0.45,-0.27,9.28,0.19,-0.33,0.49,0.94,0.54,0.16,0.31,0.52,0.31
3,0.15,0.11,4.5,17.67,0.45,-0.27,9.28,0.19,-0.33,0.49,0.94,0.54,0.16,0.31,0.52,0.31
3,0.15,0.11,4.5,17.67,0.45,-0.27,9.28,0.19,-0.33,0.49,0.94,0.54,0.16,0.31,0.52,0.31
3,0.14,0.13,4.28,8.06,0.3,0.26,9.96,0.12,0.91,0.36,0.74,0.47,0.14,0.89,0.36,0.24
3,0.14,0.13,4.28,8.06,0.3,0.26,9.96,0.12,0.91,0.36,0.74,0.47,0.14,0.89,0.36,0.24
3,0.14,0.13,4.28,8.06,0.3,0.26,9.96,0.12,0.91,0.36,0.74,0.47,0.14,0.89,0.36,0.24
3,0.14,0.13,4.28,8.06,0.3,0.26,9.96,0.12,0.91,0.36,0.74,0.47,0.14,0.89,0.36,0.24
3,0.14,0.13,4.28,8.06,0.3,0.26,9.96,0.12,0.91,0.36,0.74,0.47,0.14,0.89,0.36,0.24
3,0.14,0.13,4.28,8.06,0.3,0.26,9.96,0.12,0.91,0.36,0.74,0.47,0.14,0.89,0.36,0.24
3,0.14,0.13,4.28,8.06,0.3,0.26,9.96,0.12,0.91,0.36,0.74,0.47,0.14,0.89,0.36,0.24
3,0.14,0.13,4.28,8.06,0.3,0.26,9.96,0.12,0.91,0.36,0.74,0.47,0.14,0.89,0.36,0.24
3,0.14,0.13,4.28,8.06,0.3,0.26,9.96,0.12,0.91,0.36,0.74,0.47,0.14,0.89,0.36,0.24
3,0.14,0.13,4.28,8.06,0.3,0.26,9.96,0.12,0.91,0.36,0.74,0.47,0.14,0.89,0.36,0.24
3,0.14,0.13,4.28,8.06,0.3,0.26,9.96,0.12,0.91,0.36,0.74,0.47,0.14,0.89,0.36,0.24
3,0.14,0.13,4.28,8.06,0.3,0.26,9.96,0.12,0.91,0.36,0.74,0.47,0.14,0.89,0.36,0.24
3,0.15,0.13,3.91,15.05,0.38,0.2,10.09,0.15,0.74,0.37,0.75,0.51,0.15,0.82,0.38,0.22
3,0.15,0.13,3.91,15.05,0.38,0.2,10.09,0.15,0.74,0.37,0.75,0.51,0.15,0.82,0.38,0.22
3,0.15,0.13,3.91,15.05,0.38,0.2,10.09,0.15,0.74,0.37,0.75,0.51,0.15,0.82,0.38,0.22
3,0.15,0.13,3.91,15.05,0.38,0.2,10.09,0.15,0.74,0.37,0.75,0.51,0.15,0.82,0.38,0.22
3,0.15,0.13,3.91,15.05,0.38,0.2,10.09,0.15,0.74,0.37,0.75,0.51,0.15,0.82,0.38,0.22
3,0.15,0.13,3.91,15.05,0.38,0.2,10.09,0.15,0.74,0.37,0.75,0.51,0.15,0.82,0.38,0.22
3,0.15,0.13,3.91,15.05,0.38,0.2,10.09,0.15,0.74,0.37,0.75,0.51,0.15,0.82,0.38,0.22
3,0.15,0.13,3.91,15.05,0.38,0.2,10.09,0.15,0.74,0.37,0.75,0.51,0.15,0.82,0.38,0.22
3,0.15,0.13,3.91,15.05,0.38,0.2,10.09,0.15,0.74,0.37,0.75,0.51,0.15,0.82,0.38,0.22
3,0.15,0.13,3.91,15.05,0.38,0.2,10.09,0.15,0.74,0.37,0.75,0.51,0.15,0.82,0.38,0.22
3,0.15,0.13,3.91,15.05,0.38,0.2,10.09,0.15,0.74,0.37,0.75,0.51,0.15,0.82,0.38,0.22
3,0.15,0.13,3.91,15.05,0.38,0.2,10.09,0.15,0.74,0.37,0.75,0.51,0.15,0.82,0.38,0.22
3,0.13,0.12,4.19,6.6,0.31,0.31,10.24,0.11,0.86,0.37,0.79,0.7,0.13,0.53,0.39,0.18
3,0.13,0.12,4.19,6.6,0.31,0.31,10.24,0.11,0.86,0.37,0.79,0.7,0.13,0.53,0.39,0.18
3,0.13,0.12,4.19,6.6,0.31,0.31,10.24,0.11,0.86,0.37,0.79,0.7,0.13,0.53,0.39,0.18
3,0.13,0.12,4.19,6.6,0.31,0.31,10.24,0.11,0.86,0.37,0.79,0.7,0.13,0.53,0.39,0.18
3,0.13,0.12,4.19,6.6,0.31,0.31,10.24,0.11,0.86,0.37,0.79,0.7,0.13,0.53,0.39,0.18
3,0.13,0.12,4.19,6.6,0.31,0.31,10.24,0.11,0.86,0.37,0.79,0.7,0.13,0.53,0.39,0.18
3,0.13,0.12,4.19,6.6,0.31,0.31,10.24,0.11,0.86,0.37,0.79,0.7,0.13,0.53,0.39,0.18
3,0.13,0.12,4.19,6.6,0.31,0.31,10.24,0.11,0.86,0.37,0.79,0.7,0.13,0.53,0.39,0.18
3,0.13,0.12,4.19,6.6,0.31,0.31,10.24,0.11,0.86,0.37,0.79,0.7,0.13,0.53,0.39,0.18
3,0.13,0.12,4.19,6.6,0.31,0.31,10.24,0.11,0.86,0.37,0.79,0.7,0.13,0.53,0.39,0.18
3,0.13,0.12,4.19,6.6,0.31,0.31,10.24,0.11,0.86,0.37,0.79,0.7,0.13,0.53,0.39,0.18
3,0.13,0.12,4.19,6.6,0.31,0.31,10.24,0.11,0.86,0.37,0.79,0.7,0.13,0.53,0.39,0.18
3,0.16,0.15,3.95,17.78,0.58,-0.6,10.22,0.18,-0.5,0.57,0.91,0.62,0.15,0.36,0.48,0.2
3,0.16,0.15,3.95,17.78,0.58,-0.6,10.22,0.18,-0.5,0.57,0.91,0.62,0.15,0.36,0.48,0.2
3,0.16,0.15,3.95,17.78,0.58,-0.6,10.22,0.18,-0.5,0.57,0.91,0.62,0.15,0.36,0.48,0.2
3,0.16,0.15,3.95,17.78,0.58,-0.6,10.22,0.18,-0.5,0.57,0.91,0.62,0.15,0.36,0.48,0.2
3,0.16,0.15,3.95,17.78,0.58,-0.6,10.22,0.18,-0.5,0.57,0.91,0.62,0.15,0.36,0.48,0.2
3,0.16,0.15,3.95,17.78,0.58,-0.6,10.22,0.18,-0.5,0.57,0.91,0.62,0.15,0.36,0.48,0.2
3,0.16,0.15,3.95,17.78,0.58,-0.6,10.22,0.18,-0.5,0.57,0.91,0.62,0.15,0.36,0.48,0.2
3,0.16,0.15,3.95,17.78,0.58,-0.6,10.22,0.18,-0.5,0.57,0.91,0.62,0.15,0.36,0.48,0.2
3,0.16,0.15,3.95,17.78,0.58,-0.6,10.22,0.18,-0.5,0.57,0.91,0.62,0.15,0.36,0.48,0.2
3,0.16,0.15,3.95,17.78,0.58,-0.6,10.22,0.18,-0.5,0.57,0.91,0.62,0.15,0.36,0.48,0.2
3,0.16,0.15,3.95,17.78,0.58,-0.6,10.22,0.18,-0.5,0.57,0.91,0.62,0.15,0.36,0.48,0.2
3,0.16,0.15,3.95,17.78,0.58,-0.6,10.22,0.18,-0.5,0.57,0.91,0.62,0.15,0.36,0.48,0.2
3,0.18,0.14,4.31,15.72,0.56,-0.07,9.8,0.16,-1.09,0.54,0.92,0.44,0.17,0.29,0.56,0.26
3,0.18,0.14,4.31,15.72,0.56,-0.07,9.8,0.16,-1.09,0.54,0.92,0.44,0.17,0.29,0.56,0.26
3,0.18,0.14,4.31,15.72,0.56,-0.07,9.8,0.16,-1.09,0.54,0.92,0.44,0.17,0.29,0.56,0.26
3,0.18,0.14,4.31,15.72,0.56,-0.07,9.8,0.16,-1.09,0.54,0.92,0.44,0.17,0.29,0.56,0.26
3,0.18,0.14,4.31,15.72,0.56,-0.07,9.8,0.16,-1.09,0.54,0.92,0.44,0.17,0.29,0.56,0.26
3,0.18,0.14,4.31,15.72,0.56,-0.07,9.8,0.16,-1.09,0.54,0.92,0.44,0.17,0.29,0.56,0.26
3,0.18,0.14,4.31,15.72,0.56,-0.07,9.8,0.16,-1.09,0.54,0.92,0.44,0.17,0.29,0.56,0.26
3,0.18,0.14,4.31,15.72,0.56,-0.07,9.8,0.16,-1.09,0.54,0.92,0.44,0.17,0.29,0.56,0.26
3,0.18,0.14,4.31,15.72,0.56,-0.07,9.8,0.16,-1.09,0.54,0.92,0.44,0.17,0.29,0.56,0.26
3,0.18,0.14,4.31,15.72,0.56,-0.07,9.8,0.16,-1.09,0.54,0.92,0.44,0.17,0.29,0.56,0.26
3,0.18,0.14,4.31,15.72,0.56,-0.07,9.8,0.16,-1.09,0.54,0.92,0.44,0.17,0.29,0.56,0.26
3,0.18,0.14,4.31,15.72,0.56,-0.07,9.8,0.16,-1.09,0.54,0.92,0.44,0.17,0.29,0.56,0.26
3,0.15,0.16,3.93,13.11,0.54,0.37,10.43,0.14,-0.82,0.62,0.95,0.4,0.16,0.14,0.62,0.23
3,0.15,0.16,3.93,13.11,0.54,0.37,10.43,0.14,-0.82,0.62,0.95,0.4,0.16,0.14,0.62,0.23
3,0.15,0.16,3.93,13.11,0.54,0.37,10.43,0.14,-0.82,0.62,0.95,0.4,0.16,0.14,0.62,0.23
3,0.15,0.16,3.93,13.11,0.54,0.37,10.43,0.14,-0.82,0.62,0.95,0.4,0.16,0.14,0.62,0.23
3,0.15,0.16,3.93,13.11,0.54,0.37,10.43,0.14,-0.82,0.62,0.95,0.4,0.16,0.14,0.62,0.23
3,0.15,0.16,3.93,13.11,0.54,0.37,10.43,0.14,-0.82,0.62,0.95,0.4,0.16,0.14,0.62,0.23
3,0.15,0.16,3.93,13.11,0.54,0.37,10.43,0.14,-0.82,0.62,0.95,0.4,0.16,0.14,0.62,0.23
3,0.15,0.16,3.93,13.11,0.54,0.37,10.43,0.14,-0.82,0.62,0.95,0.4,0.16,0.14,0.62,0.23
3,0.15,0.16,3.93,13.11,0.54,0.37,10.43,0.14,-0.82,0.62,0.95,0.4,0.16,0.14,0.62,0.23
3,0.15,0.16,3.93,13.11,0.54,0.37,10.43,0.14,-0.82,0.62,0.95,0.4,0.16,0.14,0.62,0.23
3,0.15,0.16,3.93,13.11,0.54,0.37,10.43,0.14,-0.82,0.62,0.95,0.4,0.16,0.14,0.62,0.23
3,0.15,0.16,3.93,13.11,0.54,0.37,10.43,0.14,-0.82,0.62,0.95,0.4,0.16,0.14,0.62,0.23
3,0.15,0.15,3.96,12.95,0.49,-0.07,10.39,0.14,-0.35,0.6,0.94,0.68,0.16,0.23,0.54,0.23
3,0.15,0.15,3.96,12.95,0.49,-0.07,10.39,0.14,-0.35,0.6,0.94,0.68,0.16,0.23,0.54,0.23
3,0.15,0.15,3.96,12.95,0.49,-0.07,10.39,0.14,-0.35,0.6,0.94,0.68,0.16,0.23,0.54,0.23
3,0.15,0.15,3.96,12.95,0.49,-0.07,10.39,0.14,-0.35,0.6,0.94,0.68,0.16,0.23,0.54,0.23
3,0.15,0.15,3.96,12.95,0.49,-0.07,10.39,0.14,-0.35,0.6,0.94,0.68,0.16,0.23,0.54,0.23
3,0.15,0.15,3.96,12.95,0.49,-0.07,10.39,0.14,-0.35,0.6,0.94,0.68,0.16,0.23,0.54,0.23
3,0.15,0.15,3.96,12.95,0.49,-0.07,10.39,0.14,-0.35,0.6,0.94,0.68,0.16,0.23,0.54,0.23
3,0.15,0.15,3.96,12.95,0.49,-0.07,10.39,0.14,-0.35,0.6,0.94,0.68,0.16,0.23,0.54,0.23
3,0.15,0.15,3.96,12.95,0.49,-0.07,10.39,0.14,-0.35,0.6,0.94,0.68,0.16,0.23,0.54,0.23
3,0.15,0.15,3.96,12.95,0.49,-0.07,10.39,0.14,-0.35,0.6,0.94,0.68,0.16,0.23,0.54,0.23
3,0.15,0.15,3.96,12.95,0.49,-0.07,10.39,0.14,-0.35,0.6,0.94,0.68,0.16,0.23,0.54,0.23
3,0.15,0.15,3.96,12.95,0.49,-0.07,10.39,0.14,-0.35,0.6,0.94,0.68,0.16,0.23,0.54,0.23
3,0.12,0.11,3.73,13.99,0.37,1.21,10.57,0.18,0.5,0.5,0.96,0.62,0.13,0.15,0.49,0.24
3,0.12,0.11,3.73,13.99,0.37,1.21,10.57,0.18,0.5,0.5,0.96,0.62,0.13,0.15,0.49,0.24
3,0.12,0.11,3.73,13.99,0.37,1.21,10.57,0.18,0.5,0.5,0.96,0.62,0.13,0.15,0.49,0.24
3,0.12,0.11,3.73,13.99,0.37,1.21,10.57,0.18,0.5,0.5,0.96,0.62,0.13,0.15,0.49,0.24
3,0.12,0.11,3.73,13.99,0.37,1.21,10.57,0.18,0.5,0.5,0.96,0.62,0.13,0.15,0.49,0.24
3,0.12,0.11,3.73,13.99,0.37,1.21,10.57,0.18,0.5,0.5,0.96,0.62,0.13,0.15,0.49,0.24
3,0.12,0.11,3.73,13.99,0.37,1.21,10.57,0.18,0.5,0.5,0.96,0.62,0.13,0.15,0.49,0.24
3,0.12,0.11,3.73,13.99,0.37,1.21,10.57,0.18,0.5,0.5,0.96,0.62,0.13,0.15,0.49,0.24
3,0.12,0.11,3.73,13.99,0.37,1.21,10.57,0.18,0.5,0.5,0.96,0.62,0.13,0.15,0.49,0.24
3,0.12,0.11,3.73,13.99,0.37,1.21,10.57,0.18,0.5,0.5,0.96,0.62,0.13,0.15,0.49,0.24
3,0.12,0.11,3.73,13.99,0.37,1.21,10.57,0.18,0.5,0.5,0.96,0.62,0.13,0.15,0.49,0.24
3,0.12,0.11,3.73,13.99,0.37,1.21,10.57,0.18,0.5,0.5,0.96,0.62,0.13,0.15,0.49,0.24
3,0.12,0.1,3.81,15.54,0.33,1.13,10.59,0.18,0.48,0.48,0.95,0.68,0.12,0.16,0.54,0.25
3,0.12,0.1,3.81,15.54,0.33,1.13,10.59,0.18,0.48,0.48,0.95,0.68,0.12,0.16,0.54,0.25
3,0.12,0.1,3.81,15.54,0.33,1.13,10.59,0.18,0.48,0.48,0.95,0.68,0.12,0.16,0.54,0.25
3,0.12,0.1,3.81,15.54,0.33,1.13,10.59,0.18,0.48,0.48,0.95,0.68,0.12,0.16,0.54,0.25
3,0.12,0.1,3.81,15.54,0.33,1.13,10.59,0.18,0.48,0.48,0.95,0.68,0.12,0.16,0.54,0.25
3,0.12,0.1,3.81,15.54,0.33,1.13,10.59,0.18,0.48,0.48,0.95,0.68,0.12,0.16,0.54,0.25
3,0.12,0.1,3.81,15.54,0.33,1.13,10.59,0.18,0.48,0.48,0.95,0.68,0.12,0.16,0.54,0.25
3,0.12,0.1,3.81,15.54,0.33,1.13,10.59,0.18,0.48,0.48,0.95,0.68,0.12,0.16,0.54,0.25
3,0.12,0.1,3.81,15.54,0.33,1.13,10.59,0.18,0.48,0.48,0.95,0.68,0.12,0.16,0.54,0.25
3,0.12,0.1,3.81,15.54,0.33,1.13,10.59,0.18,0.48,0.48,0.95,0.68,0.12,0.16,0.54,0.25
3,0.12,0.1,3.81,15.54,0.33,1.13,10.59,0.18,0.48,0.48,0.95,0.68,0.12,0.16,0.54,0.25
3,0.12,0.1,3.81,15.54,0.33,1.13,10.59,0.18,0.48,0.48,0.95,0.68,0.12,0.16,0.54,0.25
3,0.18,0.19,4.59,10.44,0.55,-0.65,8.9,0.19,-0.99,0.61,0.96,0.71,0.24,0.18,0.47,0.28
3,0.18,0.19,4.59,10.44,0.55,-0.65,8.9,0.19,-0.99,0.61,0.96,0.71,0.24,0.18,0.47,0.28
3,0.18,0.19,4.59,10.44,0.55,-0.65,8.9,0.19,-0.99,0.61,0.96,0.71,0.24,0.18,0.47,0.28
3,0.18,0.19,4.59,10.44,0.55,-0.65,8.9,0.19,-0.99,0.61,0.96,0.71,0.24,0.18,0.47,0.28
3,0.18,0.19,4.59,10.44,0.55,-0.65,8.9,0.19,-0.99,0.61,0.96,0.71,0.24,0.18,0.47,0.28
3,0.18,0.19,4.59,10.44,0.55,-0.65,8.9,0.19,-0.99,0.61,0.96,0.71,0.24,0.18,0.47,0.28
3,0.18,0.19,4.59,10.44,0.55,-0.65,8.9,0.19,-0.99,0.61,0.96,0.71,0.24,0.18,0.47,0.28
3,0.18,0.19,4.59,10.44,0.55,-0.65,8.9,0.19,-0.99,0.61,0.96,0.71,0.24,0.18,0.47,0.28
3,0.18,0.19,4.59,10.44,0.55,-0.65,8.9,0.19,-0.99,0.61,0.96,0.71,0.24,0.18,0.47,0.28
3,0.18,0.19,4.59,10.44,0.55,-0.65,8.9,0.19,-0.99,0.61,0.96,0.71,0.24,0.18,0.47,0.28
3,0.18,0.19,4.59,10.44,0.55,-0.65,8.9,0.19,-0.99,0.61,0.96,0.71,0.24,0.18,0.47,0.28
3,0.18,0.19,4.59,10.44,0.55,-0.65,8.9,0.19,-0.99,0.61,0.96,0.71,0.24,0.18,0.47,0.28
3,0.13,0.17,4.05,6.67,0.64,-1.09,10.04,0.13,-1.87,0.63,0.98,0.72,0.18,0.1,0.37,0.26
3,0.13,0.17,4.05,6.67,0.64,-1.09,10.04,0.13,-1.87,0.63,0.98,0.72,0.18,0.1,0.37,0.26
3,0.13,0.17,4.05,6.67,0.64,-1.09,10.04,0.13,-1.87,0.63,0.98,0.72,0.18,0.1,0.37,0.26
3,0.13,0.17,4.05,6.67,0.64,-1.09,10.04,0.13,-1.87,0.63,0.98,0.72,0.18,0.1,0.37,0.26
3,0.13,0.17,4.05,6.67,0.64,-1.09,10.04,0.13,-1.87,0.63,0.98,0.72,0.18,0.1,0.37,0.26
3,0.13,0.17,4.05,6.67,0.64,-1.09,10.04,0.13,-1.87,0.63,0.98,0.72,0.18,0.1,0.37,0.26
3,0.13,0.17,4.05,6.67,0.64,-1.09,10.04,0.13,-1.87,0.63,0.98,0.72,0.18,0.1,0.37,0.26
3,0.13,0.17,4.05,6.67,0.64,-1.09,10.04,0.13,-1.87,0.63,0.98,0.72,0.18,0.1,0.37,0.26
3,0.13,0.17,4.05,6.67,0.64,-1.09,10.04,0.13,-1.87,0.63,0.98,0.72,0.18,0.1,0.37,0.26
3,0.13,0.17,4.05,6.67,0.64,-1.09,10.04,0.13,-1.87,0.63,0.98,0.72,0.18,0.1,0.37,0.26
3,0.13,0.17,4.05,6.67,0.64,-1.09,10.04,0.13,-1.87,0.63,0.98,0.72,0.18,0.1,0.37,0.26
3,0.13,0.17,4.05,6.67,0.64,-1.09,10.04,0.13,-1.87,0.63,0.98,0.72,0.18,0.1,0.37,0.26
3,0.11,0.13,3.91,9.6,0.43,-0.28,10.46,0.1,-0.82,0.61,0.92,0.82,0.13,0.11,0.47,0.11
3,0.11,0.13,3.91,9.6,0.43,-0.28,10.46,0.1,-0.82,0.61,0.92,0.82,0.13,0.11,0.47,0.11
3,0.11,0.13,3.91,9.6,0.43,-0.28,10.46,0.1,-0.82,0.61,0.92,0.82,0.13,0.11,0.47,0.11
3,0.11,0.13,3.91,9.6,0.43,-0.28,10.46,0.1,-0.82,0.61,0.92,0.82,0.13,0.11,0.47,0.11
3,0.11,0.13,3.91,9.6,0.43,-0.28,10.46,0.1,-0.82,0.61,0.92,0.82,0.13,0.11,0.47,0.11
3,0.11,0.13,3.91,9.6,0.43,-0.28,10.46,0.1,-0.82,0.61,0.92,0.82,0.13,0.11,0.47,0.11
3,0.11,0.13,3.91,9.6,0.43,-0.28,10.46,0.1,-0.82,0.61,0.92,0.82,0.13,0.11,0.47,0.11
3,0.11,0.13,3.91,9.6,0.43,-0.28,10.46,0.1,-0.82,0.61,0.92,0.82,0.13,0.11,0.47,0.11
3,0.11,0.13,3.91,9.6,0.43,-0.28,10.46,0.1,-0.82,0.61,0.92,0.82,0.13,0.11,0.47,0.11
3,0.11,0.13,3.91,9.6,0.43,-0.28,10.46,0.1,-0.82,0.61,0.92,0.82,0.13,0.11,0.47,0.11
3,0.11,0.13,3.91,9.6,0.43,-0.28,10.46,0.1,-0.82,0.61,0.92,0.82,0.13,0.11,0.47,0.11
3,0.11,0.13,3.91,9.6,0.43,-0.28,10.46,0.1,-0.82,0.61,0.92,0.82,0.13,0.11,0.47,0.11
3,0.14,0.14,3.78,3.03,0.6,0.55,10.57,0.2,-0.3,0.54,0.94,0.66,0.1,0.24,0.54,0.25
3,0.14,0.14,3.78,3.03,0.6,0.55,10.57,0.2,-0.3,0.54,0.94,0.66,0.1,0.24,0.54,0.25
3,0.14,0.14,3.78,3.03,0.6,0.55,10.57,0.2,-0.3,0.54,0.94,0.66,0.1,0.24,0.54,0.25
3,0.14,0.14,3.78,3.03,0.6,0.55,10.57,0.2,-0.3,0.54,0.94,0.66,0.1,0.24,0.54,0.25
3,0.14,0.14,3.78,3.03,0.6,0.55,10.57,0.2,-0.3,0.54,0.94,0.66,0.1,0.24,0.54,0.25
3,0.14,0.14,3.78,3.03,0.6,0.55,10.57,0.2,-0.3,0.54,0.94,0.66,0.1,0.24,0.54,0.25
3,0.14,0.14,3.78,3.03,0.6,0.55,10.57,0.2,-0.3,0.54,0.94,0.66,0.1,0.24,0.54,0.25
3,0.14,0.14,3.78,3.03,0.6,0.55,10.57,0.2,-0.3,0.54,0.94,0.66,0.1,0.24,0.54,0.25
3,0.14,0.14,3.78,3.03,0.6,0.55,10.57,0.2,-0.3,0.54,0.94,0.66,0.1,0.24,0.54,0.25
3,0.14,0.14,3.78,3.03,0.6,0.55,10.57,0.2,-0.3,0.54,0.94,0.66,0.1,0.24,0.54,0.25
3,0.14,0.14,3.78,3.03,0.6,0.55,10.57,0.2,-0.3,0.54,0.94,0.66,0.1,0.24,0.54,0.25
3,0.14,0.14,3.78,3.03,0.6,0.55,10.57,0.2,-0.3,0.54,0.94,0.66,0.1,0.24,0.54,0.25
3,0.14,0.16,3.79,34.9,0.45,0.46,10.55,0.19,-0.23,0.48,0.84,0.3,0.15,0.53,0.57,0.23
3,0.14,0.16,3.79,34.9,0.45,0.46,10.55,0.19,-0.23,0.48,0.84,0.3,0.15,0.53,0.57,0.23
3,0.14,0.16,3.79,34.9,0.45,0.46,10.55,0.19,-0.23,0.48,0.84,0.3,0.15,0.53,0.57,0.23
3,0.14,0.16,3.79,34.9,0.45,0.46,10.55,0.19,-0.23,0.48,0.84,0.3,0.15,0.53,0.57,0.23
3,0.14,0.16,3.79,34.9,0.45,0.46,10.55,0.19,-0.23,0.48,0.84,0.3,0.15,0.53,0.57,0.23
3,0.14,0.16,3.79,34.9,0.45,0.46,10.55,0.19,-0.23,0.48,0.84,0.3,0.15,0.53,0.57,0.23
3,0.14,0.16,3.79,34.9,0.45,0.46,10.55,0.19,-0.23,0.48,0.84,0.3,0.15,0.53,0.57,0.23
3,0.14,0.16,3.79,34.9,0.45,0.46,10.55,0.19,-0.23,0.48,0.84,0.3,0.15,0.53,0.57,0.23
3,0.14,0.16,3.79,34.9,0.45,0.46,10.55,0.19,-0.23,0.48,0.84,0.3,0.15,0.53,0.57,0.23
3,0.14,0.16,3.79,34.9,0.45,0.46,10.55,0.19,-0.23,0.48,0.84,0.3,0.15,0.53,0.57,0.23
3,0.14,0.16,3.79,34.9,0.45,0.46,10.55,0.19,-0.23,0.48,0.84,0.3,0.15,0.53,0.57,0.23
3,0.14,0.16,3.79,34.9,0.45,0.46,10.55,0.19,-0.23,0.48,0.84,0.3,0.15,0.53,0.57,0.23
3,0.12,0.13,4.01,4.85,0.47,0.22,10.32,0.12,-0.33,0.59,0.92,0.78,0.12,0.2,0.43,0.19
3,0.12,0.13,4.01,4.85,0.47,0.22,10.32,0.12,-0.33,0.59,0.92,0.78,0.12,0.2,0.43,0.19
3,0.12,0.13,4.01,4.85,0.47,0.22,10.32,0.12,-0.33,0.59,0.92,0.78,0.12,0.2,0.43,0.19
3,0.12,0.13,4.01,4.85,0.47,0.22,10.32,0.12,-0.33,0.59,0.92,0.78,0.12,0.2,0.43,0.19
3,0.12,0.13,4.01,4.85,0.47,0.22,10.32,0.12,-0.33,0.59,0.92,0.78,0.12,0.2,0.43,0.19
3,0.12,0.13,4.01,4.85,0.47,0.22,10.32,0.12,-0.33,0.59,0.92,0.78,0.12,0.2,0.43,0.19
3,0.12,0.13,4.01,4.85,0.47,0.22,10.32,0.12,-0.33,0.59,0.92,0.78,0.12,0.2,0.43,0.19
3,0.12,0.13,4.01,4.85,0.47,0.22,10.32,0.12,-0.33,0.59,0.92,0.78,0.12,0.2,0.43,0.19
3,0.12,0.13,4.01,4.85,0.47,0.22,10.32,0.12,-0.33,0.59,0.92,0.78,0.12,0.2,0.43,0.19
3,0.12,0.13,4.01,4.85,0.47,0.22,10.32,0.12,-0.33,0.59,0.92,0.78,0.12,0.2,0.43,0.19
3,0.12,0.13,4.01,4.85,0.47,0.22,10.32,0.12,-0.33,0.59,0.92,0.78,0.12,0.2,0.43,0.19
3,0.12,0.13,4.01,4.85,0.47,0.22,10.32,0.12,-0.33,0.59,0.92,0.78,0.12,0.2,0.43,0.19
3,0.11,0.14,3.95,5.34,0.39,0.31,10.52,0.13,-0.38,0.56,0.87,0.8,0.12,0.29,0.54,0.14
3,0.11,0.14,3.95,5.34,0.39,0.31,10.52,0.13,-0.38,0.56,0.87,0.8,0.12,0.29,0.54,0.14
3,0.11,0.14,3.95,5.34,0.39,0.31,10.52,0.13,-0.38,0.56,0.87,0.8,0.12,0.29,0.54,0.14
3,0.11,0.14,3.95,5.34,0.39,0.31,10.52,0.13,-0.38,0.56,0.87,0.8,0.12,0.29,0.54,0.14
3,0.11,0.14,3.95,5.34,0.39,0.31,10.52,0.13,-0.38,0.56,0.87,0.8,0.12,0.29,0.54,0.14
3,0.11,0.14,3.95,5.34,0.39,0.31,10.52,0.13,-0.38,0.56,0.87,0.8,0.12,0.29,0.54,0.14
3,0.11,0.14,3.95,5.34,0.39,0.31,10.52,0.13,-0.38,0.56,0.87,0.8,0.12,0.29,0.54,0.14
3,0.11,0.14,3.95,5.34,0.39,0.31,10.52,0.13,-0.38,0.56,0.87,0.8,0.12,0.29,0.54,0.14
3,0.11,0.14,3.95,5.34,0.39,0.31,10.52,0.13,-0.38,0.56,0.87,0.8,0.12,0.29,0.54,0.14
3,0.11,0.14,3.95,5.34,0.39,0.31,10.52,0.13,-0.38,0.56,0.87,0.8,0.12,0.29,0.54,0.14
3,0.11,0.14,3.95,5.34,0.39,0.31,10.52,0.13,-0.38,0.56,0.87,0.8,0.12,0.29,0.54,0.14
3,0.11,0.14,3.95,5.34,0.39,0.31,10.52,0.13,-0.38,0.56,0.87,0.8,0.12,0.29,0.54,0.14
3,0.12,0.12,3.87,6.32,0.5,0.56,10.51,0.11,0.1,0.52,0.95,0.7,0.13,0.14,0.4,0.2
3,0.12,0.12,3.87,6.32,0.5,0.56,10.51,0.11,0.1,0.52,0.95,0.7,0.13,0.14,0.4,0.2
3,0.12,0.12,3.87,6.32,0.5,0.56,10.51,0.11,0.1,0.52,0.95,0.7,0.13,0.14,0.4,0.2
3,0.12,0.12,3.87,6.32,0.5,0.56,10.51,0.11,0.1,0.52,0.95,0.7,0.13,0.14,0.4,0.2
3,0.12,0.12,3.87,6.32,0.5,0.56,10.51,0.11,0.1,0.52,0.95,0.7,0.13,0.14,0.4,0.2
3,0.12,0.12,3.87,6.32,0.5,0.56,10.51,0.11,0.1,0.52,0.95,0.7,0.13,0.14,0.4,0.2
3,0.12,0.12,3.87,6.32,0.5,0.56,10.51,0.11,0.1,0.52,0.95,0.7,0.13,0.14,0.4,0.2
3,0.12,0.12,3.87,6.32,0.5,0.56,10.51,0.11,0.1,0.52,0.95,0.7,0.13,0.14,0.4,0.2
3,0.12,0.12,3.87,6.32,0.5,0.56,10.51,0.11,0.1,0.52,0.95,0.7,0.13,0.14,0.4,0.2
3,0.12,0.12,3.87,6.32,0.5,0.56,10.51,0.11,0.1,0.52,0.95,0.7,0.13,0.14,0.4,0.2
3,0.12,0.12,3.87,6.32,0.5,0.56,10.51,0.11,0.1,0.52,0.95,0.7,0.13,0.14,0.4,0.2
3,0.12,0.12,3.87,6.32,0.5,0.56,10.51,0.11,0.1,0.52,0.95,0.7,0.13,0.14,0.4,0.2
3,0.19,0.12,3.77,11.69,0.48,-1.0,10.3,0.14,-0.17,0.45,0.9,0.72,0.16,0.35,0.43,0.19
3,0.19,0.12,3.77,11.69,0.48,-1.0,10.3,0.14,-0.17,0.45,0.9,0.72,0.16,0.35,0.43,0.19
3,0.19,0.12,3.77,11.69,0.48,-1.0,10.3,0.14,-0.17,0.45,0.9,0.72,0.16,0.35,0.43,0.19
3,0.19,0.12,3.77,11.69,0.48,-1.0,10.3,0.14,-0.17,0.45,0.9,0.72,0.16,0.35,0.43,0.19
3,0.19,0.12,3.77,11.69,0.48,-1.0,10.3,0.14,-0.17,0.45,0.9,0.72,0.16,0.35,0.43,0.19
3,0.19,0.12,3.77,11.69,0.48,-1.0,10.3,0.14,-0.17,0.45,0.9,0.72,0.16,0.35,0.43,0.19
3,0.19,0.12,3.77,11.69,0.48,-1.0,10.3,0.14,-0.17,0.45,0.9,0.72,0.16,0.35,0.43,0.19
3,0.19,0.12,3.77,11.69,0.48,-1.0,10.3,0.14,-0.17,0.45,0.9,0.72,0.16,0.35,0.43,0.19
3,0.19,0.12,3.77,11.69,0.48,-1.0,10.3,0.14,-0.17,0.45,0.9,0.72,0.16,0.35,0.43,0.19
3,0.19,0.12,3.77,11.69,0.48,-1.0,10.3,0.14,-0.17,0.45,0.9,0.72,0.16,0.35,0.43,0.19
3,0.19,0.12,3.77,11.69,0.48,-1.0,10.3,0.14,-0.17,0.45,0.9,0.72,0.16,0.35,0.43,0.19
3,0.19,0.12,3.77,11.69,0.48,-1.0,10.3,0.14,-0.17,0.45,0.9,0.72,0.16,0.35,0.43,0.19
3,0.1,0.09,3.98,6.09,0.62,-1.02,10.32,0.11,0.01,0.55,0.93,0.55,0.09,0.32,0.28,0.24
3,0.1,0.09,3.98,6.09,0.62,-1.02,10.32,0.11,0.01,0.55,0.93,0.55,0.09,0.32,0.28,0.24
3,0.1,0.09,3.98,6.09,0.62,-1.02,10.32,0.11,0.01,0.55,0.93,0.55,0.09,0.32,0.28,0.24
3,0.1,0.09,3.98,6.09,0.62,-1.02,10.32,0.11,0.01,0.55,0.93,0.55,0.09,0.32,0.28,0.24
3,0.1,0.09,3.98,6.09,0.62,-1.02,10.32,0.11,0.01,0.55,0.93,0.55,0.09,0.32,0.28,0.24
3,0.1,0.09,3.98,6.09,0.62,-1.02,10.32,0.11,0.01,0.55,0.93,0.55,0.09,0.32,0.28,0.24
3,0.1,0.09,3.98,6.09,0.62,-1.02,10.32,0.11,0.01,0.55,0.93,0.55,0.09,0.32,0.28,0.24
3,0.1,0.09,3.98,6.09,0.62,-1.02,10.32,0.11,0.01,0.55,0.93,0.55,0.09,0.32,0.28,0.24
3,0.1,0.09,3.98,6.09,0.62,-1.02,10.32,0.11,0.01,0.55,0.93,0.55,0.09,0.32,0.28,0.24
3,0.1,0.09,3.98,6.09,0.62,-1.02,10.32,0.11,0.01,0.55,0.93,0.55,0.09,0.32,0.28,0.24
3,0.1,0.09,3.98,6.09,0.62,-1.02,10.32,0.11,0.01,0.55,0.93,0.55,0.09,0.32,0.28,0.24
3,0.1,0.09,3.98,6.09,0.62,-1.02,10.32,0.11,0.01,0.55,0.93,0.55,0.09,0.32,0.28,0.24
3,0.16,0.18,3.89,2.49,0.66,0.29,10.37,0.19,-0.91,0.65,0.94,0.81,0.18,0.22,0.56,0.21
3,0.16,0.18,3.89,2.49,0.66,0.29,10.37,0.19,-0.91,0.65,0.94,0.81,0.18,0.22,0.56,0.21
3,0.16,0.18,3.89,2.49,0.66,0.29,10.37,0.19,-0.91,0.65,0.94,0.81,0.18,0.22,0.56,0.21
3,0.16,0.18,3.89,2.49,0.66,0.29,10.37,0.19,-0.91,0.65,0.94,0.81,0.18,0.22,0.56,0.21
3,0.16,0.18,3.89,2.49,0.66,0.29,10.37,0.19,-0.91,0.65,0.94,0.81,0.18,0.22,0.56,0.21
3,0.16,0.18,3.89,2.49,0.66,0.29,10.37,0.19,-0.91,0.65,0.94,0.81,0.18,0.22,0.56,0.21
3,0.16,0.18,3.89,2.49,0.66,0.29,10.37,0.19,-0.91,0.65,0.94,0.81,0.18,0.22,0.56,0.21
3,0.16,0.18,3.89,2.49,0.66,0.29,10.37,0.19,-0.91,0.65,0.94,0.81,0.18,0.22,0.56,0.21
3,0.16,0.18,3.89,2.49,0.66,0.29,10.37,0.19,-0.91,0.65,0.94,0.81,0.18,0.22,0.56,0.21
3,0.16,0.18,3.89,2.49,0.66,0.29,10.37,0.19,-0.91,0.65,0.94,0.81,0.18,0.22,0.56,0.21
3,0.16,0.18,3.89,2.49,0.66,0.29,10.37,0.19,-0.91,0.65,0.94,0.81,0.18,0.22,0.56,0.21
3,0.16,0.18,3.89,2.49,0.66,0.29,10.37,0.19,-0.91,0.65,0.94,0.81,0.18,0.22,0.56,0.21
3,0.21,0.17,4.6,55.77,0.56,0.19,9.58,0.25,-0.0,0.47,0.93,0.75,0.2,0.3,0.4,0.24
3,0.21,0.17,4.6,55.77,0.56,0.19,9.58,0.25,-0.0,0.47,0.93,0.75,0.2,0.3,0.4,0.24
3,0.21,0.17,4.6,55.77,0.56,0.19,9.58,0.25,-0.0,0.47,0.93,0.75,0.2,0.3,0.4,0.24
3,0.21,0.17,4.6,55.77,0.56,0.19,9.58,0.25,-0.0,0.47,0.93,0.75,0.2,0.3,0.4,0.24
3,0.21,0.17,4.6,55.77,0.56,0.19,9.58,0.25,-0.0,0.47,0.93,0.75,0.2,0.3,0.4,0.24
3,0.21,0.17,4.6,55.77,0.56,0.19,9.58,0.25,-0.0,0.47,0.93,0.75,0.2,0.3,0.4,0.24
3,0.21,0.17,4.6,55.77,0.56,0.19,9.58,0.25,-0.0,0.47,0.93,0.75,0.2,0.3,0.4,0.24
3,0.21,0.17,4.6,55.77,0.56,0.19,9.58,0.25,-0.0,0.47,0.93,0.75,0.2,0.3,0.4,0.24
3,0.21,0.17,4.6,55.77,0.56,0.19,9.58,0.25,-0.0,0.47,0.93,0.75,0.2,0.3,0.4,0.24
3,0.21,0.17,4.6,55.77,0.56,0.19,9.58,0.25,-0.0,0.47,0.93,0.75,0.2,0.3,0.4,0.24
3,0.21,0.17,4.6,55.77,0.56,0.19,9.58,0.25,-0.0,0.47,0.93,0.75,0.2,0.3,0.4,0.24
3,0.21,0.17,4.6,55.77,0.56,0.19,9.58,0.25,-0.0,0.47,0.93,0.75,0.2,0.3,0.4,0.24
3,0.15,0.06,4.14,73.76,0.85,-1.93,10.19,0.19,-1.82,0.68,0.95,0.79,0.15,0.25,0.59,0.18
3,0.15,0.06,4.14,73.76,0.85,-1.93,10.19,0.19,-1.82,0.68,0.95,0.79,0.15,0.25,0.59,0.18
3,0.15,0.06,4.14,73.76,0.85,-1.93,10.19,0.19,-1.82,0.68,0.95,0.79,0.15,0.25,0.59,0.18
3,0.15,0.06,4.14,73.76,0.85,-1.93,10.19,0.19,-1.82,0.68,0.95,0.79,0.15,0.25,0.59,0.18
3,0.15,0.06,4.14,73.76,0.85,-1.93,10.19,0.19,-1.82,0.68,0.95,0.79,0.15,0.25,0.59,0.18
3,0.15,0.06,4.14,73.76,0.85,-1.93,10.19,0.19,-1.82,0.68,0.95,0.79,0.15,0.25,0.59,0.18
3,0.15,0.06,4.14,73.76,0.85,-1.93,10.19,0.19,-1.82,0.68,0.95,0.79,0.15,0.25,0.59,0.18
3,0.15,0.06,4.14,73.76,0.85,-1.93,10.19,0.19,-1.82,0.68,0.95,0.79,0.15,0.25,0.59,0.18
3,0.15,0.06,4.14,73.76,0.85,-1.93,10.19,0.19,-1.82,0.68,0.95,0.79,0.15,0.25,0.59,0.18
3,0.15,0.06,4.14,73.76,0.85,-1.93,10.19,0.19,-1.82,0.68,0.95,0.79,0.15,0.25,0.59,0.18
3,0.15,0.06,4.14,73.76,0.85,-1.93,10.19,0.19,-1.82,0.68,0.95,0.79,0.15,0.25,0.59,0.18
3,0.15,0.06,4.14,73.76,0.85,-1.93,10.19,0.19,-1.82,0.68,0.95,0.79,0.15,0.25,0.59,0.18
3,0.18,0.17,3.82,42.16,0.58,0.07,10.55,0.13,-0.64,0.6,0.92,0.61,0.15,0.24,0.53,0.2
3,0.18,0.17,3.82,42.16,0.58,0.07,10.55,0.13,-0.64,0.6,0.92,0.61,0.15,0.24,0.53,0.2
3,0.18,0.17,3.82,42.16,0.58,0.07,10.55,0.13,-0.64,0.6,0.92,0.61,0.15,0.24,0.53,0.2
3,0.18,0.17,3.82,42.16,0.58,0.07,10.55,0.13,-0.64,0.6,0.92,0.61,0.15,0.24,0.53,0.2
3,0.18,0.17,3.82,42.16,0.58,0.07,10.55,0.13,-0.64,0.6,0.92,0.61,0.15,0.24,0.53,0.2
3,0.18,0.17,3.82,42.16,0.58,0.07,10.55,0.13,-0.64,0.6,0.92,0.61,0.15,0.24,0.53,0.2
3,0.18,0.17,3.82,42.16,0.58,0.07,10.55,0.13,-0.64,0.6,0.92,0.61,0.15,0.24,0.53,0.2
3,0.18,0.17,3.82,42.16,0.58,0.07,10.55,0.13,-0.64,0.6,0.92,0.61,0.15,0.24,0.53,0.2
3,0.18,0.17,3.82,42.16,0.58,0.07,10.55,0.13,-0.64,0.6,0.92,0.61,0.15,0.24,0.53,0.2
3,0.18,0.17,3.82,42.16,0.58,0.07,10.55,0.13,-0.64,0.6,0.92,0.61,0.15,0.24,0.53,0.2
3,0.18,0.17,3.82,42.16,0.58,0.07,10.55,0.13,-0.64,0.6,0.92,0.61,0.15,0.24,0.53,0.2
3,0.18,0.17,3.82,42.16,0.58,0.07,10.55,0.13,-0.64,0.6,0.92,0.61,0.15,0.24,0.53,0.2
3,0.19,0.15,3.87,18.97,0.51,-0.03,10.21,0.26,0.17,0.51,0.97,0.48,0.17,0.13,0.48,0.24
3,0.19,0.15,3.87,18.97,0.51,-0.03,10.21,0.26,0.17,0.51,0.97,0.48,0.17,0.13,0.48,0.24
3,0.19,0.15,3.87,18.97,0.51,-0.03,10.21,0.26,0.17,0.51,0.97,0.48,0.17,0.13,0.48,0.24
3,0.19,0.15,3.87,18.97,0.51,-0.03,10.21,0.26,0.17,0.51,0.97,0.48,0.17,0.13,0.48,0.24
3,0.19,0.15,3.87,18.97,0.51,-0.03,10.21,0.26,0.17,0.51,0.97,0.48,0.17,0.13,0.48,0.24
3,0.19,0.15,3.87,18.97,0.51,-0.03,10.21,0.26,0.17,0.51,0.97,0.48,0.17,0.13,0.48,0.24
3,0.19,0.15,3.87,18.97,0.51,-0.03,10.21,0.26,0.17,0.51,0.97,0.48,0.17,0.13,0.48,0.24
3,0.19,0.15,3.87,18.97,0.51,-0.03,10.21,0.26,0.17,0.51,0.97,0.48,0.17,0.13,0.48,0.24
3,0.19,0.15,3.87,18.97,0.51,-0.03,10.21,0.26,0.17,0.51,0.97,0.48,0.17,0.13,0.48,0.24
3,0.19,0.15,3.87,18.97,0.51,-0.03,10.21,0.26,0.17,0.51,0.97,0.48,0.17,0.13,0.48,0.24
3,0.19,0.15,3.87,18.97,0.51,-0.03,10.21,0.26,0.17,0.51,0.97,0.48,0.17,0.13,0.48,0.24
3,0.19,0.15,3.87,18.97,0.51,-0.03,10.21,0.26,0.17,0.51,0.97,0.48,0.17,0.13,0.48,0.24
3,0.17,0.18,3.73,8.83,0.39,0.18,9.75,0.13,0.68,0.41,0.91,0.67,0.16,0.44,0.43,0.28
3,0.17,0.18,3.73,8.83,0.39,0.18,9.75,0.13,0.68,0.41,0.91,0.67,0.16,0.44,0.43,0.28
3,0.17,0.18,3.73,8.83,0.39,0.18,9.75,0.13,0.68,0.41,0.91,0.67,0.16,0.44,0.43,0.28
3,0.17,0.18,3.73,8.83,0.39,0.18,9.75,0.13,0.68,0.41,0.91,0.67,0.16,0.44,0.43,0.28
3,0.17,0.18,3.73,8.83,0.39,0.18,9.75,0.13,0.68,0.41,0.91,0.67,0.16,0.44,0.43,0.28
3,0.17,0.18,3.73,8.83,0.39,0.18,9.75,0.13,0.68,0.41,0.91,0.67,0.16,0.44,0.43,0.28
3,0.17,0.18,3.73,8.83,0.39,0.18,9.75,0.13,0.68,0.41,0.91,0.67,0.16,0.44,0.43,0.28
3,0.17,0.18,3.73,8.83,0.39,0.18,9.75,0.13,0.68,0.41,0.91,0.67,0.16,0.44,0.43,0.28
3,0.17,0.18,3.73,8.83,0.39,0.18,9.75,0.13,0.68,0.41,0.91,0.67,0.16,0.44,0.43,0.28
3,0.17,0.18,3.73,8.83,0.39,0.18,9.75,0.13,0.68,0.41,0.91,0.67,0.16,0.44,0.43,0.28
3,0.17,0.18,3.73,8.83,0.39,0.18,9.75,0.13,0.68,0.41,0.91,0.67,0.16,0.44,0.43,0.28
3,0.17,0.18,3.73,8.83,0.39,0.18,9.75,0.13,0.68,0.41,0.91,0.67,0.16,0.44,0.43,0.28
3,0.16,0.16,4.53,8.67,0.35,0.41,8.28,0.16,0.29,0.43,0.91,0.66,0.19,0.61,0.55,0.37
3,0.16,0.16,4.53,8.67,0.35,0.41,8.28,0.16,0.29,0.43,0.91,0.66,0.19,0.61,0.55,0.37
3,0.16,0.16,4.53,8.67,0.35,0.41,8.28,0.16,0.29,0.43,0.91,0.66,0.19,0.61,0.55,0.37
3,0.16,0.16,4.53,8.67,0.35,0.41,8.28,0.16,0.29,0.43,0.91,0.66,0.19,0.61,0.55,0.37
3,0.16,0.16,4.53,8.67,0.35,0.41,8.28,0.16,0.29,0.43,0.91,0.66,0.19,0.61,0.55,0.37
3,0.16,0.16,4.53,8.67,0.35,0.41,8.28,0.16,0.29,0.43,0.91,0.66,0.19,0.61,0.55,0.37
3,0.16,0.16,4.53,8.67,0.35,0.41,8.28,0.16,0.29,0.43,0.91,0.66,0.19,0.61,0.55,0.37
3,0.16,0.16,4.53,8.67,0.35,0.41,8.28,0.16,0.29,0.43,0.91,0.66,0.19,0.61,0.55,0.37
3,0.16,0.16,4.53,8.67,0.35,0.41,8.28,0.16,0.29,0.43,0.91,0.66,0.19,0.61,0.55,0.37
3,0.16,0.16,4.53,8.67,0.35,0.41,8.28,0.16,0.29,0.43,0.91,0.66,0.19,0.61,0.55,0.37
3,0.16,0.16,4.53,8.67,0.35,0.41,8.28,0.16,0.29,0.43,0.91,0.66,0.19,0.61,0.55,0.37
3,0.16,0.16,4.53,8.67,0.35,0.41,8.28,0.16,0.29,0.43,0.91,0.66,0.19,0.61,0.55,0.37
3,0.13,0.14,3.73,18.22,0.47,1.33,10.77,0.18,-0.08,0.44,0.97,0.75,0.14,0.12,0.45,0.28
3,0.13,0.14,3.73,18.22,0.47,1.33,10.77,0.18,-0.08,0.44,0.97,0.75,0.14,0.12,0.45,0.28
3,0.13,0.14,3.73,18.22,0.47,1.33,10.77,0.18,-0.08,0.44,0.97,0.75,0.14,0.12,0.45,0.28
3,0.13,0.14,3.73,18.22,0.47,1.33,10.77,0.18,-0.08,0.44,0.97,0.75,0.14,0.12,0.45,0.28
3,0.13,0.14,3.73,18.22,0.47,1.33,10.77,0.18,-0.08,0.44,0.97,0.75,0.14,0.12,0.45,0.28
3,0.13,0.14,3.73,18.22,0.47,1.33,10.77,0.18,-0.08,0.44,0.97,0.75,0.14,0.12,0.45,0.28
3,0.13,0.14,3.73,18.22,0.47,1.33,10.77,0.18,-0.08,0.44,0.97,0.75,0.14,0.12,0.45,0.28
3,0.13,0.14,3.73,18.22,0.47,1.33,10.77,0.18,-0.08,0.44,0.97,0.75,0.14,0.12,0.45,0.28
3,0.13,0.14,3.73,18.22,0.47,1.33,10.77,0.18,-0.08,0.44,0.97,0.75,0.14,0.12,0.45,0.28
3,0.13,0.14,3.73,18.22,0.47,1.33,10.77,0.18,-0.08,0.44,0.97,0.75,0.14,0.12,0.45,0.28
3,0.13,0.14,3.73,18.22,0.47,1.33,10.77,0.18,-0.08,0.44,0.97,0.75,0.14,0.12,0.45,0.28
3,0.13,0.14,3.73,18.22,0.47,1.33,10.77,0.18,-0.08,0.44,0.97,0.75,0.14,0.12,0.45,0.28
3,0.16,0.18,3.76,2.75,0.3,0.58,10.39,0.19,0.46,0.39,0.96,0.66,0.11,0.12,0.49,0.25
3,0.16,0.18,3.76,2.75,0.3,0.58,10.39,0.19,0.46,0.39,0.96,0.66,0.11,0.12,0.49,0.25
3,0.16,0.18,3.76,2.75,0.3,0.58,10.39,0.19,0.46,0.39,0.96,0.66,0.11,0.12,0.49,0.25
3,0.16,0.18,3.76,2.75,0.3,0.58,10.39,0.19,0.46,0.39,0.96,0.66,0.11,0.12,0.49,0.25
3,0.16,0.18,3.76,2.75,0.3,0.58,10.39,0.19,0.46,0.39,0.96,0.66,0.11,0.12,0.49,0.25
3,0.16,0.18,3.76,2.75,0.3,0.58,10.39,0.19,0.46,0.39,0.96,0.66,0.11,0.12,0.49,0.25
3,0.16,0.18,3.76,2.75,0.3,0.58,10.39,0.19,0.46,0.39,0.96,0.66,0.11,0.12,0.49,0.25
3,0.16,0.18,3.76,2.75,0.3,0.58,10.39,0.19,0.46,0.39,0.96,0.66,0.11,0.12,0.49,0.25
3,0.16,0.18,3.76,2.75,0.3,0.58,10.39,0.19,0.46,0.39,0.96,0.66,0.11,0.12,0.49,0.25
3,0.16,0.18,3.76,2.75,0.3,0.58,10.39,0.19,0.46,0.39,0.96,0.66,0.11,0.12,0.49,0.25
3,0.16,0.18,3.76,2.75,0.3,0.58,10.39,0.19,0.46,0.39,0.96,0.66,0.11,0.12,0.49,0.25
3,0.16,0.18,3.76,2.75,0.3,0.58,10.39,0.19,0.46,0.39,0.96,0.66,0.11,0.12,0.49,0.25
3,0.16,0.21,4.86,10.24,0.51,-0.12,8.02,0.22,-0.6,0.53,0.96,0.75,0.28,0.2,0.49,0.34
3,0.16,0.21,4.86,10.24,0.51,-0.12,8.02,0.22,-0.6,0.53,0.96,0.75,0.28,0.2,0.49,0.34
3,0.16,0.21,4.86,10.24,0.51,-0.12,8.02,0.22,-0.6,0.53,0.96,0.75,0.28,0.2,0.49,0.34
3,0.16,0.21,4.86,10.24,0.51,-0.12,8.02,0.22,-0.6,0.53,0.96,0.75,0.28,0.2,0.49,0.34
3,0.16,0.21,4.86,10.24,0.51,-0.12,8.02,0.22,-0.6,0.53,0.96,0.75,0.28,0.2,0.49,0.34
3,0.16,0.21,4.86,10.24,0.51,-0.12,8.02,0.22,-0.6,0.53,0.96,0.75,0.28,0.2,0.49,0.34
3,0.16,0.21,4.86,10.24,0.51,-0.12,8.02,0.22,-0.6,0.53,0.96,0.75,0.28,0.2,0.49,0.34
3,0.16,0.21,4.86,10.24,0.51,-0.12,8.02,0.22,-0.6,0.53,0.96,0.75,0.28,0.2,0.49,0.34
3,0.16,0.21,4.86,10.24,0.51,-0.12,8.02,0.22,-0.6,0.53,0.96,0.75,0.28,0.2,0.49,0.34
3,0.16,0.21,4.86,10.24,0.51,-0.12,8.02,0.22,-0.6,0.53,0.96,0.75,0.28,0.2,0.49,0.34
3,0.16,0.21,4.86,10.24,0.51,-0.12,8.02,0.22,-0.6,0.53,0.96,0.75,0.28,0.2,0.49,0.34
3,0.16,0.21,4.86,10.24,0.51,-0.12,8.02,0.22,-0.6,0.53,0.96,0.75,0.28,0.2,0.49,0.34
3,0.18,0.18,3.95,15.37,0.57,0.28,10.41,0.21,0.25,0.5,0.94,0.76,0.16,0.24,0.41,0.24
3,0.18,0.18,3.95,15.37,0.57,0.28,10.41,0.21,0.25,0.5,0.94,0.76,0.16,0.24,0.41,0.24
3,0.18,0.18,3.95,15.37,0.57,0.28,10.41,0.21,0.25,0.5,0.94,0.76,0.16,0.24,0.41,0.24
3,0.18,0.18,3.95,15.37,0.57,0.28,10.41,0.21,0.25,0.5,0.94,0.76,0.16,0.24,0.41,0.24
3,0.18,0.18,3.95,15.37,0.57,0.28,10.41,0.21,0.25,0.5,0.94,0.76,0.16,0.24,0.41,0.24
3,0.18,0.18,3.95,15.37,0.57,0.28,10.41,0.21,0.25,0.5,0.94,0.76,0.16,0.24,0.41,0.24
3,0.18,0.18,3.95,15.37,0.57,0.28,10.41,0.21,0.25,0.5,0.94,0.76,0.16,0.24,0.41,0.24
3,0.18,0.18,3.95,15.37,0.57,0.28,10.41,0.21,0.25,0.5,0.94,0.76,0.16,0.24,0.41,0.24
3,0.18,0.18,3.95,15.37,0.57,0.28,10.41,0.21,0.25,0.5,0.94,0.76,0.16,0.24,0.41,0.24
3,0.18,0.18,3.95,15.37,0.57,0.28,10.41,0.21,0.25,0.5,0.94,0.76,0.16,0.24,0.41,0.24
3,0.18,0.18,3.95,15.37,0.57,0.28,10.41,0.21,0.25,0.5,0.94,0.76,0.16,0.24,0.41,0.24
3,0.18,0.18,3.95,15.37,0.57,0.28,10.41,0.21,0.25,0.5,0.94,0.76,0.16,0.24,0.41,0.24
3,0.17,0.14,3.87,43.12,0.61,-0.98,10.37,0.2,-0.21,0.55,0.91,0.58,0.15,0.34,0.47,0.2
3,0.17,0.14,3.87,43.12,0.61,-0.98,10.37,0.2,-0.21,0.55,0.91,0.58,0.15,0.34,0.47,0.2
3,0.17,0.14,3.87,43.12,0.61,-0.98,10.37,0.2,-0.21,0.55,0.91,0.58,0.15,0.34,0.47,0.2
3,0.17,0.14,3.87,43.12,0.61,-0.98,10.37,0.2,-0.21,0.55,0.91,0.58,0.15,0.34,0.47,0.2
3,0.17,0.14,3.87,43.12,0.61,-0.98,10.37,0.2,-0.21,0.55,0.91,0.58,0.15,0.34,0.47,0.2
3,0.17,0.14,3.87,43.12,0.61,-0.98,10.37,0.2,-0.21,0.55,0.91,0.58,0.15,0.34,0.47,0.2
3,0.17,0.14,3.87,43.12,0.61,-0.98,10.37,0.2,-0.21,0.55,0.91,0.58,0.15,0.34,0.47,0.2
3,0.17,0.14,3.87,43.12,0.61,-0.98,10.37,0.2,-0.21,0.55,0.91,0.58,0.15,0.34,0.47,0.2
3,0.17,0.14,3.87,43.12,0.61,-0.98,10.37,0.2,-0.21,0.55,0.91,0.58,0.15,0.34,0.47,0.2
3,0.17,0.14,3.87,43.12,0.61,-0.98,10.37,0.2,-0.21,0.55,0.91,0.58,0.15,0.34,0.47,0.2
3,0.17,0.14,3.87,43.12,0.61,-0.98,10.37,0.2,-0.21,0.55,0.91,0.58,0.15,0.34,0.47,0.2
3,0.17,0.14,3.87,43.12,0.61,-0.98,10.37,0.2,-0.21,0.55,0.91,0.58,0.15,0.34,0.47,0.2
3,0.15,0.13,3.85,0.74,0.43,0.09,9.83,0.14,-0.12,0.52,0.91,0.57,0.14,0.45,0.56,0.34
3,0.15,0.13,3.85,0.74,0.43,0.09,9.83,0.14,-0.12,0.52,0.91,0.57,0.14,0.45,0.56,0.34
3,0.15,0.13,3.85,0.74,0.43,0.09,9.83,0.14,-0.12,0.52,0.91,0.57,0.14,0.45,0.56,0.34
3,0.15,0.13,3.85,0.74,0.43,0.09,9.83,0.14,-0.12,0.52,0.91,0.57,0.14,0.45,0.56,0.34
3,0.15,0.13,3.85,0.74,0.43,0.09,9.83,0.14,-0.12,0.52,0.91,0.57,0.14,0.45,0.56,0.34
3,0.15,0.13,3.85,0.74,0.43,0.09,9.83,0.14,-0.12,0.52,0.91,0.57,0.14,0.45,0.56,0.34
3,0.15,0.13,3.85,0.74,0.43,0.09,9.83,0.14,-0.12,0.52,0.91,0.57,0.14,0.45,0.56,0.34
3,0.15,0.13,3.85,0.74,0.43,0.09,9.83,0.14,-0.12,0.52,0.91,0.57,0.14,0.45,0.56,0.34
3,0.15,0.13,3.85,0.74,0.43,0.09,9.83,0.14,-0.12,0.52,0.91,0.57,0.14,0.45,0.56,0.34
3,0.15,0.13,3.85,0.74,0.43,0.09,9.83,0.14,-0.12,0.52,0.91,0.57,0.14,0.45,0.56,0.34
3,0.15,0.13,3.85,0.74,0.43,0.09,9.83,0.14,-0.12,0.52,0.91,0.57,0.14,0.45,0.56,0.34
3,0.15,0.13,3.85,0.74,0.43,0.09,9.83,0.14,-0.12,0.52,0.91,0.57,0.14,0.45,0.56,0.34
3,0.17,0.14,4.07,1.56,0.36,-0.01,9.72,0.12,-0.28,0.53,0.85,0.49,0.14,0.73,0.54,0.32
3,0.17,0.14,4.07,1.56,0.36,-0.01,9.72,0.12,-0.28,0.53,0.85,0.49,0.14,0.73,0.54,0.32
3,0.17,0.14,4.07,1.56,0.36,-0.01,9.72,0.12,-0.28,0.53,0.85,0.49,0.14,0.73,0.54,0.32
3,0.17,0.14,4.07,1.56,0.36,-0.01,9.72,0.12,-0.28,0.53,0.85,0.49,0.14,0.73,0.54,0.32
3,0.17,0.14,4.07,1.56,0.36,-0.01,9.72,0.12,-0.28,0.53,0.85,0.49,0.14,0.73,0.54,0.32
3,0.17,0.14,4.07,1.56,0.36,-0.01,9.72,0.12,-0.28,0.53,0.85,0.49,0.14,0.73,0.54,0.32
3,0.17,0.14,4.07,1.56,0.36,-0.01,9.72,0.12,-0.28,0.53,0.85,0.49,0.14,0.73,0.54,0.32
3,0.17,0.14,4.07,1.56,0.36,-0.01,9.72,0.12,-0.28,0.53,0.85,0.49,0.14,0.73,0.54,0.32
3,0.17,0.14,4.07,1.56,0.36,-0.01,9.72,0.12,-0.28,0.53,0.85,0.49,0.14,0.73,0.54,0.32
3,0.17,0.14,4.07,1.56,0.36,-0.01,9.72,0.12,-0.28,0.53,0.85,0.49,0.14,0.73,0.54,0.32
3,0.17,0.14,4.07,1.56,0.36,-0.01,9.72,0.12,-0.28,0.53,0.85,0.49,0.14,0.73,0.54,0.32
3,0.17,0.14,4.07,1.56,0.36,-0.01,9.72,0.12,-0.28,0.53,0.85,0.49,0.14,0.73,0.54,0.32
3,0.15,0.14,4.09,0.88,0.5,0.15,9.93,0.13,-0.62,0.61,0.89,0.59,0.11,0.52,0.58,0.24
3,0.15,0.14,4.09,0.88,0.5,0.15,9.93,0.13,-0.62,0.61,0.89,0.59,0.11,0.52,0.58,0.24
3,0.15,0.14,4.09,0.88,0.5,0.15,9.93,0.13,-0.62,0.61,0.89,0.59,0.11,0.52,0.58,0.24
3,0.15,0.14,4.09,0.88,0.5,0.15,9.93,0.13,-0.62,0.61,0.89,0.59,0.11,0.52,0.58,0.24
3,0.15,0.14,4.09,0.88,0.5,0.15,9.93,0.13,-0.62,0.61,0.89,0.59,0.11,0.52,0.58,0.24
3,0.15,0.14,4.09,0.88,0.5,0.15,9.93,0.13,-0.62,0.61,0.89,0.59,0.11,0.52,0.58,0.24
3,0.15,0.14,4.09,0.88,0.5,0.15,9.93,0.13,-0.62,0.61,0.89,0.59,0.11,0.52,0.58,0.24
3,0.15,0.14,4.09,0.88,0.5,0.15,9.93,0.13,-0.62,0.61,0.89,0.59,0.11,0.52,0.58,0.24
3,0.15,0.14,4.09,0.88,0.5,0.15,9.93,0.13,-0.62,0.61,0.89,0.59,0.11,0.52,0.58,0.24
3,0.15,0.14,4.09,0.88,0.5,0.15,9.93,0.13,-0.62,0.61,0.89,0.59,0.11,0.52,0.58,0.24
3,0.15,0.14,4.09,0.88,0.5,0.15,9.93,0.13,-0.62,0.61,0.89,0.59,0.11,0.52,0.58,0.24
3,0.15,0.14,4.09,0.88,0.5,0.15,9.93,0.13,-0.62,0.61,0.89,0.59,0.11,0.52,0.58,0.24
3,0.17,0.18,3.8,9.82,0.37,0.9,10.63,0.2,0.29,0.45,0.9,0.46,0.12,0.26,0.52,0.23
3,0.17,0.18,3.8,9.82,0.37,0.9,10.63,0.2,0.29,0.45,0.9,0.46,0.12,0.26,0.52,0.23
3,0.17,0.18,3.8,9.82,0.37,0.9,10.63,0.2,0.29,0.45,0.9,0.46,0.12,0.26,0.52,0.23
3,0.17,0.18,3.8,9.82,0.37,0.9,10.63,0.2,0.29,0.45,0.9,0.46,0.12,0.26,0.52,0.23
3,0.17,0.18,3.8,9.82,0.37,0.9,10.63,0.2,0.29,0.45,0.9,0.46,0.12,0.26,0.52,0.23
3,0.17,0.18,3.8,9.82,0.37,0.9,10.63,0.2,0.29,0.45,0.9,0.46,0.12,0.26,0.52,0.23
3,0.17,0.18,3.8,9.82,0.37,0.9,10.63,0.2,0.29,0.45,0.9,0.46,0.12,0.26,0.52,0.23
3,0.17,0.18,3.8,9.82,0.37,0.9,10.63,0.2,0.29,0.45,0.9,0.46,0.12,0.26,0.52,0.23
3,0.17,0.18,3.8,9.82,0.37,0.9,10.63,0.2,0.29,0.45,0.9,0.46,0.12,0.26,0.52,0.23
3,0.17,0.18,3.8,9.82,0.37,0.9,10.63,0.2,0.29,0.45,0.9,0.46,0.12,0.26,0.52,0.23
3,0.17,0.18,3.8,9.82,0.37,0.9,10.63,0.2,0.29,0.45,0.9,0.46,0.12,0.26,0.52,0.23
3,0.17,0.18,3.8,9.82,0.37,0.9,10.63,0.2,0.29,0.45,0.9,0.46,0.12,0.26,0.52,0.23
3,0.15,0.14,3.86,2.74,0.62,0.4,10.61,0.24,-0.3,0.57,0.91,0.6,0.16,0.34,0.56,0.27
3,0.15,0.14,3.86,2.74,0.62,0.4,10.61,0.24,-0.3,0.57,0.91,0.6,0.16,0.34,0.56,0.27
3,0.15,0.14,3.86,2.74,0.62,0.4,10.61,0.24,-0.3,0.57,0.91,0.6,0.16,0.34,0.56,0.27
3,0.15,0.14,3.86,2.74,0.62,0.4,10.61,0.24,-0.3,0.57,0.91,0.6,0.16,0.34,0.56,0.27
3,0.15,0.14,3.86,2.74,0.62,0.4,10.61,0.24,-0.3,0.57,0.91,0.6,0.16,0.34,0.56,0.27
3,0.15,0.14,3.86,2.74,0.62,0.4,10.61,0.24,-0.3,0.57,0.91,0.6,0.16,0.34,0.56,0.27
3,0.15,0.14,3.86,2.74,0.62,0.4,10.61,0.24,-0.3,0.57,0.91,0.6,0.16,0.34,0.56,0.27
3,0.15,0.14,3.86,2.74,0.62,0.4,10.61,0.24,-0.3,0.57,0.91,0.6,0.16,0.34,0.56,0.27
3,0.15,0.14,3.86,2.74,0.62,0.4,10.61,0.24,-0.3,0.57,0.91,0.6,0.16,0.34,0.56,0.27
3,0.15,0.14,3.86,2.74,0.62,0.4,10.61,0.24,-0.3,0.57,0.91,0.6,0.16,0.34,0.56,0.27
3,0.15,0.14,3.86,2.74,0.62,0.4,10.61,0.24,-0.3,0.57,0.91,0.6,0.16,0.34,0.56,0.27
3,0.15,0.14,3.86,2.74,0.62,0.4,10.61,0.24,-0.3,0.57,0.91,0.6,0.16,0.34,0.56,0.27
3,0.2,0.16,3.81,19.63,0.51,-0.06,10.14,0.27,0.23,0.49,0.9,0.43,0.19,0.39,0.47,0.23
3,0.2,0.16,3.81,19.63,0.51,-0.06,10.14,0.27,0.23,0.49,0.9,0.43,0.19,0.39,0.47,0.23
3,0.2,0.16,3.81,19.63,0.51,-0.06,10.14,0.27,0.23,0.49,0.9,0.43,0.19,0.39,0.47,0.23
3,0.2,0.16,3.81,19.63,0.51,-0.06,10.14,0.27,0.23,0.49,0.9,0.43,0.19,0.39,0.47,0.23
3,0.2,0.16,3.81,19.63,0.51,-0.06,10.14,0.27,0.23,0.49,0.9,0.43,0.19,0.39,0.47,0.23
3,0.2,0.16,3.81,19.63,0.51,-0.06,10.14,0.27,0.23,0.49,0.9,0.43,0.19,0.39,0.47,0.23
3,0.2,0.16,3.81,19.63,0.51,-0.06,10.14,0.27,0.23,0.49,0.9,0.43,0.19,0.39,0.47,0.23
3,0.2,0.16,3.81,19.63,0.51,-0.06,10.14,0.27,0.23,0.49,0.9,0.43,0.19,0.39,0.47,0.23
3,0.2,0.16,3.81,19.63,0.51,-0.06,10.14,0.27,0.23,0.49,0.9,0.43,0.19,0.39,0.47,0.23
3,0.2,0.16,3.81,19.63,0.51,-0.06,10.14,0.27,0.23,0.49,0.9,0.43,0.19,0.39,0.47,0.23
3,0.2,0.16,3.81,19.63,0.51,-0.06,10.14,0.27,0.23,0.49,0.9,0.43,0.19,0.39,0.47,0.23
3,0.2,0.16,3.81,19.63,0.51,-0.06,10.14,0.27,0.23,0.49,0.9,0.43,0.19,0.39,0.47,0.23
3,0.14,0.14,3.88,6.11,0.61,0.33,10.41,0.14,-0.57,0.61,0.9,0.62,0.13,0.37,0.49,0.25
3,0.14,0.14,3.88,6.11,0.61,0.33,10.41,0.14,-0.57,0.61,0.9,0.62,0.13,0.37,0.49,0.25
3,0.14,0.14,3.88,6.11,0.61,0.33,10.41,0.14,-0.57,0.61,0.9,0.62,0.13,0.37,0.49,0.25
3,0.14,0.14,3.88,6.11,0.61,0.33,10.41,0.14,-0.57,0.61,0.9,0.62,0.13,0.37,0.49,0.25
3,0.14,0.14,3.88,6.11,0.61,0.33,10.41,0.14,-0.57,0.61,0.9,0.62,0.13,0.37,0.49,0.25
3,0.14,0.14,3.88,6.11,0.61,0.33,10.41,0.14,-0.57,0.61,0.9,0.62,0.13,0.37,0.49,0.25
3,0.14,0.14,3.88,6.11,0.61,0.33,10.41,0.14,-0.57,0.61,0.9,0.62,0.13,0.37,0.49,0.25
3,0.14,0.14,3.88,6.11,0.61,0.33,10.41,0.14,-0.57,0.61,0.9,0.62,0.13,0.37,0.49,0.25
3,0.14,0.14,3.88,6.11,0.61,0.33,10.41,0.14,-0.57,0.61,0.9,0.62,0.13,0.37,0.49,0.25
3,0.14,0.14,3.88,6.11,0.61,0.33,10.41,0.14,-0.57,0.61,0.9,0.62,0.13,0.37,0.49,0.25
3,0.14,0.14,3.88,6.11,0.61,0.33,10.41,0.14,-0.57,0.61,0.9,0.62,0.13,0.37,0.49,0.25
3,0.14,0.14,3.88,6.11,0.61,0.33,10.41,0.14,-0.57,0.61,0.9,0.62,0.13,0.37,0.49,0.25
3,0.19,0.18,3.83,16.24,0.48,0.54,10.64,0.21,0.32,0.45,0.86,0.71,0.13,0.31,0.49,0.15
3,0.19,0.18,3.83,16.24,0.48,0.54,10.64,0.21,0.32,0.45,0.86,0.71,0.13,0.31,0.49,0.15
3,0.19,0.18,3.83,16.24,0.48,0.54,10.64,0.21,0.32,0.45,0.86,0.71,0.13,0.31,0.49,0.15
3,0.19,0.18,3.83,16.24,0.48,0.54,10.64,0.21,0.32,0.45,0.86,0.71,0.13,0.31,0.49,0.15
3,0.19,0.18,3.83,16.24,0.48,0.54,10.64,0.21,0.32,0.45,0.86,0.71,0.13,0.31,0.49,0.15
3,0.19,0.18,3.83,16.24,0.48,0.54,10.64,0.21,0.32,0.45,0.86,0.71,0.13,0.31,0.49,0.15
3,0.19,0.18,3.83,16.24,0.48,0.54,10.64,0.21,0.32,0.45,0.86,0.71,0.13,0.31,0.49,0.15
3,0.19,0.18,3.83,16.24,0.48,0.54,10.64,0.21,0.32,0.45,0.86,0.71,0.13,0.31,0.49,0.15
3,0.19,0.18,3.83,16.24,0.48,0.54,10.64,0.21,0.32,0.45,0.86,0.71,0.13,0.31,0.49,0.15
3,0.19,0.18,3.83,16.24,0.48,0.54,10.64,0.21,0.32,0.45,0.86,0.71,0.13,0.31,0.49,0.15
3,0.19,0.18,3.83,16.24,0.48,0.54,10.64,0.21,0.32,0.45,0.86,0.71,0.13,0.31,0.49,0.15
3,0.19,0.18,3.83,16.24,0.48,0.54,10.64,0.21,0.32,0.45,0.86,0.71,0.13,0.31,0.49,0.15
3,0.15,0.15,4.09,5.28,0.42,0.83,9.84,0.13,-0.37,0.54,0.86,0.6,0.13,0.65,0.61,0.3
3,0.15,0.15,4.09,5.28,0.42,0.83,9.84,0.13,-0.37,0.54,0.86,0.6,0.13,0.65,0.61,0.3
3,0.15,0.15,4.09,5.28,0.42,0.83,9.84,0.13,-0.37,0.54,0.86,0.6,0.13,0.65,0.61,0.3
3,0.15,0.15,4.09,5.28,0.42,0.83,9.84,0.13,-0.37,0.54,0.86,0.6,0.13,0.65,0.61,0.3
3,0.15,0.15,4.09,5.28,0.42,0.83,9.84,0.13,-0.37,0.54,0.86,0.6,0.13,0.65,0.61,0.3
3,0.15,0.15,4.09,5.28,0.42,0.83,9.84,0.13,-0.37,0.54,0.86,0.6,0.13,0.65,0.61,0.3
3,0.15,0.15,4.09,5.28,0.42,0.83,9.84,0.13,-0.37,0.54,0.86,0.6,0.13,0.65,0.61,0.3
3,0.15,0.15,4.09,5.28,0.42,0.83,9.84,0.13,-0.37,0.54,0.86,0.6,0.13,0.65,0.61,0.3
3,0.15,0.15,4.09,5.28,0.42,0.83,9.84,0.13,-0.37,0.54,0.86,0.6,0.13,0.65,0.61,0.3
3,0.15,0.15,4.09,5.28,0.42,0.83,9.84,0.13,-0.37,0.54,0.86,0.6,0.13,0.65,0.61,0.3
3,0.15,0.15,4.09,5.28,0.42,0.83,9.84,0.13,-0.37,0.54,0.86,0.6,0.13,0.65,0.61,0.3
3,0.15,0.15,4.09,5.28,0.42,0.83,9.84,0.13,-0.37,0.54,0.86,0.6,0.13,0.65,0.61,0.3
3,0.17,0.11,3.73,27.05,0.41,0.42,10.59,0.2,-0.49,0.61,0.94,0.51,0.18,0.26,0.64,0.27
3,0.17,0.11,3.73,27.05,0.41,0.42,10.59,0.2,-0.49,0.61,0.94,0.51,0.18,0.26,0.64,0.27
3,0.17,0.11,3.73,27.05,0.41,0.42,10.59,0.2,-0.49,0.61,0.94,0.51,0.18,0.26,0.64,0.27
3,0.17,0.11,3.73,27.05,0.41,0.42,10.59,0.2,-0.49,0.61,0.94,0.51,0.18,0.26,0.64,0.27
3,0.17,0.11,3.73,27.05,0.41,0.42,10.59,0.2,-0.49,0.61,0.94,0.51,0.18,0.26,0.64,0.27
3,0.17,0.11,3.73,27.05,0.41,0.42,10.59,0.2,-0.49,0.61,0.94,0.51,0.18,0.26,0.64,0.27
3,0.17,0.11,3.73,27.05,0.41,0.42,10.59,0.2,-0.49,0.61,0.94,0.51,0.18,0.26,0.64,0.27
3,0.17,0.11,3.73,27.05,0.41,0.42,10.59,0.2,-0.49,0.61,0.94,0.51,0.18,0.26,0.64,0.27
3,0.17,0.11,3.73,27.05,0.41,0.42,10.59,0.2,-0.49,0.61,0.94,0.51,0.18,0.26,0.64,0.27
3,0.17,0.11,3.73,27.05,0.41,0.42,10.59,0.2,-0.49,0.61,0.94,0.51,0.18,0.26,0.64,0.27
3,0.17,0.11,3.73,27.05,0.41,0.42,10.59,0.2,-0.49,0.61,0.94,0.51,0.18,0.26,0.64,0.27
3,0.17,0.11,3.73,27.05,0.41,0.42,10.59,0.2,-0.49,0.61,0.94,0.51,0.18,0.26,0.64,0.27
3,0.13,0.14,4.07,4.58,0.49,-0.89,10.16,0.15,-0.61,0.55,0.91,0.64,0.14,0.41,0.48,0.28
3,0.13,0.14,4.07,4.58,0.49,-0.89,10.16,0.15,-0.61,0.55,0.91,0.64,0.14,0.41,0.48,0.28
3,0.13,0.14,4.07,4.58,0.49,-0.89,10.16,0.15,-0.61,0.55,0.91,0.64,0.14,0.41,0.48,0.28
3,0.13,0.14,4.07,4.58,0.49,-0.89,10.16,0.15,-0.61,0.55,0.91,0.64,0.14,0.41,0.48,0.28
3,0.13,0.14,4.07,4.58,0.49,-0.89,10.16,0.15,-0.61,0.55,0.91,0.64,0.14,0.41,0.48,0.28
3,0.13,0.14,4.07,4.58,0.49,-0.89,10.16,0.15,-0.61,0.55,0.91,0.64,0.14,0.41,0.48,0.28
3,0.13,0.14,4.07,4.58,0.49,-0.89,10.16,0.15,-0.61,0.55,0.91,0.64,0.14,0.41,0.48,0.28
3,0.13,0.14,4.07,4.58,0.49,-0.89,10.16,0.15,-0.61,0.55,0.91,0.64,0.14,0.41,0.48,0.28
3,0.13,0.14,4.07,4.58,0.49,-0.89,10.16,0.15,-0.61,0.55,0.91,0.64,0.14,0.41,0.48,0.28
3,0.13,0.14,4.07,4.58,0.49,-0.89,10.16,0.15,-0.61,0.55,0.91,0.64,0.14,0.41,0.48,0.28
3,0.13,0.14,4.07,4.58,0.49,-0.89,10.16,0.15,-0.61,0.55,0.91,0.64,0.14,0.41,0.48,0.28
3,0.13,0.14,4.07,4.58,0.49,-0.89,10.16,0.15,-0.61,0.55,0.91,0.64,0.14,0.41,0.48,0.28
3,0.16,0.12,4.38,14.54,0.38,0.12,9.2,0.18,-0.07,0.39,0.81,0.61,0.19,0.76,0.51,0.26
3,0.16,0.12,4.38,14.54,0.38,0.12,9.2,0.18,-0.07,0.39,0.81,0.61,0.19,0.76,0.51,0.26
3,0.16,0.12,4.38,14.54,0.38,0.12,9.2,0.18,-0.07,0.39,0.81,0.61,0.19,0.76,0.51,0.26
3,0.16,0.12,4.38,14.54,0.38,0.12,9.2,0.18,-0.07,0.39,0.81,0.61,0.19,0.76,0.51,0.26
3,0.16,0.12,4.38,14.54,0.38,0.12,9.2,0.18,-0.07,0.39,0.81,0.61,0.19,0.76,0.51,0.26
3,0.16,0.12,4.38,14.54,0.38,0.12,9.2,0.18,-0.07,0.39,0.81,0.61,0.19,0.76,0.51,0.26
3,0.16,0.12,4.38,14.54,0.38,0.12,9.2,0.18,-0.07,0.39,0.81,0.61,0.19,0.76,0.51,0.26
3,0.16,0.12,4.38,14.54,0.38,0.12,9.2,0.18,-0.07,0.39,0.81,0.61,0.19,0.76,0.51,0.26
3,0.16,0.12,4.38,14.54,0.38,0.12,9.2,0.18,-0.07,0.39,0.81,0.61,0.19,0.76,0.51,0.26
3,0.16,0.12,4.38,14.54,0.38,0.12,9.2,0.18,-0.07,0.39,0.81,0.61,0.19,0.76,0.51,0.26
3,0.16,0.12,4.38,14.54,0.38,0.12,9.2,0.18,-0.07,0.39,0.81,0.61,0.19,0.76,0.51,0.26
3,0.16,0.12,4.38,14.54,0.38,0.12,9.2,0.18,-0.07,0.39,0.81,0.61,0.19,0.76,0.51,0.26
3,0.15,0.1,4.05,22.85,0.47,0.09,9.66,0.15,-0.31,0.38,0.67,0.62,0.16,1.0,0.47,0.23
3,0.15,0.1,4.05,22.85,0.47,0.09,9.66,0.15,-0.31,0.38,0.67,0.62,0.16,1.0,0.47,0.23
3,0.15,0.1,4.05,22.85,0.47,0.09,9.66,0.15,-0.31,0.38,0.67,0.62,0.16,1.0,0.47,0.23
3,0.15,0.1,4.05,22.85,0.47,0.09,9.66,0.15,-0.31,0.38,0.67,0.62,0.16,1.0,0.47,0.23
3,0.15,0.1,4.05,22.85,0.47,0.09,9.66,0.15,-0.31,0.38,0.67,0.62,0.16,1.0,0.47,0.23
3,0.15,0.1,4.05,22.85,0.47,0.09,9.66,0.15,-0.31,0.38,0.67,0.62,0.16,1.0,0.47,0.23
3,0.15,0.1,4.05,22.85,0.47,0.09,9.66,0.15,-0.31,0.38,0.67,0.62,0.16,1.0,0.47,0.23
3,0.15,0.1,4.05,22.85,0.47,0.09,9.66,0.15,-0.31,0.38,0.67,0.62,0.16,1.0,0.47,0.23
3,0.15,0.1,4.05,22.85,0.47,0.09,9.66,0.15,-0.31,0.38,0.67,0.62,0.16,1.0,0.47,0.23
3,0.15,0.1,4.05,22.85,0.47,0.09,9.66,0.15,-0.31,0.38,0.67,0.62,0.16,1.0,0.47,0.23
3,0.15,0.1,4.05,22.85,0.47,0.09,9.66,0.15,-0.31,0.38,0.67,0.62,0.16,1.0,0.47,0.23
3,0.15,0.1,4.05,22.85,0.47,0.09,9.66,0.15,-0.31,0.38,0.67,0.62,0.16,1.0,0.47,0.23
3,0.17,0.17,3.95,28.31,0.52,-1.77,10.31,0.15,0.46,0.43,0.91,0.48,0.15,0.36,0.42,0.22
3,0.17,0.17,3.95,28.31,0.52,-1.77,10.31,0.15,0.46,0.43,0.91,0.48,0.15,0.36,0.42,0.22
3,0.17,0.17,3.95,28.31,0.52,-1.77,10.31,0.15,0.46,0.43,0.91,0.48,0.15,0.36,0.42,0.22
3,0.17,0.17,3.95,28.31,0.52,-1.77,10.31,0.15,0.46,0.43,0.91,0.48,0.15,0.36,0.42,0.22
3,0.17,0.17,3.95,28.31,0.52,-1.77,10.31,0.15,0.46,0.43,0.91,0.48,0.15,0.36,0.42,0.22
3,0.17,0.17,3.95,28.31,0.52,-1.77,10.31,0.15,0.46,0.43,0.91,0.48,0.15,0.36,0.42,0.22
3,0.17,0.17,3.95,28.31,0.52,-1.77,10.31,0.15,0.46,0.43,0.91,0.48,0.15,0.36,0.42,0.22
3,0.17,0.17,3.95,28.31,0.52,-1.77,10.31,0.15,0.46,0.43,0.91,0.48,0.15,0.36,0.42,0.22
3,0.17,0.17,3.95,28.31,0.52,-1.77,10.31,0.15,0.46,0.43,0.91,0.48,0.15,0.36,0.42,0.22
3,0.17,0.17,3.95,28.31,0.52,-1.77,10.31,0.15,0.46,0.43,0.91,0.48,0.15,0.36,0.42,0.22
3,0.17,0.17,3.95,28.31,0.52,-1.77,10.31,0.15,0.46,0.43,0.91,0.48,0.15,0.36,0.42,0.22
3,0.17,0.17,3.95,28.31,0.52,-1.77,10.31,0.15,0.46,0.43,0.91,0.48,0.15,0.36,0.42,0.22
3,0.17,0.16,3.92,3.62,0.55,0.43,10.48,0.2,0.15,0.48,0.88,0.34,0.14,0.56,0.53,0.29
3,0.17,0.16,3.92,3.62,0.55,0.43,10.48,0.2,0.15,0.48,0.88,0.34,0.14,0.56,0.53,0.29
3,0.17,0.16,3.92,3.62,0.55,0.43,10.48,0.2,0.15,0.48,0.88,0.34,0.14,0.56,0.53,0.29
3,0.17,0.16,3.92,3.62,0.55,0.43,10.48,0.2,0.15,0.48,0.88,0.34,0.14,0.56,0.53,0.29
3,0.17,0.16,3.92,3.62,0.55,0.43,10.48,0.2,0.15,0.48,0.88,0.34,0.14,0.56,0.53,0.29
3,0.17,0.16,3.92,3.62,0.55,0.43,10.48,0.2,0.15,0.48,0.88,0.34,0.14,0.56,0.53,0.29
3,0.17,0.16,3.92,3.62,0.55,0.43,10.48,0.2,0.15,0.48,0.88,0.34,0.14,0.56,0.53,0.29
3,0.17,0.16,3.92,3.62,0.55,0.43,10.48,0.2,0.15,0.48,0.88,0.34,0.14,0.56,0.53,0.29
3,0.17,0.16,3.92,3.62,0.55,0.43,10.48,0.2,0.15,0.48,0.88,0.34,0.14,0.56,0.53,0.29
3,0.17,0.16,3.92,3.62,0.55,0.43,10.48,0.2,0.15,0.48,0.88,0.34,0.14,0.56,0.53,0.29
3,0.17,0.16,3.92,3.62,0.55,0.43,10.48,0.2,0.15,0.48,0.88,0.34,0.14,0.56,0.53,0.29
3,0.17,0.16,3.92,3.62,0.55,0.43,10.48,0.2,0.15,0.48,0.88,0.34,0.14,0.56,0.53,0.29
3,0.15,0.19,3.94,31.12,0.58,1.18,10.36,0.17,-0.5,0.63,0.86,0.83,0.17,0.39,0.66,0.19
3,0.15,0.19,3.94,31.12,0.58,1.18,10.36,0.17,-0.5,0.63,0.86,0.83,0.17,0.39,0.66,0.19
3,0.15,0.19,3.94,31.12,0.58,1.18,10.36,0.17,-0.5,0.63,0.86,0.83,0.17,0.39,0.66,0.19
3,0.15,0.19,3.94,31.12,0.58,1.18,10.36,0.17,-0.5,0.63,0.86,0.83,0.17,0.39,0.66,0.19
3,0.15,0.19,3.94,31.12,0.58,1.18,10.36,0.17,-0.5,0.63,0.86,0.83,0.17,0.39,0.66,0.19
3,0.15,0.19,3.94,31.12,0.58,1.18,10.36,0.17,-0.5,0.63,0.86,0.83,0.17,0.39,0.66,0.19
3,0.15,0.19,3.94,31.12,0.58,1.18,10.36,0.17,-0.5,0.63,0.86,0.83,0.17,0.39,0.66,0.19
3,0.15,0.19,3.94,31.12,0.58,1.18,10.36,0.17,-0.5,0.63,0.86,0.83,0.17,0.39,0.66,0.19
3,0.15,0.19,3.94,31.12,0.58,1.18,10.36,0.17,-0.5,0.63,0.86,0.83,0.17,0.39,0.66,0.19
3,0.15,0.19,3.94,31.12,0.58,1.18,10.36,0.17,-0.5,0.63,0.86,0.83,0.17,0.39,0.66,0.19
3,0.15,0.19,3.94,31.12,0.58,1.18,10.36,0.17,-0.5,0.63,0.86,0.83,0.17,0.39,0.66,0.19
3,0.15,0.19,3.94,31.12,0.58,1.18,10.36,0.17,-0.5,0.63,0.86,0.83,0.17,0.39,0.66,0.19
3,0.13,0.14,3.93,4.7,0.46,0.12,10.6,0.14,-0.57,0.66,0.93,0.41,0.1,0.2,0.56,0.21
3,0.13,0.14,3.93,4.7,0.46,0.12,10.6,0.14,-0.57,0.66,0.93,0.41,0.1,0.2,0.56,0.21
3,0.13,0.14,3.93,4.7,0.46,0.12,10.6,0.14,-0.57,0.66,0.93,0.41,0.1,0.2,0.56,0.21
3,0.13,0.14,3.93,4.7,0.46,0.12,10.6,0.14,-0.57,0.66,0.93,0.41,0.1,0.2,0.56,0.21
3,0.13,0.14,3.93,4.7,0.46,0.12,10.6,0.14,-0.57,0.66,0.93,0.41,0.1,0.2,0.56,0.21
3,0.13,0.14,3.93,4.7,0.46,0.12,10.6,0.14,-0.57,0.66,0.93,0.41,0.1,0.2,0.56,0.21
3,0.13,0.14,3.93,4.7,0.46,0.12,10.6,0.14,-0.57,0.66,0.93,0.41,0.1,0.2,0.56,0.21
3,0.13,0.14,3.93,4.7,0.46,0.12,10.6,0.14,-0.57,0.66,0.93,0.41,0.1,0.2,0.56,0.21
3,0.13,0.14,3.93,4.7,0.46,0.12,10.6,0.14,-0.57,0.66,0.93,0.41,0.1,0.2,0.56,0.21
3,0.13,0.14,3.93,4.7,0.46,0.12,10.6,0.14,-0.57,0.66,0.93,0.41,0.1,0.2,0.56,0.21
3,0.13,0.14,3.93,4.7,0.46,0.12,10.6,0.14,-0.57,0.66,0.93,0.41,0.1,0.2,0.56,0.21
3,0.13,0.14,3.93,4.7,0.46,0.12,10.6,0.14,-0.57,0.66,0.93,0.41,0.1,0.2,0.56,0.21
3,0.14,0.17,3.99,14.31,0.45,0.04,10.32,0.14,-1.24,0.59,0.87,0.52,0.16,0.46,0.52,0.21
3,0.14,0.17,3.99,14.31,0.45,0.04,10.32,0.14,-1.24,0.59,0.87,0.52,0.16,0.46,0.52,0.21
3,0.14,0.17,3.99,14.31,0.45,0.04,10.32,0.14,-1.24,0.59,0.87,0.52,0.16,0.46,0.52,0.21
3,0.14,0.17,3.99,14.31,0.45,0.04,10.32,0.14,-1.24,0.59,0.87,0.52,0.16,0.46,0.52,0.21
3,0.14,0.17,3.99,14.31,0.45,0.04,10.32,0.14,-1.24,0.59,0.87,0.52,0.16,0.46,0.52,0.21
3,0.14,0.17,3.99,14.31,0.45,0.04,10.32,0.14,-1.24,0.59,0.87,0.52,0.16,0.46,0.52,0.21
3,0.14,0.17,3.99,14.31,0.45,0.04,10.32,0.14,-1.24,0.59,0.87,0.52,0.16,0.46,0.52,0.21
3,0.14,0.17,3.99,14.31,0.45,0.04,10.32,0.14,-1.24,0.59,0.87,0.52,0.16,0.46,0.52,0.21
3,0.14,0.17,3.99,14.31,0.45,0.04,10.32,0.14,-1.24,0.59,0.87,0.52,0.16,0.46,0.52,0.21
3,0.14,0.17,3.99,14.31,0.45,0.04,10.32,0.14,-1.24,0.59,0.87,0.52,0.16,0.46,0.52,0.21
3,0.14,0.17,3.99,14.31,0.45,0.04,10.32,0.14,-1.24,0.59,0.87,0.52,0.16,0.46,0.52,0.21
3,0.14,0.17,3.99,14.31,0.45,0.04,10.32,0.14,-1.24,0.59,0.87,0.52,0.16,0.46,0.52,0.21
3,0.14,0.17,3.94,4.54,0.37,0.43,10.39,0.14,0.17,0.44,0.93,0.67,0.17,0.21,0.47,0.22
3,0.14,0.17,3.94,4.54,0.37,0.43,10.39,0.14,0.17,0.44,0.93,0.67,0.17,0.21,0.47,0.22
3,0.14,0.17,3.94,4.54,0.37,0.43,10.39,0.14,0.17,0.44,0.93,0.67,0.17,0.21,0.47,0.22
3,0.14,0.17,3.94,4.54,0.37,0.43,10.39,0.14,0.17,0.44,0.93,0.67,0.17,0.21,0.47,0.22
3,0.14,0.17,3.94,4.54,0.37,0.43,10.39,0.14,0.17,0.44,0.93,0.67,0.17,0.21,0.47,0.22
3,0.14,0.17,3.94,4.54,0.37,0.43,10.39,0.14,0.17,0.44,0.93,0.67,0.17,0.21,0.47,0.22
3,0.14,0.17,3.94,4.54,0.37,0.43,10.39,0.14,0.17,0.44,0.93,0.67,0.17,0.21,0.47,0.22
3,0.14,0.17,3.94,4.54,0.37,0.43,10.39,0.14,0.17,0.44,0.93,0.67,0.17,0.21,0.47,0.22
3,0.14,0.17,3.94,4.54,0.37,0.43,10.39,0.14,0.17,0.44,0.93,0.67,0.17,0.21,0.47,0.22
3,0.14,0.17,3.94,4.54,0.37,0.43,10.39,0.14,0.17,0.44,0.93,0.67,0.17,0.21,0.47,0.22
3,0.14,0.17,3.94,4.54,0.37,0.43,10.39,0.14,0.17,0.44,0.93,0.67,0.17,0.21,0.47,0.22
3,0.14,0.17,3.94,4.54,0.37,0.43,10.39,0.14,0.17,0.44,0.93,0.67,0.17,0.21,0.47,0.22
3,0.21,0.18,4.53,52.57,0.56,0.26,9.64,0.24,0.03,0.48,0.88,0.7,0.2,0.53,0.4,0.24
3,0.21,0.18,4.53,52.57,0.56,0.26,9.64,0.24,0.03,0.48,0.88,0.7,0.2,0.53,0.4,0.24
3,0.21,0.18,4.53,52.57,0.56,0.26,9.64,0.24,0.03,0.48,0.88,0.7,0.2,0.53,0.4,0.24
3,0.21,0.18,4.53,52.57,0.56,0.26,9.64,0.24,0.03,0.48,0.88,0.7,0.2,0.53,0.4,0.24
3,0.21,0.18,4.53,52.57,0.56,0.26,9.64,0.24,0.03,0.48,0.88,0.7,0.2,0.53,0.4,0.24
3,0.21,0.18,4.53,52.57,0.56,0.26,9.64,0.24,0.03,0.48,0.88,0.7,0.2,0.53,0.4,0.24
3,0.21,0.18,4.53,52.57,0.56,0.26,9.64,0.24,0.03,0.48,0.88,0.7,0.2,0.53,0.4,0.24
3,0.21,0.18,4.53,52.57,0.56,0.26,9.64,0.24,0.03,0.48,0.88,0.7,0.2,0.53,0.4,0.24
3,0.21,0.18,4.53,52.57,0.56,0.26,9.64,0.24,0.03,0.48,0.88,0.7,0.2,0.53,0.4,0.24
3,0.21,0.18,4.53,52.57,0.56,0.26,9.64,0.24,0.03,0.48,0.88,0.7,0.2,0.53,0.4,0.24
3,0.21,0.18,4.53,52.57,0.56,0.26,9.64,0.24,0.03,0.48,0.88,0.7,0.2,0.53,0.4,0.24
3,0.21,0.18,4.53,52.57,0.56,0.26,9.64,0.24,0.03,0.48,0.88,0.7,0.2,0.53,0.4,0.24
3,0.13,0.16,3.72,39.56,0.32,0.12,10.22,0.16,0.31,0.48,0.97,0.6,0.19,0.11,0.49,0.27
3,0.13,0.16,3.72,39.56,0.32,0.12,10.22,0.16,0.31,0.48,0.97,0.6,0.19,0.11,0.49,0.27
3,0.13,0.16,3.72,39.56,0.32,0.12,10.22,0.16,0.31,0.48,0.97,0.6,0.19,0.11,0.49,0.27
3,0.13,0.16,3.72,39.56,0.32,0.12,10.22,0.16,0.31,0.48,0.97,0.6,0.19,0.11,0.49,0.27
3,0.13,0.16,3.72,39.56,0.32,0.12,10.22,0.16,0.31,0.48,0.97,0.6,0.19,0.11,0.49,0.27
3,0.13,0.16,3.72,39.56,0.32,0.12,10.22,0.16,0.31,0.48,0.97,0.6,0.19,0.11,0.49,0.27
3,0.13,0.16,3.72,39.56,0.32,0.12,10.22,0.16,0.31,0.48,0.97,0.6,0.19,0.11,0.49,0.27
3,0.13,0.16,3.72,39.56,0.32,0.12,10.22,0.16,0.31,0.48,0.97,0.6,0.19,0.11,0.49,0.27
3,0.13,0.16,3.72,39.56,0.32,0.12,10.22,0.16,0.31,0.48,0.97,0.6,0.19,0.11,0.49,0.27
3,0.13,0.16,3.72,39.56,0.32,0.12,10.22,0.16,0.31,0.48,0.97,0.6,0.19,0.11,0.49,0.27
3,0.13,0.16,3.72,39.56,0.32,0.12,10.22,0.16,0.31,0.48,0.97,0.6,0.19,0.11,0.49,0.27
3,0.13,0.16,3.72,39.56,0.32,0.12,10.22,0.16,0.31,0.48,0.97,0.6,0.19,0.11,0.49,0.27
3,0.13,0.16,3.69,26.43,0.34,0.34,10.18,0.16,0.16,0.53,0.97,0.47,0.18,0.08,0.54,0.22
3,0.13,0.16,3.69,26.43,0.34,0.34,10.18,0.16,0.16,0.53,0.97,0.47,0.18,0.08,0.54,0.22
3,0.13,0.16,3.69,26.43,0.34,0.34,10.18,0.16,0.16,0.53,0.97,0.47,0.18,0.08,0.54,0.22
3,0.13,0.16,3.69,26.43,0.34,0.34,10.18,0.16,0.16,0.53,0.97,0.47,0.18,0.08,0.54,0.22
3,0.13,0.16,3.69,26.43,0.34,0.34,10.18,0.16,0.16,0.53,0.97,0.47,0.18,0.08,0.54,0.22
3,0.13,0.16,3.69,26.43,0.34,0.34,10.18,0.16,0.16,0.53,0.97,0.47,0.18,0.08,0.54,0.22
3,0.13,0.16,3.69,26.43,0.34,0.34,10.18,0.16,0.16,0.53,0.97,0.47,0.18,0.08,0.54,0.22
3,0.13,0.16,3.69,26.43,0.34,0.34,10.18,0.16,0.16,0.53,0.97,0.47,0.18,0.08,0.54,0.22
3,0.13,0.16,3.69,26.43,0.34,0.34,10.18,0.16,0.16,0.53,0.97,0.47,0.18,0.08,0.54,0.22
3,0.13,0.16,3.69,26.43,0.34,0.34,10.18,0.16,0.16,0.53,0.97,0.47,0.18,0.08,0.54,0.22
3,0.13,0.16,3.69,26.43,0.34,0.34,10.18,0.16,0.16,0.53,0.97,0.47,0.18,0.08,0.54,0.22
3,0.13,0.16,3.69,26.43,0.34,0.34,10.18,0.16,0.16,0.53,0.97,0.47,0.18,0.08,0.54,0.22
3,0.14,0.16,3.67,24.99,0.34,0.36,10.14,0.15,0.16,0.5,0.97,0.49,0.18,0.08,0.51,0.22
3,0.14,0.16,3.67,24.99,0.34,0.36,10.14,0.15,0.16,0.5,0.97,0.49,0.18,0.08,0.51,0.22
3,0.14,0.16,3.67,24.99,0.34,0.36,10.14,0.15,0.16,0.5,0.97,0.49,0.18,0.08,0.51,0.22
3,0.14,0.16,3.67,24.99,0.34,0.36,10.14,0.15,0.16,0.5,0.97,0.49,0.18,0.08,0.51,0.22
3,0.14,0.16,3.67,24.99,0.34,0.36,10.14,0.15,0.16,0.5,0.97,0.49,0.18,0.08,0.51,0.22
3,0.14,0.16,3.67,24.99,0.34,0.36,10.14,0.15,0.16,0.5,0.97,0.49,0.18,0.08,0.51,0.22
3,0.14,0.16,3.67,24.99,0.34,0.36,10.14,0.15,0.16,0.5,0.97,0.49,0.18,0.08,0.51,0.22
3,0.14,0.16,3.67,24.99,0.34,0.36,10.14,0.15,0.16,0.5,0.97,0.49,0.18,0.08,0.51,0.22
3,0.14,0.16,3.67,24.99,0.34,0.36,10.14,0.15,0.16,0.5,0.97,0.49,0.18,0.08,0.51,0.22
3,0.14,0.16,3.67,24.99,0.34,0.36,10.14,0.15,0.16,0.5,0.97,0.49,0.18,0.08,0.51,0.22
3,0.14,0.16,3.67,24.99,0.34,0.36,10.14,0.15,0.16,0.5,0.97,0.49,0.18,0.08,0.51,0.22
3,0.14,0.16,3.67,24.99,0.34,0.36,10.14,0.15,0.16,0.5,0.97,0.49,0.18,0.08,0.51,0.22
3,0.13,0.16,3.71,39.86,0.32,0.12,10.2,0.16,0.32,0.46,0.93,0.52,0.19,0.29,0.47,0.27
3,0.13,0.16,3.71,39.86,0.32,0.12,10.2,0.16,0.32,0.46,0.93,0.52,0.19,0.29,0.47,0.27
3,0.13,0.16,3.71,39.86,0.32,0.12,10.2,0.16,0.32,0.46,0.93,0.52,0.19,0.29,0.47,0.27
3,0.13,0.16,3.71,39.86,0.32,0.12,10.2,0.16,0.32,0.46,0.93,0.52,0.19,0.29,0.47,0.27
3,0.13,0.16,3.71,39.86,0.32,0.12,10.2,0.16,0.32,0.46,0.93,0.52,0.19,0.29,0.47,0.27
3,0.13,0.16,3.71,39.86,0.32,0.12,10.2,0.16,0.32,0.46,0.93,0.52,0.19,0.29,0.47,0.27
3,0.13,0.16,3.71,39.86,0.32,0.12,10.2,0.16,0.32,0.46,0.93,0.52,0.19,0.29,0.47,0.27
3,0.13,0.16,3.71,39.86,0.32,0.12,10.2,0.16,0.32,0.46,0.93,0.52,0.19,0.29,0.47,0.27
3,0.13,0.16,3.71,39.86,0.32,0.12,10.2,0.16,0.32,0.46,0.93,0.52,0.19,0.29,0.47,0.27
3,0.13,0.16,3.71,39.86,0.32,0.12,10.2,0.16,0.32,0.46,0.93,0.52,0.19,0.29,0.47,0.27
3,0.13,0.16,3.71,39.86,0.32,0.12,10.2,0.16,0.32,0.46,0.93,0.52,0.19,0.29,0.47,0.27
3,0.13,0.16,3.71,39.86,0.32,0.12,10.2,0.16,0.32,0.46,0.93,0.52,0.19,0.29,0.47,0.27
3,0.16,0.11,4.59,3.4,0.39,0.04,8.04,0.15,0.57,0.39,0.93,0.58,0.2,0.37,0.4,0.36
3,0.16,0.11,4.59,3.4,0.39,0.04,8.04,0.15,0.57,0.39,0.93,0.58,0.2,0.37,0.4,0.36
3,0.16,0.11,4.59,3.4,0.39,0.04,8.04,0.15,0.57,0.39,0.93,0.58,0.2,0.37,0.4,0.36
3,0.16,0.11,4.59,3.4,0.39,0.04,8.04,0.15,0.57,0.39,0.93,0.58,0.2,0.37,0.4,0.36
3,0.16,0.11,4.59,3.4,0.39,0.04,8.04,0.15,0.57,0.39,0.93,0.58,0.2,0.37,0.4,0.36
3,0.16,0.11,4.59,3.4,0.39,0.04,8.04,0.15,0.57,0.39,0.93,0.58,0.2,0.37,0.4,0.36
3,0.16,0.11,4.59,3.4,0.39,0.04,8.04,0.15,0.57,0.39,0.93,0.58,0.2,0.37,0.4,0.36
3,0.16,0.11,4.59,3.4,0.39,0.04,8.04,0.15,0.57,0.39,0.93,0.58,0.2,0.37,0.4,0.36
3,0.16,0.11,4.59,3.4,0.39,0.04,8.04,0.15,0.57,0.39,0.93,0.58,0.2,0.37,0.4,0.36
3,0.16,0.11,4.59,3.4,0.39,0.04,8.04,0.15,0.57,0.39,0.93,0.58,0.2,0.37,0.4,0.36
3,0.16,0.11,4.59,3.4,0.39,0.04,8.04,0.15,0.57,0.39,0.93,0.58,0.2,0.37,0.4,0.36
3,0.16,0.11,4.59,3.4,0.39,0.04,8.04,0.15,0.57,0.39,0.93,0.58,0.2,0.37,0.4,0.36
3,0.19,0.17,3.97,38.47,0.58,-0.74,10.14,0.18,-0.61,0.61,0.82,0.84,0.18,0.4,0.45,0.17
3,0.19,0.17,3.97,38.47,0.58,-0.74,10.14,0.18,-0.61,0.61,0.82,0.84,0.18,0.4,0.45,0.17
3,0.19,0.17,3.97,38.47,0.58,-0.74,10.14,0.18,-0.61,0.61,0.82,0.84,0.18,0.4,0.45,0.17
3,0.19,0.17,3.97,38.47,0.58,-0.74,10.14,0.18,-0.61,0.61,0.82,0.84,0.18,0.4,0.45,0.17
3,0.19,0.17,3.97,38.47,0.58,-0.74,10.14,0.18,-0.61,0.61,0.82,0.84,0.18,0.4,0.45,0.17
3,0.19,0.17,3.97,38.47,0.58,-0.74,10.14,0.18,-0.61,0.61,0.82,0.84,0.18,0.4,0.45,0.17
3,0.19,0.17,3.97,38.47,0.58,-0.74,10.14,0.18,-0.61,0.61,0.82,0.84,0.18,0.4,0.45,0.17
3,0.19,0.17,3.97,38.47,0.58,-0.74,10.14,0.18,-0.61,0.61,0.82,0.84,0.18,0.4,0.45,0.17
3,0.19,0.17,3.97,38.47,0.58,-0.74,10.14,0.18,-0.61,0.61,0.82,0.84,0.18,0.4,0.45,0.17
3,0.19,0.17,3.97,38.47,0.58,-0.74,10.14,0.18,-0.61,0.61,0.82,0.84,0.18,0.4,0.45,0.17
3,0.19,0.17,3.97,38.47,0.58,-0.74,10.14,0.18,-0.61,0.61,0.82,0.84,0.18,0.4,0.45,0.17
3,0.19,0.17,3.97,38.47,0.58,-0.74,10.14,0.18,-0.61,0.61,0.82,0.84,0.18,0.4,0.45,0.17
3,0.15,0.15,3.12,1.55,0.49,-0.54,10.15,0.17,0.15,0.46,0.92,0.59,0.12,0.64,0.43,0.38
3,0.15,0.15,3.12,1.55,0.49,-0.54,10.15,0.17,0.15,0.46,0.92,0.59,0.12,0.64,0.43,0.38
3,0.15,0.15,3.12,1.55,0.49,-0.54,10.15,0.17,0.15,0.46,0.92,0.59,0.12,0.64,0.43,0.38
3,0.15,0.15,3.12,1.55,0.49,-0.54,10.15,0.17,0.15,0.46,0.92,0.59,0.12,0.64,0.43,0.38
3,0.15,0.15,3.12,1.55,0.49,-0.54,10.15,0.17,0.15,0.46,0.92,0.59,0.12,0.64,0.43,0.38
3,0.15,0.15,3.12,1.55,0.49,-0.54,10.15,0.17,0.15,0.46,0.92,0.59,0.12,0.64,0.43,0.38
3,0.15,0.15,3.12,1.55,0.49,-0.54,10.15,0.17,0.15,0.46,0.92,0.59,0.12,0.64,0.43,0.38
3,0.15,0.15,3.12,1.55,0.49,-0.54,10.15,0.17,0.15,0.46,0.92,0.59,0.12,0.64,0.43,0.38
3,0.15,0.15,3.12,1.55,0.49,-0.54,10.15,0.17,0.15,0.46,0.92,0.59,0.12,0.64,0.43,0.38
3,0.15,0.15,3.12,1.55,0.49,-0.54,10.15,0.17,0.15,0.46,0.92,0.59,0.12,0.64,0.43,0.38
3,0.15,0.15,3.12,1.55,0.49,-0.54,10.15,0.17,0.15,0.46,0.92,0.59,0.12,0.64,0.43,0.38
3,0.15,0.15,3.12,1.55,0.49,-0.54,10.15,0.17,0.15,0.46,0.92,0.59,0.12,0.64,0.43,0.38
3,0.13,0.12,3.85,16.83,0.44,-0.25,10.45,0.1,-1.3,0.68,0.84,0.42,0.18,0.35,0.39,0.2
3,0.13,0.12,3.85,16.83,0.44,-0.25,10.45,0.1,-1.3,0.68,0.84,0.42,0.18,0.35,0.39,0.2
3,0.13,0.12,3.85,16.83,0.44,-0.25,10.45,0.1,-1.3,0.68,0.84,0.42,0.18,0.35,0.39,0.2
3,0.13,0.12,3.85,16.83,0.44,-0.25,10.45,0.1,-1.3,0.68,0.84,0.42,0.18,0.35,0.39,0.2
3,0.13,0.12,3.85,16.83,0.44,-0.25,10.45,0.1,-1.3,0.68,0.84,0.42,0.18,0.35,0.39,0.2
3,0.13,0.12,3.85,16.83,0.44,-0.25,10.45,0.1,-1.3,0.68,0.84,0.42,0.18,0.35,0.39,0.2
3,0.13,0.12,3.85,16.83,0.44,-0.25,10.45,0.1,-1.3,0.68,0.84,0.42,0.18,0.35,0.39,0.2
3,0.13,0.12,3.85,16.83,0.44,-0.25,10.45,0.1,-1.3,0.68,0.84,0.42,0.18,0.35,0.39,0.2
3,0.13,0.12,3.85,16.83,0.44,-0.25,10.45,0.1,-1.3,0.68,0.84,0.42,0.18,0.35,0.39,0.2
3,0.13,0.12,3.85,16.83,0.44,-0.25,10.45,0.1,-1.3,0.68,0.84,0.42,0.18,0.35,0.39,0.2
3,0.13,0.12,3.85,16.83,0.44,-0.25,10.45,0.1,-1.3,0.68,0.84,0.42,0.18,0.35,0.39,0.2
3,0.13,0.12,3.85,16.83,0.44,-0.25,10.45,0.1,-1.3,0.68,0.84,0.42,0.18,0.35,0.39,0.2
3,0.16,0.16,3.98,2.89,0.31,-0.17,9.04,0.12,0.85,0.44,0.94,0.65,0.22,0.27,0.44,0.34
3,0.16,0.16,3.98,2.89,0.31,-0.17,9.04,0.12,0.85,0.44,0.94,0.65,0.22,0.27,0.44,0.34
3,0.16,0.16,3.98,2.89,0.31,-0.17,9.04,0.12,0.85,0.44,0.94,0.65,0.22,0.27,0.44,0.34
3,0.16,0.16,3.98,2.89,0.31,-0.17,9.04,0.12,0.85,0.44,0.94,0.65,0.22,0.27,0.44,0.34
3,0.16,0.16,3.98,2.89,0.31,-0.17,9.04,0.12,0.85,0.44,0.94,0.65,0.22,0.27,0.44,0.34
3,0.16,0.16,3.98,2.89,0.31,-0.17,9.04,0.12,0.85,0.44,0.94,0.65,0.22,0.27,0.44,0.34
3,0.16,0.16,3.98,2.89,0.31,-0.17,9.04,0.12,0.85,0.44,0.94,0.65,0.22,0.27,0.44,0.34
3,0.16,0.16,3.98,2.89,0.31,-0.17,9.04,0.12,0.85,0.44,0.94,0.65,0.22,0.27,0.44,0.34
3,0.16,0.16,3.98,2.89,0.31,-0.17,9.04,0.12,0.85,0.44,0.94,0.65,0.22,0.27,0.44,0.34
3,0.16,0.16,3.98,2.89,0.31,-0.17,9.04,0.12,0.85,0.44,0.94,0.65,0.22,0.27,0.44,0.34
3,0.16,0.16,3.98,2.89,0.31,-0.17,9.04,0.12,0.85,0.44,0.94,0.65,0.22,0.27,0.44,0.34
3,0.16,0.16,3.98,2.89,0.31,-0.17,9.04,0.12,0.85,0.44,0.94,0.65,0.22,0.27,0.44,0.34
3,0.15,0.14,4.01,2.88,0.31,-0.16,8.93,0.12,0.87,0.43,0.94,0.65,0.2,0.25,0.38,0.33
3,0.15,0.14,4.01,2.88,0.31,-0.16,8.93,0.12,0.87,0.43,0.94,0.65,0.2,0.25,0.38,0.33
3,0.15,0.14,4.01,2.88,0.31,-0.16,8.93,0.12,0.87,0.43,0.94,0.65,0.2,0.25,0.38,0.33
3,0.15,0.14,4.01,2.88,0.31,-0.16,8.93,0.12,0.87,0.43,0.94,0.65,0.2,0.25,0.38,0.33
3,0.15,0.14,4.01,2.88,0.31,-0.16,8.93,0.12,0.87,0.43,0.94,0.65,0.2,0.25,0.38,0.33
3,0.15,0.14,4.01,2.88,0.31,-0.16,8.93,0.12,0.87,0.43,0.94,0.65,0.2,0.25,0.38,0.33
3,0.15,0.14,4.01,2.88,0.31,-0.16,8.93,0.12,0.87,0.43,0.94,0.65,0.2,0.25,0.38,0.33
3,0.15,0.14,4.01,2.88,0.31,-0.16,8.93,0.12,0.87,0.43,0.94,0.65,0.2,0.25,0.38,0.33
3,0.15,0.14,4.01,2.88,0.31,-0.16,8.93,0.12,0.87,0.43,0.94,0.65,0.2,0.25,0.38,0.33
3,0.15,0.14,4.01,2.88,0.31,-0.16,8.93,0.12,0.87,0.43,0.94,0.65,0.2,0.25,0.38,0.33
3,0.15,0.14,4.01,2.88,0.31,-0.16,8.93,0.12,0.87,0.43,0.94,0.65,0.2,0.25,0.38,0.33
3,0.15,0.14,4.01,2.88,0.31,-0.16,8.93,0.12,0.87,0.43,0.94,0.65,0.2,0.25,0.38,0.33
3,0.11,0.16,3.7,2.43,0.33,0.2,8.53,0.12,0.79,0.47,0.85,0.76,0.22,0.63,0.44,0.28
3,0.11,0.16,3.7,2.43,0.33,0.2,8.53,0.12,0.79,0.47,0.85,0.76,0.22,0.63,0.44,0.28
3,0.11,0.16,3.7,2.43,0.33,0.2,8.53,0.12,0.79,0.47,0.85,0.76,0.22,0.63,0.44,0.28
3,0.11,0.16,3.7,2.43,0.33,0.2,8.53,0.12,0.79,0.47,0.85,0.76,0.22,0.63,0.44,0.28
3,0.11,0.16,3.7,2.43,0.33,0.2,8.53,0.12,0.79,0.47,0.85,0.76,0.22,0.63,0.44,0.28
3,0.11,0.16,3.7,2.43,0.33,0.2,8.53,0.12,0.79,0.47,0.85,0.76,0.22,0.63,0.44,0.28
3,0.11,0.16,3.7,2.43,0.33,0.2,8.53,0.12,0.79,0.47,0.85,0.76,0.22,0.63,0.44,0.28
3,0.11,0.16,3.7,2.43,0.33,0.2,8.53,0.12,0.79,0.47,0.85,0.76,0.22,0.63,0.44,0.28
3,0.11,0.16,3.7,2.43,0.33,0.2,8.53,0.12,0.79,0.47,0.85,0.76,0.22,0.63,0.44,0.28
3,0.11,0.16,3.7,2.43,0.33,0.2,8.53,0.12,0.79,0.47,0.85,0.76,0.22,0.63,0.44,0.28
3,0.11,0.16,3.7,2.43,0.33,0.2,8.53,0.12,0.79,0.47,0.85,0.76,0.22,0.63,0.44,0.28
3,0.11,0.16,3.7,2.43,0.33,0.2,8.53,0.12,0.79,0.47,0.85,0.76,0.22,0.63,0.44,0.28
3,0.09,0.15,3.85,2.81,0.43,-0.84,10.81,0.06,0.98,0.51,0.97,0.58,0.12,0.07,0.34,0.19
3,0.09,0.15,3.85,2.81,0.43,-0.84,10.81,0.06,0.98,0.51,0.97,0.58,0.12,0.07,0.34,0.19
3,0.09,0.15,3.85,2.81,0.43,-0.84,10.81,0.06,0.98,0.51,0.97,0.58,0.12,0.07,0.34,0.19
3,0.09,0.15,3.85,2.81,0.43,-0.84,10.81,0.06,0.98,0.51,0.97,0.58,0.12,0.07,0.34,0.19
3,0.09,0.15,3.85,2.81,0.43,-0.84,10.81,0.06,0.98,0.51,0.97,0.58,0.12,0.07,0.34,0.19
3,0.09,0.15,3.85,2.81,0.43,-0.84,10.81,0.06,0.98,0.51,0.97,0.58,0.12,0.07,0.34,0.19
3,0.09,0.15,3.85,2.81,0.43,-0.84,10.81,0.06,0.98,0.51,0.97,0.58,0.12,0.07,0.34,0.19
3,0.09,0.15,3.85,2.81,0.43,-0.84,10.81,0.06,0.98,0.51,0.97,0.58,0.12,0.07,0.34,0.19
3,0.09,0.15,3.85,2.81,0.43,-0.84,10.81,0.06,0.98,0.51,0.97,0.58,0.12,0.07,0.34,0.19
3,0.09,0.15,3.85,2.81,0.43,-0.84,10.81,0.06,0.98,0.51,0.97,0.58,0.12,0.07,0.34,0.19
3,0.09,0.15,3.85,2.81,0.43,-0.84,10.81,0.06,0.98,0.51,0.97,0.58,0.12,0.07,0.34,0.19
3,0.09,0.15,3.85,2.81,0.43,-0.84,10.81,0.06,0.98,0.51,0.97,0.58,0.12,0.07,0.34,0.19
3,0.12,0.11,3.88,19.86,0.53,-1.21,10.34,0.13,-0.33,0.56,0.95,0.69,0.13,0.19,0.51,0.23
3,0.12,0.11,3.88,19.86,0.53,-1.21,10.34,0.13,-0.33,0.56,0.95,0.69,0.13,0.19,0.51,0.23
3,0.12,0.11,3.88,19.86,0.53,-1.21,10.34,0.13,-0.33,0.56,0.95,0.69,0.13,0.19,0.51,0.23
3,0.12,0.11,3.88,19.86,0.53,-1.21,10.34,0.13,-0.33,0.56,0.95,0.69,0.13,0.19,0.51,0.23
3,0.12,0.11,3.88,19.86,0.53,-1.21,10.34,0.13,-0.33,0.56,0.95,0.69,0.13,0.19,0.51,0.23
3,0.12,0.11,3.88,19.86,0.53,-1.21,10.34,0.13,-0.33,0.56,0.95,0.69,0.13,0.19,0.51,0.23
3,0.12,0.11,3.88,19.86,0.53,-1.21,10.34,0.13,-0.33,0.56,0.95,0.69,0.13,0.19,0.51,0.23
3,0.12,0.11,3.88,19.86,0.53,-1.21,10.34,0.13,-0.33,0.56,0.95,0.69,0.13,0.19,0.51,0.23
3,0.12,0.11,3.88,19.86,0.53,-1.21,10.34,0.13,-0.33,0.56,0.95,0.69,0.13,0.19,0.51,0.23
3,0.12,0.11,3.88,19.86,0.53,-1.21,10.34,0.13,-0.33,0.56,0.95,0.69,0.13,0.19,0.51,0.23
3,0.12,0.11,3.88,19.86,0.53,-1.21,10.34,0.13,-0.33,0.56,0.95,0.69,0.13,0.19,0.51,0.23
3,0.12,0.11,3.88,19.86,0.53,-1.21,10.34,0.13,-0.33,0.56,0.95,0.69,0.13,0.19,0.51,0.23
3,0.15,0.2,3.46,6.81,0.27,1.13,7.23,0.14,-0.6,0.54,0.92,0.81,0.2,0.3,0.66,0.3
3,0.15,0.2,3.46,6.81,0.27,1.13,7.23,0.14,-0.6,0.54,0.92,0.81,0.2,0.3,0.66,0.3
3,0.15,0.2,3.46,6.81,0.27,1.13,7.23,0.14,-0.6,0.54,0.92,0.81,0.2,0.3,0.66,0.3
3,0.15,0.2,3.46,6.81,0.27,1.13,7.23,0.14,-0.6,0.54,0.92,0.81,0.2,0.3,0.66,0.3
3,0.15,0.2,3.46,6.81,0.27,1.13,7.23,0.14,-0.6,0.54,0.92,0.81,0.2,0.3,0.66,0.3
3,0.15,0.2,3.46,6.81,0.27,1.13,7.23,0.14,-0.6,0.54,0.92,0.81,0.2,0.3,0.66,0.3
3,0.15,0.2,3.46,6.81,0.27,1.13,7.23,0.14,-0.6,0.54,0.92,0.81,0.2,0.3,0.66,0.3
3,0.15,0.2,3.46,6.81,0.27,1.13,7.23,0.14,-0.6,0.54,0.92,0.81,0.2,0.3,0.66,0.3
3,0.15,0.2,3.46,6.81,0.27,1.13,7.23,0.14,-0.6,0.54,0.92,0.81,0.2,0.3,0.66,0.3
3,0.15,0.2,3.46,6.81,0.27,1.13,7.23,0.14,-0.6,0.54,0.92,0.81,0.2,0.3,0.66,0.3
3,0.15,0.2,3.46,6.81,0.27,1.13,7.23,0.14,-0.6,0.54,0.92,0.81,0.2,0.3,0.66,0.3
3,0.15,0.2,3.46,6.81,0.27,1.13,7.23,0.14,-0.6,0.54,0.92,0.81,0.2,0.3,0.66,0.3
3,0.14,0.13,4.03,27.09,0.32,0.32,9.59,0.15,-0.26,0.51,0.98,0.6,0.14,0.05,0.51,0.2
3,0.14,0.13,4.03,27.09,0.32,0.32,9.59,0.15,-0.26,0.51,0.98,0.6,0.14,0.05,0.51,0.2
3,0.14,0.13,4.03,27.09,0.32,0.32,9.59,0.15,-0.26,0.51,0.98,0.6,0.14,0.05,0.51,0.2
3,0.14,0.13,4.03,27.09,0.32,0.32,9.59,0.15,-0.26,0.51,0.98,0.6,0.14,0.05,0.51,0.2
3,0.14,0.13,4.03,27.09,0.32,0.32,9.59,0.15,-0.26,0.51,0.98,0.6,0.14,0.05,0.51,0.2
3,0.14,0.13,4.03,27.09,0.32,0.32,9.59,0.15,-0.26,0.51,0.98,0.6,0.14,0.05,0.51,0.2
3,0.14,0.13,4.03,27.09,0.32,0.32,9.59,0.15,-0.26,0.51,0.98,0.6,0.14,0.05,0.51,0.2
3,0.14,0.13,4.03,27.09,0.32,0.32,9.59,0.15,-0.26,0.51,0.98,0.6,0.14,0.05,0.51,0.2
3,0.14,0.13,4.03,27.09,0.32,0.32,9.59,0.15,-0.26,0.51,0.98,0.6,0.14,0.05,0.51,0.2
3,0.14,0.13,4.03,27.09,0.32,0.32,9.59,0.15,-0.26,0.51,0.98,0.6,0.14,0.05,0.51,0.2
3,0.14,0.13,4.03,27.09,0.32,0.32,9.59,0.15,-0.26,0.51,0.98,0.6,0.14,0.05,0.51,0.2
3,0.14,0.13,4.03,27.09,0.32,0.32,9.59,0.15,-0.26,0.51,0.98,0.6,0.14,0.05,0.51,0.2
3,0.14,0.17,3.94,4.54,0.37,0.43,10.39,0.14,0.17,0.44,0.93,0.67,0.17,0.21,0.47,0.22
3,0.14,0.17,3.94,4.54,0.37,0.43,10.39,0.14,0.17,0.44,0.93,0.67,0.17,0.21,0.47,0.22
3,0.14,0.17,3.94,4.54,0.37,0.43,10.39,0.14,0.17,0.44,0.93,0.67,0.17,0.21,0.47,0.22
3,0.14,0.17,3.94,4.54,0.37,0.43,10.39,0.14,0.17,0.44,0.93,0.67,0.17,0.21,0.47,0.22
3,0.14,0.17,3.94,4.54,0.37,0.43,10.39,0.14,0.17,0.44,0.93,0.67,0.17,0.21,0.47,0.22
3,0.14,0.17,3.94,4.54,0.37,0.43,10.39,0.14,0.17,0.44,0.93,0.67,0.17,0.21,0.47,0.22
3,0.14,0.17,3.94,4.54,0.37,0.43,10.39,0.14,0.17,0.44,0.93,0.67,0.17,0.21,0.47,0.22
3,0.14,0.17,3.94,4.54,0.37,0.43,10.39,0.14,0.17,0.44,0.93,0.67,0.17,0.21,0.47,0.22
3,0.14,0.17,3.94,4.54,0.37,0.43,10.39,0.14,0.17,0.44,0.93,0.67,0.17,0.21,0.47,0.22
3,0.14,0.17,3.94,4.54,0.37,0.43,10.39,0.14,0.17,0.44,0.93,0.67,0.17,0.21,0.47,0.22
3,0.14,0.17,3.94,4.54,0.37,0.43,10.39,0.14,0.17,0.44,0.93,0.67,0.17,0.21,0.47,0.22
3,0.14,0.17,3.94,4.54,0.37,0.43,10.39,0.14,0.17,0.44,0.93,0.67,0.17,0.21,0.47,0.22
3,0.16,0.13,4.12,8.41,0.53,-0.35,9.08,0.18,-0.04,0.49,0.83,0.69,0.17,0.89,0.45,0.28
3,0.16,0.13,4.12,8.41,0.53,-0.35,9.08,0.18,-0.04,0.49,0.83,0.69,0.17,0.89,0.45,0.28
3,0.16,0.13,4.12,8.41,0.53,-0.35,9.08,0.18,-0.04,0.49,0.83,0.69,0.17,0.89,0.45,0.28
3,0.16,0.13,4.12,8.41,0.53,-0.35,9.08,0.18,-0.04,0.49,0.83,0.69,0.17,0.89,0.45,0.28
3,0.16,0.13,4.12,8.41,0.53,-0.35,9.08,0.18,-0.04,0.49,0.83,0.69,0.17,0.89,0.45,0.28
3,0.16,0.13,4.12,8.41,0.53,-0.35,9.08,0.18,-0.04,0.49,0.83,0.69,0.17,0.89,0.45,0.28
3,0.16,0.13,4.12,8.41,0.53,-0.35,9.08,0.18,-0.04,0.49,0.83,0.69,0.17,0.89,0.45,0.28
3,0.16,0.13,4.12,8.41,0.53,-0.35,9.08,0.18,-0.04,0.49,0.83,0.69,0.17,0.89,0.45,0.28
3,0.16,0.13,4.12,8.41,0.53,-0.35,9.08,0.18,-0.04,0.49,0.83,0.69,0.17,0.89,0.45,0.28
3,0.16,0.13,4.12,8.41,0.53,-0.35,9.08,0.18,-0.04,0.49,0.83,0.69,0.17,0.89,0.45,0.28
3,0.16,0.13,4.12,8.41,0.53,-0.35,9.08,0.18,-0.04,0.49,0.83,0.69,0.17,0.89,0.45,0.28
3,0.16,0.13,4.12,8.41,0.53,-0.35,9.08,0.18,-0.04,0.49,0.83,0.69,0.17,0.89,0.45,0.28
3,0.13,0.15,4.08,3.7,0.49,1.28,10.04,0.12,0.88,0.53,0.94,0.54,0.08,0.14,0.42,0.19
3,0.13,0.15,4.08,3.7,0.49,1.28,10.04,0.12,0.88,0.53,0.94,0.54,0.08,0.14,0.42,0.19
3,0.13,0.15,4.08,3.7,0.49,1.28,10.04,0.12,0.88,0.53,0.94,0.54,0.08,0.14,0.42,0.19
3,0.13,0.15,4.08,3.7,0.49,1.28,10.04,0.12,0.88,0.53,0.94,0.54,0.08,0.14,0.42,0.19
3,0.13,0.15,4.08,3.7,0.49,1.28,10.04,0.12,0.88,0.53,0.94,0.54,0.08,0.14,0.42,0.19
3,0.13,0.15,4.08,3.7,0.49,1.28,10.04,0.12,0.88,0.53,0.94,0.54,0.08,0.14,0.42,0.19
3,0.13,0.15,4.08,3.7,0.49,1.28,10.04,0.12,0.88,0.53,0.94,0.54,0.08,0.14,0.42,0.19
3,0.13,0.15,4.08,3.7,0.49,1.28,10.04,0.12,0.88,0.53,0.94,0.54,0.08,0.14,0.42,0.19
3,0.13,0.15,4.08,3.7,0.49,1.28,10.04,0.12,0.88,0.53,0.94,0.54,0.08,0.14,0.42,0.19
3,0.13,0.15,4.08,3.7,0.49,1.28,10.04,0.12,0.88,0.53,0.94,0.54,0.08,0.14,0.42,0.19
3,0.13,0.15,4.08,3.7,0.49,1.28,10.04,0.12,0.88,0.53,0.94,0.54,0.08,0.14,0.42,0.19
3,0.13,0.15,4.08,3.7,0.49,1.28,10.04,0.12,0.88,0.53,0.94,0.54,0.08,0.14,0.42,0.19
3,0.14,0.15,3.84,2.73,0.36,1.41,10.31,0.13,0.96,0.4,0.96,0.64,0.14,0.09,0.42,0.21
3,0.14,0.15,3.84,2.73,0.36,1.41,10.31,0.13,0.96,0.4,0.96,0.64,0.14,0.09,0.42,0.21
3,0.14,0.15,3.84,2.73,0.36,1.41,10.31,0.13,0.96,0.4,0.96,0.64,0.14,0.09,0.42,0.21
3,0.14,0.15,3.84,2.73,0.36,1.41,10.31,0.13,0.96,0.4,0.96,0.64,0.14,0.09,0.42,0.21
3,0.14,0.15,3.84,2.73,0.36,1.41,10.31,0.13,0.96,0.4,0.96,0.64,0.14,0.09,0.42,0.21
3,0.14,0.15,3.84,2.73,0.36,1.41,10.31,0.13,0.96,0.4,0.96,0.64,0.14,0.09,0.42,0.21
3,0.14,0.15,3.84,2.73,0.36,1.41,10.31,0.13,0.96,0.4,0.96,0.64,0.14,0.09,0.42,0.21
3,0.14,0.15,3.84,2.73,0.36,1.41,10.31,0.13,0.96,0.4,0.96,0.64,0.14,0.09,0.42,0.21
3,0.14,0.15,3.84,2.73,0.36,1.41,10.31,0.13,0.96,0.4,0.96,0.64,0.14,0.09,0.42,0.21
3,0.14,0.15,3.84,2.73,0.36,1.41,10.31,0.13,0.96,0.4,0.96,0.64,0.14,0.09,0.42,0.21
3,0.14,0.15,3.84,2.73,0.36,1.41,10.31,0.13,0.96,0.4,0.96,0.64,0.14,0.09,0.42,0.21
3,0.14,0.15,3.84,2.73,0.36,1.41,10.31,0.13,0.96,0.4,0.96,0.64,0.14,0.09,0.42,0.21
3,0.19,0.2,3.84,17.22,0.56,0.52,10.4,0.23,0.17,0.54,0.8,0.76,0.14,0.42,0.45,0.1
3,0.19,0.2,3.84,17.22,0.56,0.52,10.4,0.23,0.17,0.54,0.8,0.76,0.14,0.42,0.45,0.1
3,0.19,0.2,3.84,17.22,0.56,0.52,10.4,0.23,0.17,0.54,0.8,0.76,0.14,0.42,0.45,0.1
3,0.19,0.2,3.84,17.22,0.56,0.52,10.4,0.23,0.17,0.54,0.8,0.76,0.14,0.42,0.45,0.1
3,0.19,0.2,3.84,17.22,0.56,0.52,10.4,0.23,0.17,0.54,0.8,0.76,0.14,0.42,0.45,0.1
3,0.19,0.2,3.84,17.22,0.56,0.52,10.4,0.23,0.17,0.54,0.8,0.76,0.14,0.42,0.45,0.1
3,0.19,0.2,3.84,17.22,0.56,0.52,10.4,0.23,0.17,0.54,0.8,0.76,0.14,0.42,0.45,0.1
3,0.19,0.2,3.84,17.22,0.56,0.52,10.4,0.23,0.17,0.54,0.8,0.76,0.14,0.42,0.45,0.1
3,0.19,0.2,3.84,17.22,0.56,0.52,10.4,0.23,0.17,0.54,0.8,0.76,0.14,0.42,0.45,0.1
3,0.19,0.2,3.84,17.22,0.56,0.52,10.4,0.23,0.17,0.54,0.8,0.76,0.14,0.42,0.45,0.1
3,0.19,0.2,3.84,17.22,0.56,0.52,10.4,0.23,0.17,0.54,0.8,0.76,0.14,0.42,0.45,0.1
3,0.19,0.2,3.84,17.22,0.56,0.52,10.4,0.23,0.17,0.54,0.8,0.76,0.14,0.42,0.45,0.1
3,0.13,0.12,4.03,10.85,0.6,-0.86,10.08,0.14,-0.38,0.52,0.95,0.67,0.15,0.18,0.46,0.24
3,0.13,0.12,4.03,10.85,0.6,-0.86,10.08,0.14,-0.38,0.52,0.95,0.67,0.15,0.18,0.46,0.24
3,0.13,0.12,4.03,10.85,0.6,-0.86,10.08,0.14,-0.38,0.52,0.95,0.67,0.15,0.18,0.46,0.24
3,0.13,0.12,4.03,10.85,0.6,-0.86,10.08,0.14,-0.38,0.52,0.95,0.67,0.15,0.18,0.46,0.24
3,0.13,0.12,4.03,10.85,0.6,-0.86,10.08,0.14,-0.38,0.52,0.95,0.67,0.15,0.18,0.46,0.24
3,0.13,0.12,4.03,10.85,0.6,-0.86,10.08,0.14,-0.38,0.52,0.95,0.67,0.15,0.18,0.46,0.24
3,0.13,0.12,4.03,10.85,0.6,-0.86,10.08,0.14,-0.38,0.52,0.95,0.67,0.15,0.18,0.46,0.24
3,0.13,0.12,4.03,10.85,0.6,-0.86,10.08,0.14,-0.38,0.52,0.95,0.67,0.15,0.18,0.46,0.24
3,0.13,0.12,4.03,10.85,0.6,-0.86,10.08,0.14,-0.38,0.52,0.95,0.67,0.15,0.18,0.46,0.24
3,0.13,0.12,4.03,10.85,0.6,-0.86,10.08,0.14,-0.38,0.52,0.95,0.67,0.15,0.18,0.46,0.24
3,0.13,0.12,4.03,10.85,0.6,-0.86,10.08,0.14,-0.38,0.52,0.95,0.67,0.15,0.18,0.46,0.24
3,0.13,0.12,4.03,10.85,0.6,-0.86,10.08,0.14,-0.38,0.52,0.95,0.67,0.15,0.18,0.46,0.24
3,0.17,0.17,3.7,6.46,0.52,0.68,10.65,0.16,0.58,0.43,0.92,0.7,0.1,0.25,0.45,0.19
3,0.17,0.17,3.7,6.46,0.52,0.68,10.65,0.16,0.58,0.43,0.92,0.7,0.1,0.25,0.45,0.19
3,0.17,0.17,3.7,6.46,0.52,0.68,10.65,0.16,0.58,0.43,0.92,0.7,0.1,0.25,0.45,0.19
3,0.17,0.17,3.7,6.46,0.52,0.68,10.65,0.16,0.58,0.43,0.92,0.7,0.1,0.25,0.45,0.19
3,0.17,0.17,3.7,6.46,0.52,0.68,10.65,0.16,0.58,0.43,0.92,0.7,0.1,0.25,0.45,0.19
3,0.17,0.17,3.7,6.46,0.52,0.68,10.65,0.16,0.58,0.43,0.92,0.7,0.1,0.25,0.45,0.19
3,0.17,0.17,3.7,6.46,0.52,0.68,10.65,0.16,0.58,0.43,0.92,0.7,0.1,0.25,0.45,0.19
3,0.17,0.17,3.7,6.46,0.52,0.68,10.65,0.16,0.58,0.43,0.92,0.7,0.1,0.25,0.45,0.19
3,0.17,0.17,3.7,6.46,0.52,0.68,10.65,0.16,0.58,0.43,0.92,0.7,0.1,0.25,0.45,0.19
3,0.17,0.17,3.7,6.46,0.52,0.68,10.65,0.16,0.58,0.43,0.92,0.7,0.1,0.25,0.45,0.19
3,0.17,0.17,3.7,6.46,0.52,0.68,10.65,0.16,0.58,0.43,0.92,0.7,0.1,0.25,0.45,0.19
3,0.17,0.17,3.7,6.46,0.52,0.68,10.65,0.16,0.58,0.43,0.92,0.7,0.1,0.25,0.45,0.19
3,0.19,0.14,3.86,18.84,0.51,-0.04,10.2,0.26,0.16,0.49,0.97,0.55,0.17,0.11,0.49,0.24
3,0.19,0.14,3.86,18.84,0.51,-0.04,10.2,0.26,0.16,0.49,0.97,0.55,0.17,0.11,0.49,0.24
3,0.19,0.14,3.86,18.84,0.51,-0.04,10.2,0.26,0.16,0.49,0.97,0.55,0.17,0.11,0.49,0.24
3,0.19,0.14,3.86,18.84,0.51,-0.04,10.2,0.26,0.16,0.49,0.97,0.55,0.17,0.11,0.49,0.24
3,0.19,0.14,3.86,18.84,0.51,-0.04,10.2,0.26,0.16,0.49,0.97,0.55,0.17,0.11,0.49,0.24
3,0.19,0.14,3.86,18.84,0.51,-0.04,10.2,0.26,0.16,0.49,0.97,0.55,0.17,0.11,0.49,0.24
3,0.19,0.14,3.86,18.84,0.51,-0.04,10.2,0.26,0.16,0.49,0.97,0.55,0.17,0.11,0.49,0.24
3,0.19,0.14,3.86,18.84,0.51,-0.04,10.2,0.26,0.16,0.49,0.97,0.55,0.17,0.11,0.49,0.24
3,0.19,0.14,3.86,18.84,0.51,-0.04,10.2,0.26,0.16,0.49,0.97,0.55,0.17,0.11,0.49,0.24
3,0.19,0.14,3.86,18.84,0.51,-0.04,10.2,0.26,0.16,0.49,0.97,0.55,0.17,0.11,0.49,0.24
3,0.19,0.14,3.86,18.84,0.51,-0.04,10.2,0.26,0.16,0.49,0.97,0.55,0.17,0.11,0.49,0.24
3,0.19,0.14,3.86,18.84,0.51,-0.04,10.2,0.26,0.16,0.49,0.97,0.55,0.17,0.11,0.49,0.24
3,0.13,0.14,3.79,3.07,0.57,0.56,10.56,0.22,-0.29,0.58,0.94,0.67,0.11,0.26,0.59,0.27
3,0.13,0.14,3.79,3.07,0.57,0.56,10.56,0.22,-0.29,0.58,0.94,0.67,0.11,0.26,0.59,0.27
3,0.13,0.14,3.79,3.07,0.57,0.56,10.56,0.22,-0.29,0.58,0.94,0.67,0.11,0.26,0.59,0.27
3,0.13,0.14,3.79,3.07,0.57,0.56,10.56,0.22,-0.29,0.58,0.94,0.67,0.11,0.26,0.59,0.27
3,0.13,0.14,3.79,3.07,0.57,0.56,10.56,0.22,-0.29,0.58,0.94,0.67,0.11,0.26,0.59,0.27
3,0.13,0.14,3.79,3.07,0.57,0.56,10.56,0.22,-0.29,0.58,0.94,0.67,0.11,0.26,0.59,0.27
3,0.13,0.14,3.79,3.07,0.57,0.56,10.56,0.22,-0.29,0.58,0.94,0.67,0.11,0.26,0.59,0.27
3,0.13,0.14,3.79,3.07,0.57,0.56,10.56,0.22,-0.29,0.58,0.94,0.67,0.11,0.26,0.59,0.27
3,0.13,0.14,3.79,3.07,0.57,0.56,10.56,0.22,-0.29,0.58,0.94,0.67,0.11,0.26,0.59,0.27
3,0.13,0.14,3.79,3.07,0.57,0.56,10.56,0.22,-0.29,0.58,0.94,0.67,0.11,0.26,0.59,0.27
3,0.13,0.14,3.79,3.07,0.57,0.56,10.56,0.22,-0.29,0.58,0.94,0.67,0.11,0.26,0.59,0.27
3,0.13,0.14,3.79,3.07,0.57,0.56,10.56,0.22,-0.29,0.58,0.94,0.67,0.11,0.26,0.59,0.27
3,0.16,0.12,4.0,23.76,0.53,-1.91,10.06,0.15,-1.79,0.7,0.96,0.75,0.17,0.12,0.56,0.2
3,0.16,0.12,4.0,23.76,0.53,-1.91,10.06,0.15,-1.79,0.7,0.96,0.75,0.17,0.12,0.56,0.2
3,0.16,0.12,4.0,23.76,0.53,-1.91,10.06,0.15,-1.79,0.7,0.96,0.75,0.17,0.12,0.56,0.2
3,0.16,0.12,4.0,23.76,0.53,-1.91,10.06,0.15,-1.79,0.7,0.96,0.75,0.17,0.12,0.56,0.2
3,0.16,0.12,4.0,23.76,0.53,-1.91,10.06,0.15,-1.79,0.7,0.96,0.75,0.17,0.12,0.56,0.2
3,0.16,0.12,4.0,23.76,0.53,-1.91,10.06,0.15,-1.79,0.7,0.96,0.75,0.17,0.12,0.56,0.2
3,0.16,0.12,4.0,23.76,0.53,-1.91,10.06,0.15,-1.79,0.7,0.96,0.75,0.17,0.12,0.56,0.2
3,0.16,0.12,4.0,23.76,0.53,-1.91,10.06,0.15,-1.79,0.7,0.96,0.75,0.17,0.12,0.56,0.2
3,0.16,0.12,4.0,23.76,0.53,-1.91,10.06,0.15,-1.79,0.7,0.96,0.75,0.17,0.12,0.56,0.2
3,0.16,0.12,4.0,23.76,0.53,-1.91,10.06,0.15,-1.79,0.7,0.96,0.75,0.17,0.12,0.56,0.2
3,0.16,0.12,4.0,23.76,0.53,-1.91,10.06,0.15,-1.79,0.7,0.96,0.75,0.17,0.12,0.56,0.2
3,0.16,0.12,4.0,23.76,0.53,-1.91,10.06,0.15,-1.79,0.7,0.96,0.75,0.17,0.12,0.56,0.2
3,0.17,0.14,3.89,48.01,0.62,-0.83,10.38,0.19,-0.42,0.58,0.88,0.64,0.15,0.47,0.52,0.19
3,0.17,0.14,3.89,48.01,0.62,-0.83,10.38,0.19,-0.42,0.58,0.88,0.64,0.15,0.47,0.52,0.19
3,0.17,0.14,3.89,48.01,0.62,-0.83,10.38,0.19,-0.42,0.58,0.88,0.64,0.15,0.47,0.52,0.19
3,0.17,0.14,3.89,48.01,0.62,-0.83,10.38,0.19,-0.42,0.58,0.88,0.64,0.15,0.47,0.52,0.19
3,0.17,0.14,3.89,48.01,0.62,-0.83,10.38,0.19,-0.42,0.58,0.88,0.64,0.15,0.47,0.52,0.19
3,0.17,0.14,3.89,48.01,0.62,-0.83,10.38,0.19,-0.42,0.58,0.88,0.64,0.15,0.47,0.52,0.19
3,0.17,0.14,3.89,48.01,0.62,-0.83,10.38,0.19,-0.42,0.58,0.88,0.64,0.15,0.47,0.52,0.19
3,0.17,0.14,3.89,48.01,0.62,-0.83,10.38,0.19,-0.42,0.58,0.88,0.64,0.15,0.47,0.52,0.19
3,0.17,0.14,3.89,48.01,0.62,-0.83,10.38,0.19,-0.42,0.58,0.88,0.64,0.15,0.47,0.52,0.19
3,0.17,0.14,3.89,48.01,0.62,-0.83,10.38,0.19,-0.42,0.58,0.88,0.64,0.15,0.47,0.52,0.19
3,0.17,0.14,3.89,48.01,0.62,-0.83,10.38,0.19,-0.42,0.58,0.88,0.64,0.15,0.47,0.52,0.19
3,0.17,0.14,3.89,48.01,0.62,-0.83,10.38,0.19,-0.42,0.58,0.88,0.64,0.15,0.47,0.52,0.19
3,0.11,0.09,3.95,30.0,0.34,1.31,10.68,0.16,0.75,0.48,0.89,0.82,0.12,0.19,0.62,0.15
3,0.11,0.09,3.95,30.0,0.34,1.31,10.68,0.16,0.75,0.48,0.89,0.82,0.12,0.19,0.62,0.15
3,0.11,0.09,3.95,30.0,0.34,1.31,10.68,0.16,0.75,0.48,0.89,0.82,0.12,0.19,0.62,0.15
3,0.11,0.09,3.95,30.0,0.34,1.31,10.68,0.16,0.75,0.48,0.89,0.82,0.12,0.19,0.62,0.15
3,0.11,0.09,3.95,30.0,0.34,1.31,10.68,0.16,0.75,0.48,0.89,0.82,0.12,0.19,0.62,0.15
3,0.11,0.09,3.95,30.0,0.34,1.31,10.68,0.16,0.75,0.48,0.89,0.82,0.12,0.19,0.62,0.15
3,0.11,0.09,3.95,30.0,0.34,1.31,10.68,0.16,0.75,0.48,0.89,0.82,0.12,0.19,0.62,0.15
3,0.11,0.09,3.95,30.0,0.34,1.31,10.68,0.16,0.75,0.48,0.89,0.82,0.12,0.19,0.62,0.15
3,0.11,0.09,3.95,30.0,0.34,1.31,10.68,0.16,0.75,0.48,0.89,0.82,0.12,0.19,0.62,0.15
3,0.11,0.09,3.95,30.0,0.34,1.31,10.68,0.16,0.75,0.48,0.89,0.82,0.12,0.19,0.62,0.15
3,0.11,0.09,3.95,30.0,0.34,1.31,10.68,0.16,0.75,0.48,0.89,0.82,0.12,0.19,0.62,0.15
3,0.11,0.09,3.95,30.0,0.34,1.31,10.68,0.16,0.75,0.48,0.89,0.82,0.12,0.19,0.62,0.15
3,0.12,0.12,4.21,31.92,0.45,0.34,10.06,0.15,-0.52,0.51,0.92,0.83,0.15,0.24,0.42,0.2
3,0.12,0.12,4.21,31.92,0.45,0.34,10.06,0.15,-0.52,0.51,0.92,0.83,0.15,0.24,0.42,0.2
3,0.12,0.12,4.21,31.92,0.45,0.34,10.06,0.15,-0.52,0.51,0.92,0.83,0.15,0.24,0.42,0.2
3,0.12,0.12,4.21,31.92,0.45,0.34,10.06,0.15,-0.52,0.51,0.92,0.83,0.15,0.24,0.42,0.2
3,0.12,0.12,4.21,31.92,0.45,0.34,10.06,0.15,-0.52,0.51,0.92,0.83,0.15,0.24,0.42,0.2
3,0.12,0.12,4.21,31.92,0.45,0.34,10.06,0.15,-0.52,0.51,0.92,0.83,0.15,0.24,0.42,0.2
3,0.12,0.12,4.21,31.92,0.45,0.34,10.06,0.15,-0.52,0.51,0.92,0.83,0.15,0.24,0.42,0.2
3,0.12,0.12,4.21,31.92,0.45,0.34,10.06,0.15,-0.52,0.51,0.92,0.83,0.15,0.24,0.42,0.2
3,0.12,0.12,4.21,31.92,0.45,0.34,10.06,0.15,-0.52,0.51,0.92,0.83,0.15,0.24,0.42,0.2
3,0.12,0.12,4.21,31.92,0.45,0.34,10.06,0.15,-0.52,0.51,0.92,0.83,0.15,0.24,0.42,0.2
3,0.12,0.12,4.21,31.92,0.45,0.34,10.06,0.15,-0.52,0.51,0.92,0.83,0.15,0.24,0.42,0.2
3,0.12,0.12,4.21,31.92,0.45,0.34,10.06,0.15,-0.52,0.51,0.92,0.83,0.15,0.24,0.42,0.2
3,0.15,0.13,3.86,24.42,0.5,-0.71,10.28,0.14,-1.0,0.55,0.79,0.58,0.15,0.73,0.46,0.18
3,0.15,0.13,3.86,24.42,0.5,-0.71,10.28,0.14,-1.0,0.55,0.79,0.58,0.15,0.73,0.46,0.18
3,0.15,0.13,3.86,24.42,0.5,-0.71,10.28,0.14,-1.0,0.55,0.79,0.58,0.15,0.73,0.46,0.18
3,0.15,0.13,3.86,24.42,0.5,-0.71,10.28,0.14,-1.0,0.55,0.79,0.58,0.15,0.73,0.46,0.18
3,0.15,0.13,3.86,24.42,0.5,-0.71,10.28,0.14,-1.0,0.55,0.79,0.58,0.15,0.73,0.46,0.18
3,0.15,0.13,3.86,24.42,0.5,-0.71,10.28,0.14,-1.0,0.55,0.79,0.58,0.15,0.73,0.46,0.18
3,0.15,0.13,3.86,24.42,0.5,-0.71,10.28,0.14,-1.0,0.55,0.79,0.58,0.15,0.73,0.46,0.18
3,0.15,0.13,3.86,24.42,0.5,-0.71,10.28,0.14,-1.0,0.55,0.79,0.58,0.15,0.73,0.46,0.18
3,0.15,0.13,3.86,24.42,0.5,-0.71,10.28,0.14,-1.0,0.55,0.79,0.58,0.15,0.73,0.46,0.18
3,0.15,0.13,3.86,24.42,0.5,-0.71,10.28,0.14,-1.0,0.55,0.79,0.58,0.15,0.73,0.46,0.18
3,0.15,0.13,3.86,24.42,0.5,-0.71,10.28,0.14,-1.0,0.55,0.79,0.58,0.15,0.73,0.46,0.18
3,0.15,0.13,3.86,24.42,0.5,-0.71,10.28,0.14,-1.0,0.55,0.79,0.58,0.15,0.73,0.46,0.18
3,0.16,0.11,3.95,14.1,0.43,-0.45,9.69,0.15,-0.42,0.49,0.72,0.47,0.17,1.0,0.51,0.28
3,0.16,0.11,3.95,14.1,0.43,-0.45,9.69,0.15,-0.42,0.49,0.72,0.47,0.17,1.0,0.51,0.28
3,0.16,0.11,3.95,14.1,0.43,-0.45,9.69,0.15,-0.42,0.49,0.72,0.47,0.17,1.0,0.51,0.28
3,0.16,0.11,3.95,14.1,0.43,-0.45,9.69,0.15,-0.42,0.49,0.72,0.47,0.17,1.0,0.51,0.28
3,0.16,0.11,3.95,14.1,0.43,-0.45,9.69,0.15,-0.42,0.49,0.72,0.47,0.17,1.0,0.51,0.28
3,0.16,0.11,3.95,14.1,0.43,-0.45,9.69,0.15,-0.42,0.49,0.72,0.47,0.17,1.0,0.51,0.28
3,0.16,0.11,3.95,14.1,0.43,-0.45,9.69,0.15,-0.42,0.49,0.72,0.47,0.17,1.0,0.51,0.28
3,0.16,0.11,3.95,14.1,0.43,-0.45,9.69,0.15,-0.42,0.49,0.72,0.47,0.17,1.0,0.51,0.28
3,0.16,0.11,3.95,14.1,0.43,-0.45,9.69,0.15,-0.42,0.49,0.72,0.47,0.17,1.0,0.51,0.28
3,0.16,0.11,3.95,14.1,0.43,-0.45,9.69,0.15,-0.42,0.49,0.72,0.47,0.17,1.0,0.51,0.28
3,0.16,0.11,3.95,14.1,0.43,-0.45,9.69,0.15,-0.42,0.49,0.72,0.47,0.17,1.0,0.51,0.28
3,0.16,0.11,3.95,14.1,0.43,-0.45,9.69,0.15,-0.42,0.49,0.72,0.47,0.17,1.0,0.51,0.28
3,0.09,0.19,3.83,4.62,0.39,0.66,10.53,0.12,-0.38,0.6,0.95,0.73,0.12,0.12,0.53,0.16
3,0.09,0.19,3.83,4.62,0.39,0.66,10.53,0.12,-0.38,0.6,0.95,0.73,0.12,0.12,0.53,0.16
3,0.09,0.19,3.83,4.62,0.39,0.66,10.53,0.12,-0.38,0.6,0.95,0.73,0.12,0.12,0.53,0.16
3,0.09,0.19,3.83,4.62,0.39,0.66,10.53,0.12,-0.38,0.6,0.95,0.73,0.12,0.12,0.53,0.16
3,0.09,0.19,3.83,4.62,0.39,0.66,10.53,0.12,-0.38,0.6,0.95,0.73,0.12,0.12,0.53,0.16
3,0.09,0.19,3.83,4.62,0.39,0.66,10.53,0.12,-0.38,0.6,0.95,0.73,0.12,0.12,0.53,0.16
3,0.09,0.19,3.83,4.62,0.39,0.66,10.53,0.12,-0.38,0.6,0.95,0.73,0.12,0.12,0.53,0.16
3,0.09,0.19,3.83,4.62,0.39,0.66,10.53,0.12,-0.38,0.6,0.95,0.73,0.12,0.12,0.53,0.16
3,0.09,0.19,3.83,4.62,0.39,0.66,10.53,0.12,-0.38,0.6,0.95,0.73,0.12,0.12,0.53,0.16
3,0.09,0.19,3.83,4.62,0.39,0.66,10.53,0.12,-0.38,0.6,0.95,0.73,0.12,0.12,0.53,0.16
3,0.09,0.19,3.83,4.62,0.39,0.66,10.53,0.12,-0.38,0.6,0.95,0.73,0.12,0.12,0.53,0.16
3,0.09,0.19,3.83,4.62,0.39,0.66,10.53,0.12,-0.38,0.6,0.95,0.73,0.12,0.12,0.53,0.16
3,0.12,0.2,3.99,7.31,0.4,0.55,10.37,0.16,-0.23,0.51,0.94,0.51,0.2,0.17,0.55,0.23
3,0.12,0.2,3.99,7.31,0.4,0.55,10.37,0.16,-0.23,0.51,0.94,0.51,0.2,0.17,0.55,0.23
3,0.12,0.2,3.99,7.31,0.4,0.55,10.37,0.16,-0.23,0.51,0.94,0.51,0.2,0.17,0.55,0.23
3,0.12,0.2,3.99,7.31,0.4,0.55,10.37,0.16,-0.23,0.51,0.94,0.51,0.2,0.17,0.55,0.23
3,0.12,0.2,3.99,7.31,0.4,0.55,10.37,0.16,-0.23,0.51,0.94,0.51,0.2,0.17,0.55,0.23
3,0.12,0.2,3.99,7.31,0.4,0.55,10.37,0.16,-0.23,0.51,0.94,0.51,0.2,0.17,0.55,0.23
3,0.12,0.2,3.99,7.31,0.4,0.55,10.37,0.16,-0.23,0.51,0.94,0.51,0.2,0.17,0.55,0.23
3,0.12,0.2,3.99,7.31,0.4,0.55,10.37,0.16,-0.23,0.51,0.94,0.51,0.2,0.17,0.55,0.23
3,0.12,0.2,3.99,7.31,0.4,0.55,10.37,0.16,-0.23,0.51,0.94,0.51,0.2,0.17,0.55,0.23
3,0.12,0.2,3.99,7.31,0.4,0.55,10.37,0.16,-0.23,0.51,0.94,0.51,0.2,0.17,0.55,0.23
3,0.12,0.2,3.99,7.31,0.4,0.55,10.37,0.16,-0.23,0.51,0.94,0.51,0.2,0.17,0.55,0.23
3,0.12,0.2,3.99,7.31,0.4,0.55,10.37,0.16,-0.23,0.51,0.94,0.51,0.2,0.17,0.55,0.23
3,0.12,0.11,4.21,44.47,0.32,0.82,8.5,0.2,0.23,0.56,0.97,0.49,0.16,0.15,0.62,0.34
3,0.12,0.11,4.21,44.47,0.32,0.82,8.5,0.2,0.23,0.56,0.97,0.49,0.16,0.15,0.62,0.34
3,0.12,0.11,4.21,44.47,0.32,0.82,8.5,0.2,0.23,0.56,0.97,0.49,0.16,0.15,0.62,0.34
3,0.12,0.11,4.21,44.47,0.32,0.82,8.5,0.2,0.23,0.56,0.97,0.49,0.16,0.15,0.62,0.34
3,0.12,0.11,4.21,44.47,0.32,0.82,8.5,0.2,0.23,0.56,0.97,0.49,0.16,0.15,0.62,0.34
3,0.12,0.11,4.21,44.47,0.32,0.82,8.5,0.2,0.23,0.56,0.97,0.49,0.16,0.15,0.62,0.34
3,0.12,0.11,4.21,44.47,0.32,0.82,8.5,0.2,0.23,0.56,0.97,0.49,0.16,0.15,0.62,0.34
3,0.12,0.11,4.21,44.47,0.32,0.82,8.5,0.2,0.23,0.56,0.97,0.49,0.16,0.15,0.62,0.34
3,0.12,0.11,4.21,44.47,0.32,0.82,8.5,0.2,0.23,0.56,0.97,0.49,0.16,0.15,0.62,0.34
3,0.12,0.11,4.21,44.47,0.32,0.82,8.5,0.2,0.23,0.56,0.97,0.49,0.16,0.15,0.62,0.34
3,0.12,0.11,4.21,44.47,0.32,0.82,8.5,0.2,0.23,0.56,0.97,0.49,0.16,0.15,0.62,0.34
3,0.12,0.11,4.21,44.47,0.32,0.82,8.5,0.2,0.23,0.56,0.97,0.49,0.16,0.15,0.62,0.34
