Degree,HSV_Hue Mean,Hue Mean,HSV_Hue Std,B Mean,A Mean,Hue Std,Homogeneity,Contrast,Correlation,B Std,Skewness A,Skewness B,L Std,Value Std,Kurtosis A,Saturation Std,Saturation Mean,Kurtosis B,Y Std,Cr Mean,A Std,Cr Std,Y Mean,Cb Mean
1,0.23,0.52,0.36,0.56,0.7,0.19,0.71,0.13,0.89,0.18,-0.96,-0.8,0.11,0.11,7.42,0.13,0.57,23.77,0.22,0.67,0.17,0.2,0.61,0.86
1,0.23,0.52,0.36,0.56,0.7,0.19,0.71,0.13,0.89,0.18,-0.96,-0.8,0.11,0.11,7.42,0.13,0.57,23.77,0.22,0.67,0.17,0.2,0.61,0.86
1,0.23,0.52,0.36,0.56,0.7,0.19,0.71,0.13,0.89,0.18,-0.96,-0.8,0.11,0.11,7.42,0.13,0.57,23.77,0.22,0.67,0.17,0.2,0.61,0.86
1,0.23,0.52,0.36,0.56,0.7,0.19,0.71,0.13,0.89,0.18,-0.96,-0.8,0.11,0.11,7.42,0.13,0.57,23.77,0.22,0.67,0.17,0.2,0.61,0.86
1,0.23,0.52,0.36,0.56,0.7,0.19,0.71,0.13,0.89,0.18,-0.96,-0.8,0.11,0.11,7.42,0.13,0.57,23.77,0.22,0.67,0.17,0.2,0.61,0.86
1,0.23,0.52,0.36,0.56,0.7,0.19,0.71,0.13,0.89,0.18,-0.96,-0.8,0.11,0.11,7.42,0.13,0.57,23.77,0.22,0.67,0.17,0.2,0.61,0.86
1,0.23,0.52,0.36,0.56,0.7,0.19,0.71,0.13,0.89,0.18,-0.96,-0.8,0.11,0.11,7.42,0.13,0.57,23.77,0.22,0.67,0.17,0.2,0.61,0.86
1,0.23,0.52,0.36,0.56,0.7,0.19,0.71,0.13,0.89,0.18,-0.96,-0.8,0.11,0.11,7.42,0.13,0.57,23.77,0.22,0.67,0.17,0.2,0.61,0.86
1,0.23,0.52,0.36,0.56,0.7,0.19,0.71,0.13,0.89,0.18,-0.96,-0.8,0.11,0.11,7.42,0.13,0.57,23.77,0.22,0.67,0.17,0.2,0.61,0.86
1,0.23,0.52,0.36,0.56,0.7,0.19,0.71,0.13,0.89,0.18,-0.96,-0.8,0.11,0.11,7.42,0.13,0.57,23.77,0.22,0.67,0.17,0.2,0.61,0.86
1,0.23,0.52,0.36,0.56,0.7,0.19,0.71,0.13,0.89,0.18,-0.96,-0.8,0.11,0.11,7.42,0.13,0.57,23.77,0.22,0.67,0.17,0.2,0.61,0.86
1,0.23,0.52,0.36,0.56,0.7,0.19,0.71,0.13,0.89,0.18,-0.96,-0.8,0.11,0.11,7.42,0.13,0.57,23.77,0.22,0.67,0.17,0.2,0.61,0.86
1,0.85,0.36,0.34,0.38,0.62,0.13,0.76,0.05,0.96,0.1,0.82,0.79,0.12,0.12,1.49,0.07,0.23,0.65,0.23,0.77,0.08,0.25,0.79,0.93
1,0.85,0.36,0.34,0.38,0.62,0.13,0.76,0.05,0.96,0.1,0.82,0.79,0.12,0.12,1.49,0.07,0.23,0.65,0.23,0.77,0.08,0.25,0.79,0.93
1,0.85,0.36,0.34,0.38,0.62,0.13,0.76,0.05,0.96,0.1,0.82,0.79,0.12,0.12,1.49,0.07,0.23,0.65,0.23,0.77,0.08,0.25,0.79,0.93
1,0.85,0.36,0.34,0.38,0.62,0.13,0.76,0.05,0.96,0.1,0.82,0.79,0.12,0.12,1.49,0.07,0.23,0.65,0.23,0.77,0.08,0.25,0.79,0.93
1,0.85,0.36,0.34,0.38,0.62,0.13,0.76,0.05,0.96,0.1,0.82,0.79,0.12,0.12,1.49,0.07,0.23,0.65,0.23,0.77,0.08,0.25,0.79,0.93
1,0.85,0.36,0.34,0.38,0.62,0.13,0.76,0.05,0.96,0.1,0.82,0.79,0.12,0.12,1.49,0.07,0.23,0.65,0.23,0.77,0.08,0.25,0.79,0.93
1,0.85,0.36,0.34,0.38,0.62,0.13,0.76,0.05,0.96,0.1,0.82,0.79,0.12,0.12,1.49,0.07,0.23,0.65,0.23,0.77,0.08,0.25,0.79,0.93
1,0.85,0.36,0.34,0.38,0.62,0.13,0.76,0.05,0.96,0.1,0.82,0.79,0.12,0.12,1.49,0.07,0.23,0.65,0.23,0.77,0.08,0.25,0.79,0.93
1,0.85,0.36,0.34,0.38,0.62,0.13,0.76,0.05,0.96,0.1,0.82,0.79,0.12,0.12,1.49,0.07,0.23,0.65,0.23,0.77,0.08,0.25,0.79,0.93
1,0.85,0.36,0.34,0.38,0.62,0.13,0.76,0.05,0.96,0.1,0.82,0.79,0.12,0.12,1.49,0.07,0.23,0.65,0.23,0.77,0.08,0.25,0.79,0.93
1,0.85,0.36,0.34,0.38,0.62,0.13,0.76,0.05,0.96,0.1,0.82,0.79,0.12,0.12,1.49,0.07,0.23,0.65,0.23,0.77,0.08,0.25,0.79,0.93
1,0.85,0.36,0.34,0.38,0.62,0.13,0.76,0.05,0.96,0.1,0.82,0.79,0.12,0.12,1.49,0.07,0.23,0.65,0.23,0.77,0.08,0.25,0.79,0.93
1,0.26,0.34,0.43,0.52,0.74,0.16,0.71,0.05,0.98,0.16,-0.28,0.17,0.09,0.08,0.87,0.14,0.47,0.6,0.33,0.76,0.1,0.34,0.77,0.84
1,0.26,0.34,0.43,0.52,0.74,0.16,0.71,0.05,0.98,0.16,-0.28,0.17,0.09,0.08,0.87,0.14,0.47,0.6,0.33,0.76,0.1,0.34,0.77,0.84
1,0.26,0.34,0.43,0.52,0.74,0.16,0.71,0.05,0.98,0.16,-0.28,0.17,0.09,0.08,0.87,0.14,0.47,0.6,0.33,0.76,0.1,0.34,0.77,0.84
1,0.26,0.34,0.43,0.52,0.74,0.16,0.71,0.05,0.98,0.16,-0.28,0.17,0.09,0.08,0.87,0.14,0.47,0.6,0.33,0.76,0.1,0.34,0.77,0.84
1,0.26,0.34,0.43,0.52,0.74,0.16,0.71,0.05,0.98,0.16,-0.28,0.17,0.09,0.08,0.87,0.14,0.47,0.6,0.33,0.76,0.1,0.34,0.77,0.84
1,0.26,0.34,0.43,0.52,0.74,0.16,0.71,0.05,0.98,0.16,-0.28,0.17,0.09,0.08,0.87,0.14,0.47,0.6,0.33,0.76,0.1,0.34,0.77,0.84
1,0.26,0.34,0.43,0.52,0.74,0.16,0.71,0.05,0.98,0.16,-0.28,0.17,0.09,0.08,0.87,0.14,0.47,0.6,0.33,0.76,0.1,0.34,0.77,0.84
1,0.26,0.34,0.43,0.52,0.74,0.16,0.71,0.05,0.98,0.16,-0.28,0.17,0.09,0.08,0.87,0.14,0.47,0.6,0.33,0.76,0.1,0.34,0.77,0.84
1,0.26,0.34,0.43,0.52,0.74,0.16,0.71,0.05,0.98,0.16,-0.28,0.17,0.09,0.08,0.87,0.14,0.47,0.6,0.33,0.76,0.1,0.34,0.77,0.84
1,0.26,0.34,0.43,0.52,0.74,0.16,0.71,0.05,0.98,0.16,-0.28,0.17,0.09,0.08,0.87,0.14,0.47,0.6,0.33,0.76,0.1,0.34,0.77,0.84
1,0.26,0.34,0.43,0.52,0.74,0.16,0.71,0.05,0.98,0.16,-0.28,0.17,0.09,0.08,0.87,0.14,0.47,0.6,0.33,0.76,0.1,0.34,0.77,0.84
1,0.26,0.34,0.43,0.52,0.74,0.16,0.71,0.05,0.98,0.16,-0.28,0.17,0.09,0.08,0.87,0.14,0.47,0.6,0.33,0.76,0.1,0.34,0.77,0.84
1,0.04,0.36,0.06,0.61,0.66,0.09,0.65,0.21,0.92,0.17,-1.05,-1.53,0.22,0.24,25.91,0.11,0.42,11.95,0.28,0.79,0.17,0.25,0.76,0.92
1,0.04,0.36,0.06,0.61,0.66,0.09,0.65,0.21,0.92,0.17,-1.05,-1.53,0.22,0.24,25.91,0.11,0.42,11.95,0.28,0.79,0.17,0.25,0.76,0.92
1,0.04,0.36,0.06,0.61,0.66,0.09,0.65,0.21,0.92,0.17,-1.05,-1.53,0.22,0.24,25.91,0.11,0.42,11.95,0.28,0.79,0.17,0.25,0.76,0.92
1,0.04,0.36,0.06,0.61,0.66,0.09,0.65,0.21,0.92,0.17,-1.05,-1.53,0.22,0.24,25.91,0.11,0.42,11.95,0.28,0.79,0.17,0.25,0.76,0.92
1,0.04,0.36,0.06,0.61,0.66,0.09,0.65,0.21,0.92,0.17,-1.05,-1.53,0.22,0.24,25.91,0.11,0.42,11.95,0.28,0.79,0.17,0.25,0.76,0.92
1,0.04,0.36,0.06,0.61,0.66,0.09,0.65,0.21,0.92,0.17,-1.05,-1.53,0.22,0.24,25.91,0.11,0.42,11.95,0.28,0.79,0.17,0.25,0.76,0.92
1,0.04,0.36,0.06,0.61,0.66,0.09,0.65,0.21,0.92,0.17,-1.05,-1.53,0.22,0.24,25.91,0.11,0.42,11.95,0.28,0.79,0.17,0.25,0.76,0.92
1,0.04,0.36,0.06,0.61,0.66,0.09,0.65,0.21,0.92,0.17,-1.05,-1.53,0.22,0.24,25.91,0.11,0.42,11.95,0.28,0.79,0.17,0.25,0.76,0.92
1,0.04,0.36,0.06,0.61,0.66,0.09,0.65,0.21,0.92,0.17,-1.05,-1.53,0.22,0.24,25.91,0.11,0.42,11.95,0.28,0.79,0.17,0.25,0.76,0.92
1,0.04,0.36,0.06,0.61,0.66,0.09,0.65,0.21,0.92,0.17,-1.05,-1.53,0.22,0.24,25.91,0.11,0.42,11.95,0.28,0.79,0.17,0.25,0.76,0.92
1,0.04,0.36,0.06,0.61,0.66,0.09,0.65,0.21,0.92,0.17,-1.05,-1.53,0.22,0.24,25.91,0.11,0.42,11.95,0.28,0.79,0.17,0.25,0.76,0.92
1,0.04,0.36,0.06,0.61,0.66,0.09,0.65,0.21,0.92,0.17,-1.05,-1.53,0.22,0.24,25.91,0.11,0.42,11.95,0.28,0.79,0.17,0.25,0.76,0.92
1,0.12,0.46,0.3,0.59,0.64,0.18,0.55,0.05,0.96,0.11,0.08,0.2,0.13,0.12,3.61,0.08,0.44,1.67,0.23,0.59,0.11,0.22,0.56,0.83
1,0.12,0.46,0.3,0.59,0.64,0.18,0.55,0.05,0.96,0.11,0.08,0.2,0.13,0.12,3.61,0.08,0.44,1.67,0.23,0.59,0.11,0.22,0.56,0.83
1,0.12,0.46,0.3,0.59,0.64,0.18,0.55,0.05,0.96,0.11,0.08,0.2,0.13,0.12,3.61,0.08,0.44,1.67,0.23,0.59,0.11,0.22,0.56,0.83
1,0.12,0.46,0.3,0.59,0.64,0.18,0.55,0.05,0.96,0.11,0.08,0.2,0.13,0.12,3.61,0.08,0.44,1.67,0.23,0.59,0.11,0.22,0.56,0.83
1,0.12,0.46,0.3,0.59,0.64,0.18,0.55,0.05,0.96,0.11,0.08,0.2,0.13,0.12,3.61,0.08,0.44,1.67,0.23,0.59,0.11,0.22,0.56,0.83
1,0.12,0.46,0.3,0.59,0.64,0.18,0.55,0.05,0.96,0.11,0.08,0.2,0.13,0.12,3.61,0.08,0.44,1.67,0.23,0.59,0.11,0.22,0.56,0.83
1,0.12,0.46,0.3,0.59,0.64,0.18,0.55,0.05,0.96,0.11,0.08,0.2,0.13,0.12,3.61,0.08,0.44,1.67,0.23,0.59,0.11,0.22,0.56,0.83
1,0.12,0.46,0.3,0.59,0.64,0.18,0.55,0.05,0.96,0.11,0.08,0.2,0.13,0.12,3.61,0.08,0.44,1.67,0.23,0.59,0.11,0.22,0.56,0.83
1,0.12,0.46,0.3,0.59,0.64,0.18,0.55,0.05,0.96,0.11,0.08,0.2,0.13,0.12,3.61,0.08,0.44,1.67,0.23,0.59,0.11,0.22,0.56,0.83
1,0.12,0.46,0.3,0.59,0.64,0.18,0.55,0.05,0.96,0.11,0.08,0.2,0.13,0.12,3.61,0.08,0.44,1.67,0.23,0.59,0.11,0.22,0.56,0.83
1,0.12,0.46,0.3,0.59,0.64,0.18,0.55,0.05,0.96,0.11,0.08,0.2,0.13,0.12,3.61,0.08,0.44,1.67,0.23,0.59,0.11,0.22,0.56,0.83
1,0.12,0.46,0.3,0.59,0.64,0.18,0.55,0.05,0.96,0.11,0.08,0.2,0.13,0.12,3.61,0.08,0.44,1.67,0.23,0.59,0.11,0.22,0.56,0.83
1,0.06,0.44,0.05,0.47,0.67,0.23,0.32,0.17,0.87,0.21,-0.8,0.47,0.16,0.17,7.76,0.12,0.43,23.84,0.18,0.49,0.14,0.19,0.42,0.7
1,0.06,0.44,0.05,0.47,0.67,0.23,0.32,0.17,0.87,0.21,-0.8,0.47,0.16,0.17,7.76,0.12,0.43,23.84,0.18,0.49,0.14,0.19,0.42,0.7
1,0.06,0.44,0.05,0.47,0.67,0.23,0.32,0.17,0.87,0.21,-0.8,0.47,0.16,0.17,7.76,0.12,0.43,23.84,0.18,0.49,0.14,0.19,0.42,0.7
1,0.06,0.44,0.05,0.47,0.67,0.23,0.32,0.17,0.87,0.21,-0.8,0.47,0.16,0.17,7.76,0.12,0.43,23.84,0.18,0.49,0.14,0.19,0.42,0.7
1,0.06,0.44,0.05,0.47,0.67,0.23,0.32,0.17,0.87,0.21,-0.8,0.47,0.16,0.17,7.76,0.12,0.43,23.84,0.18,0.49,0.14,0.19,0.42,0.7
1,0.06,0.44,0.05,0.47,0.67,0.23,0.32,0.17,0.87,0.21,-0.8,0.47,0.16,0.17,7.76,0.12,0.43,23.84,0.18,0.49,0.14,0.19,0.42,0.7
1,0.06,0.44,0.05,0.47,0.67,0.23,0.32,0.17,0.87,0.21,-0.8,0.47,0.16,0.17,7.76,0.12,0.43,23.84,0.18,0.49,0.14,0.19,0.42,0.7
1,0.06,0.44,0.05,0.47,0.67,0.23,0.32,0.17,0.87,0.21,-0.8,0.47,0.16,0.17,7.76,0.12,0.43,23.84,0.18,0.49,0.14,0.19,0.42,0.7
1,0.06,0.44,0.05,0.47,0.67,0.23,0.32,0.17,0.87,0.21,-0.8,0.47,0.16,0.17,7.76,0.12,0.43,23.84,0.18,0.49,0.14,0.19,0.42,0.7
1,0.06,0.44,0.05,0.47,0.67,0.23,0.32,0.17,0.87,0.21,-0.8,0.47,0.16,0.17,7.76,0.12,0.43,23.84,0.18,0.49,0.14,0.19,0.42,0.7
1,0.06,0.44,0.05,0.47,0.67,0.23,0.32,0.17,0.87,0.21,-0.8,0.47,0.16,0.17,7.76,0.12,0.43,23.84,0.18,0.49,0.14,0.19,0.42,0.7
1,0.06,0.44,0.05,0.47,0.67,0.23,0.32,0.17,0.87,0.21,-0.8,0.47,0.16,0.17,7.76,0.12,0.43,23.84,0.18,0.49,0.14,0.19,0.42,0.7
1,0.03,0.42,0.01,0.4,0.47,0.14,0.64,0.06,0.97,0.15,0.11,0.62,0.17,0.16,0.61,0.18,0.38,0.97,0.32,0.78,0.19,0.32,0.78,0.83
1,0.03,0.42,0.01,0.4,0.47,0.14,0.64,0.06,0.97,0.15,0.11,0.62,0.17,0.16,0.61,0.18,0.38,0.97,0.32,0.78,0.19,0.32,0.78,0.83
1,0.03,0.42,0.01,0.4,0.47,0.14,0.64,0.06,0.97,0.15,0.11,0.62,0.17,0.16,0.61,0.18,0.38,0.97,0.32,0.78,0.19,0.32,0.78,0.83
1,0.03,0.42,0.01,0.4,0.47,0.14,0.64,0.06,0.97,0.15,0.11,0.62,0.17,0.16,0.61,0.18,0.38,0.97,0.32,0.78,0.19,0.32,0.78,0.83
1,0.03,0.42,0.01,0.4,0.47,0.14,0.64,0.06,0.97,0.15,0.11,0.62,0.17,0.16,0.61,0.18,0.38,0.97,0.32,0.78,0.19,0.32,0.78,0.83
1,0.03,0.42,0.01,0.4,0.47,0.14,0.64,0.06,0.97,0.15,0.11,0.62,0.17,0.16,0.61,0.18,0.38,0.97,0.32,0.78,0.19,0.32,0.78,0.83
1,0.03,0.42,0.01,0.4,0.47,0.14,0.64,0.06,0.97,0.15,0.11,0.62,0.17,0.16,0.61,0.18,0.38,0.97,0.32,0.78,0.19,0.32,0.78,0.83
1,0.03,0.42,0.01,0.4,0.47,0.14,0.64,0.06,0.97,0.15,0.11,0.62,0.17,0.16,0.61,0.18,0.38,0.97,0.32,0.78,0.19,0.32,0.78,0.83
1,0.03,0.42,0.01,0.4,0.47,0.14,0.64,0.06,0.97,0.15,0.11,0.62,0.17,0.16,0.61,0.18,0.38,0.97,0.32,0.78,0.19,0.32,0.78,0.83
1,0.03,0.42,0.01,0.4,0.47,0.14,0.64,0.06,0.97,0.15,0.11,0.62,0.17,0.16,0.61,0.18,0.38,0.97,0.32,0.78,0.19,0.32,0.78,0.83
1,0.03,0.42,0.01,0.4,0.47,0.14,0.64,0.06,0.97,0.15,0.11,0.62,0.17,0.16,0.61,0.18,0.38,0.97,0.32,0.78,0.19,0.32,0.78,0.83
1,0.03,0.42,0.01,0.4,0.47,0.14,0.64,0.06,0.97,0.15,0.11,0.62,0.17,0.16,0.61,0.18,0.38,0.97,0.32,0.78,0.19,0.32,0.78,0.83
1,0.06,0.31,0.03,0.49,0.6,0.08,0.54,0.09,0.95,0.06,0.27,0.51,0.17,0.16,5.8,0.12,0.52,12.48,0.3,0.64,0.13,0.26,0.58,0.85
1,0.06,0.31,0.03,0.49,0.6,0.08,0.54,0.09,0.95,0.06,0.27,0.51,0.17,0.16,5.8,0.12,0.52,12.48,0.3,0.64,0.13,0.26,0.58,0.85
1,0.06,0.31,0.03,0.49,0.6,0.08,0.54,0.09,0.95,0.06,0.27,0.51,0.17,0.16,5.8,0.12,0.52,12.48,0.3,0.64,0.13,0.26,0.58,0.85
1,0.06,0.31,0.03,0.49,0.6,0.08,0.54,0.09,0.95,0.06,0.27,0.51,0.17,0.16,5.8,0.12,0.52,12.48,0.3,0.64,0.13,0.26,0.58,0.85
1,0.06,0.31,0.03,0.49,0.6,0.08,0.54,0.09,0.95,0.06,0.27,0.51,0.17,0.16,5.8,0.12,0.52,12.48,0.3,0.64,0.13,0.26,0.58,0.85
1,0.06,0.31,0.03,0.49,0.6,0.08,0.54,0.09,0.95,0.06,0.27,0.51,0.17,0.16,5.8,0.12,0.52,12.48,0.3,0.64,0.13,0.26,0.58,0.85
1,0.06,0.31,0.03,0.49,0.6,0.08,0.54,0.09,0.95,0.06,0.27,0.51,0.17,0.16,5.8,0.12,0.52,12.48,0.3,0.64,0.13,0.26,0.58,0.85
1,0.06,0.31,0.03,0.49,0.6,0.08,0.54,0.09,0.95,0.06,0.27,0.51,0.17,0.16,5.8,0.12,0.52,12.48,0.3,0.64,0.13,0.26,0.58,0.85
1,0.06,0.31,0.03,0.49,0.6,0.08,0.54,0.09,0.95,0.06,0.27,0.51,0.17,0.16,5.8,0.12,0.52,12.48,0.3,0.64,0.13,0.26,0.58,0.85
1,0.06,0.31,0.03,0.49,0.6,0.08,0.54,0.09,0.95,0.06,0.27,0.51,0.17,0.16,5.8,0.12,0.52,12.48,0.3,0.64,0.13,0.26,0.58,0.85
1,0.06,0.31,0.03,0.49,0.6,0.08,0.54,0.09,0.95,0.06,0.27,0.51,0.17,0.16,5.8,0.12,0.52,12.48,0.3,0.64,0.13,0.26,0.58,0.85
1,0.06,0.31,0.03,0.49,0.6,0.08,0.54,0.09,0.95,0.06,0.27,0.51,0.17,0.16,5.8,0.12,0.52,12.48,0.3,0.64,0.13,0.26,0.58,0.85
1,0.05,0.27,0.15,0.63,0.77,0.1,0.64,0.11,0.95,0.15,-1.71,-0.63,0.1,0.08,21.24,0.11,0.61,1.95,0.31,0.81,0.11,0.3,0.8,0.92
1,0.05,0.27,0.15,0.63,0.77,0.1,0.64,0.11,0.95,0.15,-1.71,-0.63,0.1,0.08,21.24,0.11,0.61,1.95,0.31,0.81,0.11,0.3,0.8,0.92
1,0.05,0.27,0.15,0.63,0.77,0.1,0.64,0.11,0.95,0.15,-1.71,-0.63,0.1,0.08,21.24,0.11,0.61,1.95,0.31,0.81,0.11,0.3,0.8,0.92
1,0.05,0.27,0.15,0.63,0.77,0.1,0.64,0.11,0.95,0.15,-1.71,-0.63,0.1,0.08,21.24,0.11,0.61,1.95,0.31,0.81,0.11,0.3,0.8,0.92
1,0.05,0.27,0.15,0.63,0.77,0.1,0.64,0.11,0.95,0.15,-1.71,-0.63,0.1,0.08,21.24,0.11,0.61,1.95,0.31,0.81,0.11,0.3,0.8,0.92
1,0.05,0.27,0.15,0.63,0.77,0.1,0.64,0.11,0.95,0.15,-1.71,-0.63,0.1,0.08,21.24,0.11,0.61,1.95,0.31,0.81,0.11,0.3,0.8,0.92
1,0.05,0.27,0.15,0.63,0.77,0.1,0.64,0.11,0.95,0.15,-1.71,-0.63,0.1,0.08,21.24,0.11,0.61,1.95,0.31,0.81,0.11,0.3,0.8,0.92
1,0.05,0.27,0.15,0.63,0.77,0.1,0.64,0.11,0.95,0.15,-1.71,-0.63,0.1,0.08,21.24,0.11,0.61,1.95,0.31,0.81,0.11,0.3,0.8,0.92
1,0.05,0.27,0.15,0.63,0.77,0.1,0.64,0.11,0.95,0.15,-1.71,-0.63,0.1,0.08,21.24,0.11,0.61,1.95,0.31,0.81,0.11,0.3,0.8,0.92
1,0.05,0.27,0.15,0.63,0.77,0.1,0.64,0.11,0.95,0.15,-1.71,-0.63,0.1,0.08,21.24,0.11,0.61,1.95,0.31,0.81,0.11,0.3,0.8,0.92
1,0.05,0.27,0.15,0.63,0.77,0.1,0.64,0.11,0.95,0.15,-1.71,-0.63,0.1,0.08,21.24,0.11,0.61,1.95,0.31,0.81,0.11,0.3,0.8,0.92
1,0.05,0.27,0.15,0.63,0.77,0.1,0.64,0.11,0.95,0.15,-1.71,-0.63,0.1,0.08,21.24,0.11,0.61,1.95,0.31,0.81,0.11,0.3,0.8,0.92
1,0.5,0.48,0.18,0.41,0.43,0.19,0.59,0.04,0.97,0.17,-0.02,1.07,0.21,0.2,3.55,0.21,0.34,3.98,0.3,0.8,0.24,0.27,0.77,0.92
1,0.5,0.48,0.18,0.41,0.43,0.19,0.59,0.04,0.97,0.17,-0.02,1.07,0.21,0.2,3.55,0.21,0.34,3.98,0.3,0.8,0.24,0.27,0.77,0.92
1,0.5,0.48,0.18,0.41,0.43,0.19,0.59,0.04,0.97,0.17,-0.02,1.07,0.21,0.2,3.55,0.21,0.34,3.98,0.3,0.8,0.24,0.27,0.77,0.92
1,0.5,0.48,0.18,0.41,0.43,0.19,0.59,0.04,0.97,0.17,-0.02,1.07,0.21,0.2,3.55,0.21,0.34,3.98,0.3,0.8,0.24,0.27,0.77,0.92
1,0.5,0.48,0.18,0.41,0.43,0.19,0.59,0.04,0.97,0.17,-0.02,1.07,0.21,0.2,3.55,0.21,0.34,3.98,0.3,0.8,0.24,0.27,0.77,0.92
1,0.5,0.48,0.18,0.41,0.43,0.19,0.59,0.04,0.97,0.17,-0.02,1.07,0.21,0.2,3.55,0.21,0.34,3.98,0.3,0.8,0.24,0.27,0.77,0.92
1,0.5,0.48,0.18,0.41,0.43,0.19,0.59,0.04,0.97,0.17,-0.02,1.07,0.21,0.2,3.55,0.21,0.34,3.98,0.3,0.8,0.24,0.27,0.77,0.92
1,0.5,0.48,0.18,0.41,0.43,0.19,0.59,0.04,0.97,0.17,-0.02,1.07,0.21,0.2,3.55,0.21,0.34,3.98,0.3,0.8,0.24,0.27,0.77,0.92
1,0.5,0.48,0.18,0.41,0.43,0.19,0.59,0.04,0.97,0.17,-0.02,1.07,0.21,0.2,3.55,0.21,0.34,3.98,0.3,0.8,0.24,0.27,0.77,0.92
1,0.5,0.48,0.18,0.41,0.43,0.19,0.59,0.04,0.97,0.17,-0.02,1.07,0.21,0.2,3.55,0.21,0.34,3.98,0.3,0.8,0.24,0.27,0.77,0.92
1,0.5,0.48,0.18,0.41,0.43,0.19,0.59,0.04,0.97,0.17,-0.02,1.07,0.21,0.2,3.55,0.21,0.34,3.98,0.3,0.8,0.24,0.27,0.77,0.92
1,0.5,0.48,0.18,0.41,0.43,0.19,0.59,0.04,0.97,0.17,-0.02,1.07,0.21,0.2,3.55,0.21,0.34,3.98,0.3,0.8,0.24,0.27,0.77,0.92
1,0.52,0.47,0.45,0.46,0.6,0.21,0.86,0.11,0.96,0.21,-0.3,0.41,0.19,0.18,1.41,0.12,0.29,4.95,0.27,0.79,0.2,0.26,0.79,0.84
1,0.52,0.47,0.45,0.46,0.6,0.21,0.86,0.11,0.96,0.21,-0.3,0.41,0.19,0.18,1.41,0.12,0.29,4.95,0.27,0.79,0.2,0.26,0.79,0.84
1,0.52,0.47,0.45,0.46,0.6,0.21,0.86,0.11,0.96,0.21,-0.3,0.41,0.19,0.18,1.41,0.12,0.29,4.95,0.27,0.79,0.2,0.26,0.79,0.84
1,0.52,0.47,0.45,0.46,0.6,0.21,0.86,0.11,0.96,0.21,-0.3,0.41,0.19,0.18,1.41,0.12,0.29,4.95,0.27,0.79,0.2,0.26,0.79,0.84
1,0.52,0.47,0.45,0.46,0.6,0.21,0.86,0.11,0.96,0.21,-0.3,0.41,0.19,0.18,1.41,0.12,0.29,4.95,0.27,0.79,0.2,0.26,0.79,0.84
1,0.52,0.47,0.45,0.46,0.6,0.21,0.86,0.11,0.96,0.21,-0.3,0.41,0.19,0.18,1.41,0.12,0.29,4.95,0.27,0.79,0.2,0.26,0.79,0.84
1,0.52,0.47,0.45,0.46,0.6,0.21,0.86,0.11,0.96,0.21,-0.3,0.41,0.19,0.18,1.41,0.12,0.29,4.95,0.27,0.79,0.2,0.26,0.79,0.84
1,0.52,0.47,0.45,0.46,0.6,0.21,0.86,0.11,0.96,0.21,-0.3,0.41,0.19,0.18,1.41,0.12,0.29,4.95,0.27,0.79,0.2,0.26,0.79,0.84
1,0.52,0.47,0.45,0.46,0.6,0.21,0.86,0.11,0.96,0.21,-0.3,0.41,0.19,0.18,1.41,0.12,0.29,4.95,0.27,0.79,0.2,0.26,0.79,0.84
1,0.52,0.47,0.45,0.46,0.6,0.21,0.86,0.11,0.96,0.21,-0.3,0.41,0.19,0.18,1.41,0.12,0.29,4.95,0.27,0.79,0.2,0.26,0.79,0.84
1,0.52,0.47,0.45,0.46,0.6,0.21,0.86,0.11,0.96,0.21,-0.3,0.41,0.19,0.18,1.41,0.12,0.29,4.95,0.27,0.79,0.2,0.26,0.79,0.84
1,0.52,0.47,0.45,0.46,0.6,0.21,0.86,0.11,0.96,0.21,-0.3,0.41,0.19,0.18,1.41,0.12,0.29,4.95,0.27,0.79,0.2,0.26,0.79,0.84
1,0.81,0.22,0.36,0.33,0.57,0.1,0.65,0.16,0.93,0.17,-0.32,0.52,0.19,0.16,1.8,0.16,0.26,4.41,0.25,0.86,0.15,0.28,0.88,0.89
1,0.81,0.22,0.36,0.33,0.57,0.1,0.65,0.16,0.93,0.17,-0.32,0.52,0.19,0.16,1.8,0.16,0.26,4.41,0.25,0.86,0.15,0.28,0.88,0.89
1,0.81,0.22,0.36,0.33,0.57,0.1,0.65,0.16,0.93,0.17,-0.32,0.52,0.19,0.16,1.8,0.16,0.26,4.41,0.25,0.86,0.15,0.28,0.88,0.89
1,0.81,0.22,0.36,0.33,0.57,0.1,0.65,0.16,0.93,0.17,-0.32,0.52,0.19,0.16,1.8,0.16,0.26,4.41,0.25,0.86,0.15,0.28,0.88,0.89
1,0.81,0.22,0.36,0.33,0.57,0.1,0.65,0.16,0.93,0.17,-0.32,0.52,0.19,0.16,1.8,0.16,0.26,4.41,0.25,0.86,0.15,0.28,0.88,0.89
1,0.81,0.22,0.36,0.33,0.57,0.1,0.65,0.16,0.93,0.17,-0.32,0.52,0.19,0.16,1.8,0.16,0.26,4.41,0.25,0.86,0.15,0.28,0.88,0.89
1,0.81,0.22,0.36,0.33,0.57,0.1,0.65,0.16,0.93,0.17,-0.32,0.52,0.19,0.16,1.8,0.16,0.26,4.41,0.25,0.86,0.15,0.28,0.88,0.89
1,0.81,0.22,0.36,0.33,0.57,0.1,0.65,0.16,0.93,0.17,-0.32,0.52,0.19,0.16,1.8,0.16,0.26,4.41,0.25,0.86,0.15,0.28,0.88,0.89
1,0.81,0.22,0.36,0.33,0.57,0.1,0.65,0.16,0.93,0.17,-0.32,0.52,0.19,0.16,1.8,0.16,0.26,4.41,0.25,0.86,0.15,0.28,0.88,0.89
1,0.81,0.22,0.36,0.33,0.57,0.1,0.65,0.16,0.93,0.17,-0.32,0.52,0.19,0.16,1.8,0.16,0.26,4.41,0.25,0.86,0.15,0.28,0.88,0.89
1,0.81,0.22,0.36,0.33,0.57,0.1,0.65,0.16,0.93,0.17,-0.32,0.52,0.19,0.16,1.8,0.16,0.26,4.41,0.25,0.86,0.15,0.28,0.88,0.89
1,0.81,0.22,0.36,0.33,0.57,0.1,0.65,0.16,0.93,0.17,-0.32,0.52,0.19,0.16,1.8,0.16,0.26,4.41,0.25,0.86,0.15,0.28,0.88,0.89
1,0.05,0.37,0.04,0.25,0.3,0.12,0.64,0.99,0.84,0.13,0.1,0.74,0.11,0.1,1.71,0.14,0.53,4.75,0.38,0.46,0.12,0.37,0.44,0.52
1,0.05,0.37,0.04,0.25,0.3,0.12,0.64,0.99,0.84,0.13,0.1,0.74,0.11,0.1,1.71,0.14,0.53,4.75,0.38,0.46,0.12,0.37,0.44,0.52
1,0.05,0.37,0.04,0.25,0.3,0.12,0.64,0.99,0.84,0.13,0.1,0.74,0.11,0.1,1.71,0.14,0.53,4.75,0.38,0.46,0.12,0.37,0.44,0.52
1,0.05,0.37,0.04,0.25,0.3,0.12,0.64,0.99,0.84,0.13,0.1,0.74,0.11,0.1,1.71,0.14,0.53,4.75,0.38,0.46,0.12,0.37,0.44,0.52
1,0.05,0.37,0.04,0.25,0.3,0.12,0.64,0.99,0.84,0.13,0.1,0.74,0.11,0.1,1.71,0.14,0.53,4.75,0.38,0.46,0.12,0.37,0.44,0.52
1,0.05,0.37,0.04,0.25,0.3,0.12,0.64,0.99,0.84,0.13,0.1,0.74,0.11,0.1,1.71,0.14,0.53,4.75,0.38,0.46,0.12,0.37,0.44,0.52
1,0.05,0.37,0.04,0.25,0.3,0.12,0.64,0.99,0.84,0.13,0.1,0.74,0.11,0.1,1.71,0.14,0.53,4.75,0.38,0.46,0.12,0.37,0.44,0.52
1,0.05,0.37,0.04,0.25,0.3,0.12,0.64,0.99,0.84,0.13,0.1,0.74,0.11,0.1,1.71,0.14,0.53,4.75,0.38,0.46,0.12,0.37,0.44,0.52
1,0.05,0.37,0.04,0.25,0.3,0.12,0.64,0.99,0.84,0.13,0.1,0.74,0.11,0.1,1.71,0.14,0.53,4.75,0.38,0.46,0.12,0.37,0.44,0.52
1,0.05,0.37,0.04,0.25,0.3,0.12,0.64,0.99,0.84,0.13,0.1,0.74,0.11,0.1,1.71,0.14,0.53,4.75,0.38,0.46,0.12,0.37,0.44,0.52
1,0.05,0.37,0.04,0.25,0.3,0.12,0.64,0.99,0.84,0.13,0.1,0.74,0.11,0.1,1.71,0.14,0.53,4.75,0.38,0.46,0.12,0.37,0.44,0.52
1,0.05,0.37,0.04,0.25,0.3,0.12,0.64,0.99,0.84,0.13,0.1,0.74,0.11,0.1,1.71,0.14,0.53,4.75,0.38,0.46,0.12,0.37,0.44,0.52
1,0.62,0.35,0.46,0.56,0.68,0.18,0.41,0.18,0.92,0.14,-1.71,-1.11,0.21,0.22,93.12,0.12,0.47,2.97,0.24,0.52,0.19,0.25,0.54,0.82
1,0.62,0.35,0.46,0.56,0.68,0.18,0.41,0.18,0.92,0.14,-1.71,-1.11,0.21,0.22,93.12,0.12,0.47,2.97,0.24,0.52,0.19,0.25,0.54,0.82
1,0.62,0.35,0.46,0.56,0.68,0.18,0.41,0.18,0.92,0.14,-1.71,-1.11,0.21,0.22,93.12,0.12,0.47,2.97,0.24,0.52,0.19,0.25,0.54,0.82
1,0.62,0.35,0.46,0.56,0.68,0.18,0.41,0.18,0.92,0.14,-1.71,-1.11,0.21,0.22,93.12,0.12,0.47,2.97,0.24,0.52,0.19,0.25,0.54,0.82
1,0.62,0.35,0.46,0.56,0.68,0.18,0.41,0.18,0.92,0.14,-1.71,-1.11,0.21,0.22,93.12,0.12,0.47,2.97,0.24,0.52,0.19,0.25,0.54,0.82
1,0.62,0.35,0.46,0.56,0.68,0.18,0.41,0.18,0.92,0.14,-1.71,-1.11,0.21,0.22,93.12,0.12,0.47,2.97,0.24,0.52,0.19,0.25,0.54,0.82
1,0.62,0.35,0.46,0.56,0.68,0.18,0.41,0.18,0.92,0.14,-1.71,-1.11,0.21,0.22,93.12,0.12,0.47,2.97,0.24,0.52,0.19,0.25,0.54,0.82
1,0.62,0.35,0.46,0.56,0.68,0.18,0.41,0.18,0.92,0.14,-1.71,-1.11,0.21,0.22,93.12,0.12,0.47,2.97,0.24,0.52,0.19,0.25,0.54,0.82
1,0.62,0.35,0.46,0.56,0.68,0.18,0.41,0.18,0.92,0.14,-1.71,-1.11,0.21,0.22,93.12,0.12,0.47,2.97,0.24,0.52,0.19,0.25,0.54,0.82
1,0.62,0.35,0.46,0.56,0.68,0.18,0.41,0.18,0.92,0.14,-1.71,-1.11,0.21,0.22,93.12,0.12,0.47,2.97,0.24,0.52,0.19,0.25,0.54,0.82
1,0.62,0.35,0.46,0.56,0.68,0.18,0.41,0.18,0.92,0.14,-1.71,-1.11,0.21,0.22,93.12,0.12,0.47,2.97,0.24,0.52,0.19,0.25,0.54,0.82
1,0.62,0.35,0.46,0.56,0.68,0.18,0.41,0.18,0.92,0.14,-1.71,-1.11,0.21,0.22,93.12,0.12,0.47,2.97,0.24,0.52,0.19,0.25,0.54,0.82
1,0.59,0.34,0.48,0.38,0.53,0.2,0.71,0.06,0.96,0.18,0.25,0.43,0.14,0.12,4.26,0.18,0.29,2.97,0.29,0.57,0.21,0.31,0.58,0.89
1,0.59,0.34,0.48,0.38,0.53,0.2,0.71,0.06,0.96,0.18,0.25,0.43,0.14,0.12,4.26,0.18,0.29,2.97,0.29,0.57,0.21,0.31,0.58,0.89
1,0.59,0.34,0.48,0.38,0.53,0.2,0.71,0.06,0.96,0.18,0.25,0.43,0.14,0.12,4.26,0.18,0.29,2.97,0.29,0.57,0.21,0.31,0.58,0.89
1,0.59,0.34,0.48,0.38,0.53,0.2,0.71,0.06,0.96,0.18,0.25,0.43,0.14,0.12,4.26,0.18,0.29,2.97,0.29,0.57,0.21,0.31,0.58,0.89
1,0.59,0.34,0.48,0.38,0.53,0.2,0.71,0.06,0.96,0.18,0.25,0.43,0.14,0.12,4.26,0.18,0.29,2.97,0.29,0.57,0.21,0.31,0.58,0.89
1,0.59,0.34,0.48,0.38,0.53,0.2,0.71,0.06,0.96,0.18,0.25,0.43,0.14,0.12,4.26,0.18,0.29,2.97,0.29,0.57,0.21,0.31,0.58,0.89
1,0.59,0.34,0.48,0.38,0.53,0.2,0.71,0.06,0.96,0.18,0.25,0.43,0.14,0.12,4.26,0.18,0.29,2.97,0.29,0.57,0.21,0.31,0.58,0.89
1,0.59,0.34,0.48,0.38,0.53,0.2,0.71,0.06,0.96,0.18,0.25,0.43,0.14,0.12,4.26,0.18,0.29,2.97,0.29,0.57,0.21,0.31,0.58,0.89
1,0.59,0.34,0.48,0.38,0.53,0.2,0.71,0.06,0.96,0.18,0.25,0.43,0.14,0.12,4.26,0.18,0.29,2.97,0.29,0.57,0.21,0.31,0.58,0.89
1,0.59,0.34,0.48,0.38,0.53,0.2,0.71,0.06,0.96,0.18,0.25,0.43,0.14,0.12,4.26,0.18,0.29,2.97,0.29,0.57,0.21,0.31,0.58,0.89
1,0.59,0.34,0.48,0.38,0.53,0.2,0.71,0.06,0.96,0.18,0.25,0.43,0.14,0.12,4.26,0.18,0.29,2.97,0.29,0.57,0.21,0.31,0.58,0.89
1,0.59,0.34,0.48,0.38,0.53,0.2,0.71,0.06,0.96,0.18,0.25,0.43,0.14,0.12,4.26,0.18,0.29,2.97,0.29,0.57,0.21,0.31,0.58,0.89
1,0.05,0.43,0.19,0.29,0.26,0.13,0.86,0.04,0.95,0.13,1.65,1.72,0.17,0.16,7.42,0.18,0.18,7.36,0.16,0.95,0.16,0.15,0.94,0.99
1,0.05,0.43,0.19,0.29,0.26,0.13,0.86,0.04,0.95,0.13,1.65,1.72,0.17,0.16,7.42,0.18,0.18,7.36,0.16,0.95,0.16,0.15,0.94,0.99
1,0.05,0.43,0.19,0.29,0.26,0.13,0.86,0.04,0.95,0.13,1.65,1.72,0.17,0.16,7.42,0.18,0.18,7.36,0.16,0.95,0.16,0.15,0.94,0.99
1,0.05,0.43,0.19,0.29,0.26,0.13,0.86,0.04,0.95,0.13,1.65,1.72,0.17,0.16,7.42,0.18,0.18,7.36,0.16,0.95,0.16,0.15,0.94,0.99
1,0.05,0.43,0.19,0.29,0.26,0.13,0.86,0.04,0.95,0.13,1.65,1.72,0.17,0.16,7.42,0.18,0.18,7.36,0.16,0.95,0.16,0.15,0.94,0.99
1,0.05,0.43,0.19,0.29,0.26,0.13,0.86,0.04,0.95,0.13,1.65,1.72,0.17,0.16,7.42,0.18,0.18,7.36,0.16,0.95,0.16,0.15,0.94,0.99
1,0.05,0.43,0.19,0.29,0.26,0.13,0.86,0.04,0.95,0.13,1.65,1.72,0.17,0.16,7.42,0.18,0.18,7.36,0.16,0.95,0.16,0.15,0.94,0.99
1,0.05,0.43,0.19,0.29,0.26,0.13,0.86,0.04,0.95,0.13,1.65,1.72,0.17,0.16,7.42,0.18,0.18,7.36,0.16,0.95,0.16,0.15,0.94,0.99
1,0.05,0.43,0.19,0.29,0.26,0.13,0.86,0.04,0.95,0.13,1.65,1.72,0.17,0.16,7.42,0.18,0.18,7.36,0.16,0.95,0.16,0.15,0.94,0.99
1,0.05,0.43,0.19,0.29,0.26,0.13,0.86,0.04,0.95,0.13,1.65,1.72,0.17,0.16,7.42,0.18,0.18,7.36,0.16,0.95,0.16,0.15,0.94,0.99
1,0.05,0.43,0.19,0.29,0.26,0.13,0.86,0.04,0.95,0.13,1.65,1.72,0.17,0.16,7.42,0.18,0.18,7.36,0.16,0.95,0.16,0.15,0.94,0.99
1,0.05,0.43,0.19,0.29,0.26,0.13,0.86,0.04,0.95,0.13,1.65,1.72,0.17,0.16,7.42,0.18,0.18,7.36,0.16,0.95,0.16,0.15,0.94,0.99
1,0.66,0.54,0.14,0.4,0.39,0.16,0.6,0.15,0.95,0.1,0.33,0.94,0.18,0.17,1.74,0.15,0.29,0.66,0.36,0.59,0.18,0.32,0.53,0.7
1,0.66,0.54,0.14,0.4,0.39,0.16,0.6,0.15,0.95,0.1,0.33,0.94,0.18,0.17,1.74,0.15,0.29,0.66,0.36,0.59,0.18,0.32,0.53,0.7
1,0.66,0.54,0.14,0.4,0.39,0.16,0.6,0.15,0.95,0.1,0.33,0.94,0.18,0.17,1.74,0.15,0.29,0.66,0.36,0.59,0.18,0.32,0.53,0.7
1,0.66,0.54,0.14,0.4,0.39,0.16,0.6,0.15,0.95,0.1,0.33,0.94,0.18,0.17,1.74,0.15,0.29,0.66,0.36,0.59,0.18,0.32,0.53,0.7
1,0.66,0.54,0.14,0.4,0.39,0.16,0.6,0.15,0.95,0.1,0.33,0.94,0.18,0.17,1.74,0.15,0.29,0.66,0.36,0.59,0.18,0.32,0.53,0.7
1,0.66,0.54,0.14,0.4,0.39,0.16,0.6,0.15,0.95,0.1,0.33,0.94,0.18,0.17,1.74,0.15,0.29,0.66,0.36,0.59,0.18,0.32,0.53,0.7
1,0.66,0.54,0.14,0.4,0.39,0.16,0.6,0.15,0.95,0.1,0.33,0.94,0.18,0.17,1.74,0.15,0.29,0.66,0.36,0.59,0.18,0.32,0.53,0.7
1,0.66,0.54,0.14,0.4,0.39,0.16,0.6,0.15,0.95,0.1,0.33,0.94,0.18,0.17,1.74,0.15,0.29,0.66,0.36,0.59,0.18,0.32,0.53,0.7
1,0.66,0.54,0.14,0.4,0.39,0.16,0.6,0.15,0.95,0.1,0.33,0.94,0.18,0.17,1.74,0.15,0.29,0.66,0.36,0.59,0.18,0.32,0.53,0.7
1,0.66,0.54,0.14,0.4,0.39,0.16,0.6,0.15,0.95,0.1,0.33,0.94,0.18,0.17,1.74,0.15,0.29,0.66,0.36,0.59,0.18,0.32,0.53,0.7
1,0.66,0.54,0.14,0.4,0.39,0.16,0.6,0.15,0.95,0.1,0.33,0.94,0.18,0.17,1.74,0.15,0.29,0.66,0.36,0.59,0.18,0.32,0.53,0.7
1,0.66,0.54,0.14,0.4,0.39,0.16,0.6,0.15,0.95,0.1,0.33,0.94,0.18,0.17,1.74,0.15,0.29,0.66,0.36,0.59,0.18,0.32,0.53,0.7
1,0.05,0.48,0.18,0.42,0.6,0.09,0.85,0.04,0.95,0.11,1.39,1.61,0.14,0.1,6.29,0.14,0.34,6.46,0.17,0.94,0.09,0.17,0.93,0.98
1,0.05,0.48,0.18,0.42,0.6,0.09,0.85,0.04,0.95,0.11,1.39,1.61,0.14,0.1,6.29,0.14,0.34,6.46,0.17,0.94,0.09,0.17,0.93,0.98
1,0.05,0.48,0.18,0.42,0.6,0.09,0.85,0.04,0.95,0.11,1.39,1.61,0.14,0.1,6.29,0.14,0.34,6.46,0.17,0.94,0.09,0.17,0.93,0.98
1,0.05,0.48,0.18,0.42,0.6,0.09,0.85,0.04,0.95,0.11,1.39,1.61,0.14,0.1,6.29,0.14,0.34,6.46,0.17,0.94,0.09,0.17,0.93,0.98
1,0.05,0.48,0.18,0.42,0.6,0.09,0.85,0.04,0.95,0.11,1.39,1.61,0.14,0.1,6.29,0.14,0.34,6.46,0.17,0.94,0.09,0.17,0.93,0.98
1,0.05,0.48,0.18,0.42,0.6,0.09,0.85,0.04,0.95,0.11,1.39,1.61,0.14,0.1,6.29,0.14,0.34,6.46,0.17,0.94,0.09,0.17,0.93,0.98
1,0.05,0.48,0.18,0.42,0.6,0.09,0.85,0.04,0.95,0.11,1.39,1.61,0.14,0.1,6.29,0.14,0.34,6.46,0.17,0.94,0.09,0.17,0.93,0.98
1,0.05,0.48,0.18,0.42,0.6,0.09,0.85,0.04,0.95,0.11,1.39,1.61,0.14,0.1,6.29,0.14,0.34,6.46,0.17,0.94,0.09,0.17,0.93,0.98
1,0.05,0.48,0.18,0.42,0.6,0.09,0.85,0.04,0.95,0.11,1.39,1.61,0.14,0.1,6.29,0.14,0.34,6.46,0.17,0.94,0.09,0.17,0.93,0.98
1,0.05,0.48,0.18,0.42,0.6,0.09,0.85,0.04,0.95,0.11,1.39,1.61,0.14,0.1,6.29,0.14,0.34,6.46,0.17,0.94,0.09,0.17,0.93,0.98
1,0.05,0.48,0.18,0.42,0.6,0.09,0.85,0.04,0.95,0.11,1.39,1.61,0.14,0.1,6.29,0.14,0.34,6.46,0.17,0.94,0.09,0.17,0.93,0.98
1,0.05,0.48,0.18,0.42,0.6,0.09,0.85,0.04,0.95,0.11,1.39,1.61,0.14,0.1,6.29,0.14,0.34,6.46,0.17,0.94,0.09,0.17,0.93,0.98
1,0.02,0.41,0.01,0.46,0.42,0.11,0.71,0.05,0.96,0.09,0.54,1.15,0.13,0.11,1.06,0.11,0.23,0.38,0.31,0.79,0.19,0.31,0.8,0.95
1,0.02,0.41,0.01,0.46,0.42,0.11,0.71,0.05,0.96,0.09,0.54,1.15,0.13,0.11,1.06,0.11,0.23,0.38,0.31,0.79,0.19,0.31,0.8,0.95
1,0.02,0.41,0.01,0.46,0.42,0.11,0.71,0.05,0.96,0.09,0.54,1.15,0.13,0.11,1.06,0.11,0.23,0.38,0.31,0.79,0.19,0.31,0.8,0.95
1,0.02,0.41,0.01,0.46,0.42,0.11,0.71,0.05,0.96,0.09,0.54,1.15,0.13,0.11,1.06,0.11,0.23,0.38,0.31,0.79,0.19,0.31,0.8,0.95
1,0.02,0.41,0.01,0.46,0.42,0.11,0.71,0.05,0.96,0.09,0.54,1.15,0.13,0.11,1.06,0.11,0.23,0.38,0.31,0.79,0.19,0.31,0.8,0.95
1,0.02,0.41,0.01,0.46,0.42,0.11,0.71,0.05,0.96,0.09,0.54,1.15,0.13,0.11,1.06,0.11,0.23,0.38,0.31,0.79,0.19,0.31,0.8,0.95
1,0.02,0.41,0.01,0.46,0.42,0.11,0.71,0.05,0.96,0.09,0.54,1.15,0.13,0.11,1.06,0.11,0.23,0.38,0.31,0.79,0.19,0.31,0.8,0.95
1,0.02,0.41,0.01,0.46,0.42,0.11,0.71,0.05,0.96,0.09,0.54,1.15,0.13,0.11,1.06,0.11,0.23,0.38,0.31,0.79,0.19,0.31,0.8,0.95
1,0.02,0.41,0.01,0.46,0.42,0.11,0.71,0.05,0.96,0.09,0.54,1.15,0.13,0.11,1.06,0.11,0.23,0.38,0.31,0.79,0.19,0.31,0.8,0.95
1,0.02,0.41,0.01,0.46,0.42,0.11,0.71,0.05,0.96,0.09,0.54,1.15,0.13,0.11,1.06,0.11,0.23,0.38,0.31,0.79,0.19,0.31,0.8,0.95
1,0.02,0.41,0.01,0.46,0.42,0.11,0.71,0.05,0.96,0.09,0.54,1.15,0.13,0.11,1.06,0.11,0.23,0.38,0.31,0.79,0.19,0.31,0.8,0.95
1,0.02,0.41,0.01,0.46,0.42,0.11,0.71,0.05,0.96,0.09,0.54,1.15,0.13,0.11,1.06,0.11,0.23,0.38,0.31,0.79,0.19,0.31,0.8,0.95
1,0.05,0.53,0.01,0.69,0.58,0.08,0.53,0.09,0.95,0.07,0.22,-0.2,0.12,0.11,1.33,0.09,0.5,0.63,0.32,0.65,0.08,0.27,0.57,0.82
1,0.05,0.53,0.01,0.69,0.58,0.08,0.53,0.09,0.95,0.07,0.22,-0.2,0.12,0.11,1.33,0.09,0.5,0.63,0.32,0.65,0.08,0.27,0.57,0.82
1,0.05,0.53,0.01,0.69,0.58,0.08,0.53,0.09,0.95,0.07,0.22,-0.2,0.12,0.11,1.33,0.09,0.5,0.63,0.32,0.65,0.08,0.27,0.57,0.82
1,0.05,0.53,0.01,0.69,0.58,0.08,0.53,0.09,0.95,0.07,0.22,-0.2,0.12,0.11,1.33,0.09,0.5,0.63,0.32,0.65,0.08,0.27,0.57,0.82
1,0.05,0.53,0.01,0.69,0.58,0.08,0.53,0.09,0.95,0.07,0.22,-0.2,0.12,0.11,1.33,0.09,0.5,0.63,0.32,0.65,0.08,0.27,0.57,0.82
1,0.05,0.53,0.01,0.69,0.58,0.08,0.53,0.09,0.95,0.07,0.22,-0.2,0.12,0.11,1.33,0.09,0.5,0.63,0.32,0.65,0.08,0.27,0.57,0.82
1,0.05,0.53,0.01,0.69,0.58,0.08,0.53,0.09,0.95,0.07,0.22,-0.2,0.12,0.11,1.33,0.09,0.5,0.63,0.32,0.65,0.08,0.27,0.57,0.82
1,0.05,0.53,0.01,0.69,0.58,0.08,0.53,0.09,0.95,0.07,0.22,-0.2,0.12,0.11,1.33,0.09,0.5,0.63,0.32,0.65,0.08,0.27,0.57,0.82
1,0.05,0.53,0.01,0.69,0.58,0.08,0.53,0.09,0.95,0.07,0.22,-0.2,0.12,0.11,1.33,0.09,0.5,0.63,0.32,0.65,0.08,0.27,0.57,0.82
1,0.05,0.53,0.01,0.69,0.58,0.08,0.53,0.09,0.95,0.07,0.22,-0.2,0.12,0.11,1.33,0.09,0.5,0.63,0.32,0.65,0.08,0.27,0.57,0.82
1,0.05,0.53,0.01,0.69,0.58,0.08,0.53,0.09,0.95,0.07,0.22,-0.2,0.12,0.11,1.33,0.09,0.5,0.63,0.32,0.65,0.08,0.27,0.57,0.82
1,0.05,0.53,0.01,0.69,0.58,0.08,0.53,0.09,0.95,0.07,0.22,-0.2,0.12,0.11,1.33,0.09,0.5,0.63,0.32,0.65,0.08,0.27,0.57,0.82
1,0.02,0.37,0.01,0.5,0.48,0.09,0.5,0.14,0.94,0.1,0.23,0.06,0.18,0.18,0.21,0.14,0.37,0.09,0.39,0.69,0.15,0.39,0.69,0.75
1,0.02,0.37,0.01,0.5,0.48,0.09,0.5,0.14,0.94,0.1,0.23,0.06,0.18,0.18,0.21,0.14,0.37,0.09,0.39,0.69,0.15,0.39,0.69,0.75
1,0.02,0.37,0.01,0.5,0.48,0.09,0.5,0.14,0.94,0.1,0.23,0.06,0.18,0.18,0.21,0.14,0.37,0.09,0.39,0.69,0.15,0.39,0.69,0.75
1,0.02,0.37,0.01,0.5,0.48,0.09,0.5,0.14,0.94,0.1,0.23,0.06,0.18,0.18,0.21,0.14,0.37,0.09,0.39,0.69,0.15,0.39,0.69,0.75
1,0.02,0.37,0.01,0.5,0.48,0.09,0.5,0.14,0.94,0.1,0.23,0.06,0.18,0.18,0.21,0.14,0.37,0.09,0.39,0.69,0.15,0.39,0.69,0.75
1,0.02,0.37,0.01,0.5,0.48,0.09,0.5,0.14,0.94,0.1,0.23,0.06,0.18,0.18,0.21,0.14,0.37,0.09,0.39,0.69,0.15,0.39,0.69,0.75
1,0.02,0.37,0.01,0.5,0.48,0.09,0.5,0.14,0.94,0.1,0.23,0.06,0.18,0.18,0.21,0.14,0.37,0.09,0.39,0.69,0.15,0.39,0.69,0.75
1,0.02,0.37,0.01,0.5,0.48,0.09,0.5,0.14,0.94,0.1,0.23,0.06,0.18,0.18,0.21,0.14,0.37,0.09,0.39,0.69,0.15,0.39,0.69,0.75
1,0.02,0.37,0.01,0.5,0.48,0.09,0.5,0.14,0.94,0.1,0.23,0.06,0.18,0.18,0.21,0.14,0.37,0.09,0.39,0.69,0.15,0.39,0.69,0.75
1,0.02,0.37,0.01,0.5,0.48,0.09,0.5,0.14,0.94,0.1,0.23,0.06,0.18,0.18,0.21,0.14,0.37,0.09,0.39,0.69,0.15,0.39,0.69,0.75
1,0.02,0.37,0.01,0.5,0.48,0.09,0.5,0.14,0.94,0.1,0.23,0.06,0.18,0.18,0.21,0.14,0.37,0.09,0.39,0.69,0.15,0.39,0.69,0.75
1,0.02,0.37,0.01,0.5,0.48,0.09,0.5,0.14,0.94,0.1,0.23,0.06,0.18,0.18,0.21,0.14,0.37,0.09,0.39,0.69,0.15,0.39,0.69,0.75
1,0.93,0.25,0.2,0.29,0.55,0.16,0.63,0.08,0.95,0.13,-0.08,1.76,0.15,0.14,0.43,0.16,0.29,1.97,0.27,0.79,0.19,0.3,0.81,0.94
1,0.93,0.25,0.2,0.29,0.55,0.16,0.63,0.08,0.95,0.13,-0.08,1.76,0.15,0.14,0.43,0.16,0.29,1.97,0.27,0.79,0.19,0.3,0.81,0.94
1,0.93,0.25,0.2,0.29,0.55,0.16,0.63,0.08,0.95,0.13,-0.08,1.76,0.15,0.14,0.43,0.16,0.29,1.97,0.27,0.79,0.19,0.3,0.81,0.94
1,0.93,0.25,0.2,0.29,0.55,0.16,0.63,0.08,0.95,0.13,-0.08,1.76,0.15,0.14,0.43,0.16,0.29,1.97,0.27,0.79,0.19,0.3,0.81,0.94
1,0.93,0.25,0.2,0.29,0.55,0.16,0.63,0.08,0.95,0.13,-0.08,1.76,0.15,0.14,0.43,0.16,0.29,1.97,0.27,0.79,0.19,0.3,0.81,0.94
1,0.93,0.25,0.2,0.29,0.55,0.16,0.63,0.08,0.95,0.13,-0.08,1.76,0.15,0.14,0.43,0.16,0.29,1.97,0.27,0.79,0.19,0.3,0.81,0.94
1,0.93,0.25,0.2,0.29,0.55,0.16,0.63,0.08,0.95,0.13,-0.08,1.76,0.15,0.14,0.43,0.16,0.29,1.97,0.27,0.79,0.19,0.3,0.81,0.94
1,0.93,0.25,0.2,0.29,0.55,0.16,0.63,0.08,0.95,0.13,-0.08,1.76,0.15,0.14,0.43,0.16,0.29,1.97,0.27,0.79,0.19,0.3,0.81,0.94
1,0.93,0.25,0.2,0.29,0.55,0.16,0.63,0.08,0.95,0.13,-0.08,1.76,0.15,0.14,0.43,0.16,0.29,1.97,0.27,0.79,0.19,0.3,0.81,0.94
1,0.93,0.25,0.2,0.29,0.55,0.16,0.63,0.08,0.95,0.13,-0.08,1.76,0.15,0.14,0.43,0.16,0.29,1.97,0.27,0.79,0.19,0.3,0.81,0.94
1,0.93,0.25,0.2,0.29,0.55,0.16,0.63,0.08,0.95,0.13,-0.08,1.76,0.15,0.14,0.43,0.16,0.29,1.97,0.27,0.79,0.19,0.3,0.81,0.94
1,0.93,0.25,0.2,0.29,0.55,0.16,0.63,0.08,0.95,0.13,-0.08,1.76,0.15,0.14,0.43,0.16,0.29,1.97,0.27,0.79,0.19,0.3,0.81,0.94
1,0.66,0.4,0.47,0.72,0.82,0.12,0.46,0.06,0.94,0.08,-1.27,-0.36,0.12,0.1,1.34,0.09,0.74,0.54,0.28,0.45,0.07,0.29,0.47,0.72
1,0.66,0.4,0.47,0.72,0.82,0.12,0.46,0.06,0.94,0.08,-1.27,-0.36,0.12,0.1,1.34,0.09,0.74,0.54,0.28,0.45,0.07,0.29,0.47,0.72
1,0.66,0.4,0.47,0.72,0.82,0.12,0.46,0.06,0.94,0.08,-1.27,-0.36,0.12,0.1,1.34,0.09,0.74,0.54,0.28,0.45,0.07,0.29,0.47,0.72
1,0.66,0.4,0.47,0.72,0.82,0.12,0.46,0.06,0.94,0.08,-1.27,-0.36,0.12,0.1,1.34,0.09,0.74,0.54,0.28,0.45,0.07,0.29,0.47,0.72
1,0.66,0.4,0.47,0.72,0.82,0.12,0.46,0.06,0.94,0.08,-1.27,-0.36,0.12,0.1,1.34,0.09,0.74,0.54,0.28,0.45,0.07,0.29,0.47,0.72
1,0.66,0.4,0.47,0.72,0.82,0.12,0.46,0.06,0.94,0.08,-1.27,-0.36,0.12,0.1,1.34,0.09,0.74,0.54,0.28,0.45,0.07,0.29,0.47,0.72
1,0.66,0.4,0.47,0.72,0.82,0.12,0.46,0.06,0.94,0.08,-1.27,-0.36,0.12,0.1,1.34,0.09,0.74,0.54,0.28,0.45,0.07,0.29,0.47,0.72
1,0.66,0.4,0.47,0.72,0.82,0.12,0.46,0.06,0.94,0.08,-1.27,-0.36,0.12,0.1,1.34,0.09,0.74,0.54,0.28,0.45,0.07,0.29,0.47,0.72
1,0.66,0.4,0.47,0.72,0.82,0.12,0.46,0.06,0.94,0.08,-1.27,-0.36,0.12,0.1,1.34,0.09,0.74,0.54,0.28,0.45,0.07,0.29,0.47,0.72
1,0.66,0.4,0.47,0.72,0.82,0.12,0.46,0.06,0.94,0.08,-1.27,-0.36,0.12,0.1,1.34,0.09,0.74,0.54,0.28,0.45,0.07,0.29,0.47,0.72
1,0.66,0.4,0.47,0.72,0.82,0.12,0.46,0.06,0.94,0.08,-1.27,-0.36,0.12,0.1,1.34,0.09,0.74,0.54,0.28,0.45,0.07,0.29,0.47,0.72
1,0.66,0.4,0.47,0.72,0.82,0.12,0.46,0.06,0.94,0.08,-1.27,-0.36,0.12,0.1,1.34,0.09,0.74,0.54,0.28,0.45,0.07,0.29,0.47,0.72
1,0.16,0.47,0.31,0.48,0.52,0.17,0.79,0.25,0.86,0.18,-0.1,-0.09,0.19,0.19,10.79,0.11,0.39,10.05,0.19,0.94,0.19,0.18,0.93,0.96
1,0.16,0.47,0.31,0.48,0.52,0.17,0.79,0.25,0.86,0.18,-0.1,-0.09,0.19,0.19,10.79,0.11,0.39,10.05,0.19,0.94,0.19,0.18,0.93,0.96
1,0.16,0.47,0.31,0.48,0.52,0.17,0.79,0.25,0.86,0.18,-0.1,-0.09,0.19,0.19,10.79,0.11,0.39,10.05,0.19,0.94,0.19,0.18,0.93,0.96
1,0.16,0.47,0.31,0.48,0.52,0.17,0.79,0.25,0.86,0.18,-0.1,-0.09,0.19,0.19,10.79,0.11,0.39,10.05,0.19,0.94,0.19,0.18,0.93,0.96
1,0.16,0.47,0.31,0.48,0.52,0.17,0.79,0.25,0.86,0.18,-0.1,-0.09,0.19,0.19,10.79,0.11,0.39,10.05,0.19,0.94,0.19,0.18,0.93,0.96
1,0.16,0.47,0.31,0.48,0.52,0.17,0.79,0.25,0.86,0.18,-0.1,-0.09,0.19,0.19,10.79,0.11,0.39,10.05,0.19,0.94,0.19,0.18,0.93,0.96
1,0.16,0.47,0.31,0.48,0.52,0.17,0.79,0.25,0.86,0.18,-0.1,-0.09,0.19,0.19,10.79,0.11,0.39,10.05,0.19,0.94,0.19,0.18,0.93,0.96
1,0.16,0.47,0.31,0.48,0.52,0.17,0.79,0.25,0.86,0.18,-0.1,-0.09,0.19,0.19,10.79,0.11,0.39,10.05,0.19,0.94,0.19,0.18,0.93,0.96
1,0.16,0.47,0.31,0.48,0.52,0.17,0.79,0.25,0.86,0.18,-0.1,-0.09,0.19,0.19,10.79,0.11,0.39,10.05,0.19,0.94,0.19,0.18,0.93,0.96
1,0.16,0.47,0.31,0.48,0.52,0.17,0.79,0.25,0.86,0.18,-0.1,-0.09,0.19,0.19,10.79,0.11,0.39,10.05,0.19,0.94,0.19,0.18,0.93,0.96
1,0.16,0.47,0.31,0.48,0.52,0.17,0.79,0.25,0.86,0.18,-0.1,-0.09,0.19,0.19,10.79,0.11,0.39,10.05,0.19,0.94,0.19,0.18,0.93,0.96
1,0.16,0.47,0.31,0.48,0.52,0.17,0.79,0.25,0.86,0.18,-0.1,-0.09,0.19,0.19,10.79,0.11,0.39,10.05,0.19,0.94,0.19,0.18,0.93,0.96
1,0.03,0.49,0.03,0.54,0.62,0.11,0.84,0.05,0.96,0.1,-0.15,-0.36,0.09,0.08,0.3,0.1,0.33,0.27,0.26,0.88,0.13,0.25,0.87,0.92
1,0.03,0.49,0.03,0.54,0.62,0.11,0.84,0.05,0.96,0.1,-0.15,-0.36,0.09,0.08,0.3,0.1,0.33,0.27,0.26,0.88,0.13,0.25,0.87,0.92
1,0.03,0.49,0.03,0.54,0.62,0.11,0.84,0.05,0.96,0.1,-0.15,-0.36,0.09,0.08,0.3,0.1,0.33,0.27,0.26,0.88,0.13,0.25,0.87,0.92
1,0.03,0.49,0.03,0.54,0.62,0.11,0.84,0.05,0.96,0.1,-0.15,-0.36,0.09,0.08,0.3,0.1,0.33,0.27,0.26,0.88,0.13,0.25,0.87,0.92
1,0.03,0.49,0.03,0.54,0.62,0.11,0.84,0.05,0.96,0.1,-0.15,-0.36,0.09,0.08,0.3,0.1,0.33,0.27,0.26,0.88,0.13,0.25,0.87,0.92
1,0.03,0.49,0.03,0.54,0.62,0.11,0.84,0.05,0.96,0.1,-0.15,-0.36,0.09,0.08,0.3,0.1,0.33,0.27,0.26,0.88,0.13,0.25,0.87,0.92
1,0.03,0.49,0.03,0.54,0.62,0.11,0.84,0.05,0.96,0.1,-0.15,-0.36,0.09,0.08,0.3,0.1,0.33,0.27,0.26,0.88,0.13,0.25,0.87,0.92
1,0.03,0.49,0.03,0.54,0.62,0.11,0.84,0.05,0.96,0.1,-0.15,-0.36,0.09,0.08,0.3,0.1,0.33,0.27,0.26,0.88,0.13,0.25,0.87,0.92
1,0.03,0.49,0.03,0.54,0.62,0.11,0.84,0.05,0.96,0.1,-0.15,-0.36,0.09,0.08,0.3,0.1,0.33,0.27,0.26,0.88,0.13,0.25,0.87,0.92
1,0.03,0.49,0.03,0.54,0.62,0.11,0.84,0.05,0.96,0.1,-0.15,-0.36,0.09,0.08,0.3,0.1,0.33,0.27,0.26,0.88,0.13,0.25,0.87,0.92
1,0.03,0.49,0.03,0.54,0.62,0.11,0.84,0.05,0.96,0.1,-0.15,-0.36,0.09,0.08,0.3,0.1,0.33,0.27,0.26,0.88,0.13,0.25,0.87,0.92
1,0.03,0.49,0.03,0.54,0.62,0.11,0.84,0.05,0.96,0.1,-0.15,-0.36,0.09,0.08,0.3,0.1,0.33,0.27,0.26,0.88,0.13,0.25,0.87,0.92
1,0.03,0.49,0.03,0.62,0.64,0.16,0.75,0.07,0.96,0.11,-0.15,0.07,0.09,0.08,0.5,0.09,0.33,0.34,0.28,0.85,0.15,0.26,0.85,0.9
1,0.03,0.49,0.03,0.62,0.64,0.16,0.75,0.07,0.96,0.11,-0.15,0.07,0.09,0.08,0.5,0.09,0.33,0.34,0.28,0.85,0.15,0.26,0.85,0.9
1,0.03,0.49,0.03,0.62,0.64,0.16,0.75,0.07,0.96,0.11,-0.15,0.07,0.09,0.08,0.5,0.09,0.33,0.34,0.28,0.85,0.15,0.26,0.85,0.9
1,0.03,0.49,0.03,0.62,0.64,0.16,0.75,0.07,0.96,0.11,-0.15,0.07,0.09,0.08,0.5,0.09,0.33,0.34,0.28,0.85,0.15,0.26,0.85,0.9
1,0.03,0.49,0.03,0.62,0.64,0.16,0.75,0.07,0.96,0.11,-0.15,0.07,0.09,0.08,0.5,0.09,0.33,0.34,0.28,0.85,0.15,0.26,0.85,0.9
1,0.03,0.49,0.03,0.62,0.64,0.16,0.75,0.07,0.96,0.11,-0.15,0.07,0.09,0.08,0.5,0.09,0.33,0.34,0.28,0.85,0.15,0.26,0.85,0.9
1,0.03,0.49,0.03,0.62,0.64,0.16,0.75,0.07,0.96,0.11,-0.15,0.07,0.09,0.08,0.5,0.09,0.33,0.34,0.28,0.85,0.15,0.26,0.85,0.9
1,0.03,0.49,0.03,0.62,0.64,0.16,0.75,0.07,0.96,0.11,-0.15,0.07,0.09,0.08,0.5,0.09,0.33,0.34,0.28,0.85,0.15,0.26,0.85,0.9
1,0.03,0.49,0.03,0.62,0.64,0.16,0.75,0.07,0.96,0.11,-0.15,0.07,0.09,0.08,0.5,0.09,0.33,0.34,0.28,0.85,0.15,0.26,0.85,0.9
1,0.03,0.49,0.03,0.62,0.64,0.16,0.75,0.07,0.96,0.11,-0.15,0.07,0.09,0.08,0.5,0.09,0.33,0.34,0.28,0.85,0.15,0.26,0.85,0.9
1,0.03,0.49,0.03,0.62,0.64,0.16,0.75,0.07,0.96,0.11,-0.15,0.07,0.09,0.08,0.5,0.09,0.33,0.34,0.28,0.85,0.15,0.26,0.85,0.9
1,0.03,0.49,0.03,0.62,0.64,0.16,0.75,0.07,0.96,0.11,-0.15,0.07,0.09,0.08,0.5,0.09,0.33,0.34,0.28,0.85,0.15,0.26,0.85,0.9
1,0.12,0.51,0.3,0.63,0.47,0.17,0.66,0.07,0.96,0.18,-0.07,-0.46,0.18,0.18,0.7,0.16,0.4,0.92,0.42,0.62,0.2,0.42,0.62,0.86
1,0.12,0.51,0.3,0.63,0.47,0.17,0.66,0.07,0.96,0.18,-0.07,-0.46,0.18,0.18,0.7,0.16,0.4,0.92,0.42,0.62,0.2,0.42,0.62,0.86
1,0.12,0.51,0.3,0.63,0.47,0.17,0.66,0.07,0.96,0.18,-0.07,-0.46,0.18,0.18,0.7,0.16,0.4,0.92,0.42,0.62,0.2,0.42,0.62,0.86
1,0.12,0.51,0.3,0.63,0.47,0.17,0.66,0.07,0.96,0.18,-0.07,-0.46,0.18,0.18,0.7,0.16,0.4,0.92,0.42,0.62,0.2,0.42,0.62,0.86
1,0.12,0.51,0.3,0.63,0.47,0.17,0.66,0.07,0.96,0.18,-0.07,-0.46,0.18,0.18,0.7,0.16,0.4,0.92,0.42,0.62,0.2,0.42,0.62,0.86
1,0.12,0.51,0.3,0.63,0.47,0.17,0.66,0.07,0.96,0.18,-0.07,-0.46,0.18,0.18,0.7,0.16,0.4,0.92,0.42,0.62,0.2,0.42,0.62,0.86
1,0.12,0.51,0.3,0.63,0.47,0.17,0.66,0.07,0.96,0.18,-0.07,-0.46,0.18,0.18,0.7,0.16,0.4,0.92,0.42,0.62,0.2,0.42,0.62,0.86
1,0.12,0.51,0.3,0.63,0.47,0.17,0.66,0.07,0.96,0.18,-0.07,-0.46,0.18,0.18,0.7,0.16,0.4,0.92,0.42,0.62,0.2,0.42,0.62,0.86
1,0.12,0.51,0.3,0.63,0.47,0.17,0.66,0.07,0.96,0.18,-0.07,-0.46,0.18,0.18,0.7,0.16,0.4,0.92,0.42,0.62,0.2,0.42,0.62,0.86
1,0.12,0.51,0.3,0.63,0.47,0.17,0.66,0.07,0.96,0.18,-0.07,-0.46,0.18,0.18,0.7,0.16,0.4,0.92,0.42,0.62,0.2,0.42,0.62,0.86
1,0.12,0.51,0.3,0.63,0.47,0.17,0.66,0.07,0.96,0.18,-0.07,-0.46,0.18,0.18,0.7,0.16,0.4,0.92,0.42,0.62,0.2,0.42,0.62,0.86
1,0.12,0.51,0.3,0.63,0.47,0.17,0.66,0.07,0.96,0.18,-0.07,-0.46,0.18,0.18,0.7,0.16,0.4,0.92,0.42,0.62,0.2,0.42,0.62,0.86
1,0.03,0.5,0.01,0.45,0.44,0.1,0.8,0.04,0.97,0.12,0.11,-0.46,0.17,0.17,0.09,0.14,0.28,0.38,0.29,0.79,0.14,0.28,0.78,0.87
1,0.03,0.5,0.01,0.45,0.44,0.1,0.8,0.04,0.97,0.12,0.11,-0.46,0.17,0.17,0.09,0.14,0.28,0.38,0.29,0.79,0.14,0.28,0.78,0.87
1,0.03,0.5,0.01,0.45,0.44,0.1,0.8,0.04,0.97,0.12,0.11,-0.46,0.17,0.17,0.09,0.14,0.28,0.38,0.29,0.79,0.14,0.28,0.78,0.87
1,0.03,0.5,0.01,0.45,0.44,0.1,0.8,0.04,0.97,0.12,0.11,-0.46,0.17,0.17,0.09,0.14,0.28,0.38,0.29,0.79,0.14,0.28,0.78,0.87
1,0.03,0.5,0.01,0.45,0.44,0.1,0.8,0.04,0.97,0.12,0.11,-0.46,0.17,0.17,0.09,0.14,0.28,0.38,0.29,0.79,0.14,0.28,0.78,0.87
1,0.03,0.5,0.01,0.45,0.44,0.1,0.8,0.04,0.97,0.12,0.11,-0.46,0.17,0.17,0.09,0.14,0.28,0.38,0.29,0.79,0.14,0.28,0.78,0.87
1,0.03,0.5,0.01,0.45,0.44,0.1,0.8,0.04,0.97,0.12,0.11,-0.46,0.17,0.17,0.09,0.14,0.28,0.38,0.29,0.79,0.14,0.28,0.78,0.87
1,0.03,0.5,0.01,0.45,0.44,0.1,0.8,0.04,0.97,0.12,0.11,-0.46,0.17,0.17,0.09,0.14,0.28,0.38,0.29,0.79,0.14,0.28,0.78,0.87
1,0.03,0.5,0.01,0.45,0.44,0.1,0.8,0.04,0.97,0.12,0.11,-0.46,0.17,0.17,0.09,0.14,0.28,0.38,0.29,0.79,0.14,0.28,0.78,0.87
1,0.03,0.5,0.01,0.45,0.44,0.1,0.8,0.04,0.97,0.12,0.11,-0.46,0.17,0.17,0.09,0.14,0.28,0.38,0.29,0.79,0.14,0.28,0.78,0.87
1,0.03,0.5,0.01,0.45,0.44,0.1,0.8,0.04,0.97,0.12,0.11,-0.46,0.17,0.17,0.09,0.14,0.28,0.38,0.29,0.79,0.14,0.28,0.78,0.87
1,0.03,0.5,0.01,0.45,0.44,0.1,0.8,0.04,0.97,0.12,0.11,-0.46,0.17,0.17,0.09,0.14,0.28,0.38,0.29,0.79,0.14,0.28,0.78,0.87
1,0.5,0.45,0.16,0.51,0.52,0.16,0.66,0.08,0.97,0.11,-0.48,-0.81,0.13,0.13,1.3,0.13,0.5,0.39,0.43,0.57,0.19,0.4,0.53,0.61
1,0.5,0.45,0.16,0.51,0.52,0.16,0.66,0.08,0.97,0.11,-0.48,-0.81,0.13,0.13,1.3,0.13,0.5,0.39,0.43,0.57,0.19,0.4,0.53,0.61
1,0.5,0.45,0.16,0.51,0.52,0.16,0.66,0.08,0.97,0.11,-0.48,-0.81,0.13,0.13,1.3,0.13,0.5,0.39,0.43,0.57,0.19,0.4,0.53,0.61
1,0.5,0.45,0.16,0.51,0.52,0.16,0.66,0.08,0.97,0.11,-0.48,-0.81,0.13,0.13,1.3,0.13,0.5,0.39,0.43,0.57,0.19,0.4,0.53,0.61
1,0.5,0.45,0.16,0.51,0.52,0.16,0.66,0.08,0.97,0.11,-0.48,-0.81,0.13,0.13,1.3,0.13,0.5,0.39,0.43,0.57,0.19,0.4,0.53,0.61
1,0.5,0.45,0.16,0.51,0.52,0.16,0.66,0.08,0.97,0.11,-0.48,-0.81,0.13,0.13,1.3,0.13,0.5,0.39,0.43,0.57,0.19,0.4,0.53,0.61
1,0.5,0.45,0.16,0.51,0.52,0.16,0.66,0.08,0.97,0.11,-0.48,-0.81,0.13,0.13,1.3,0.13,0.5,0.39,0.43,0.57,0.19,0.4,0.53,0.61
1,0.5,0.45,0.16,0.51,0.52,0.16,0.66,0.08,0.97,0.11,-0.48,-0.81,0.13,0.13,1.3,0.13,0.5,0.39,0.43,0.57,0.19,0.4,0.53,0.61
1,0.5,0.45,0.16,0.51,0.52,0.16,0.66,0.08,0.97,0.11,-0.48,-0.81,0.13,0.13,1.3,0.13,0.5,0.39,0.43,0.57,0.19,0.4,0.53,0.61
1,0.5,0.45,0.16,0.51,0.52,0.16,0.66,0.08,0.97,0.11,-0.48,-0.81,0.13,0.13,1.3,0.13,0.5,0.39,0.43,0.57,0.19,0.4,0.53,0.61
1,0.5,0.45,0.16,0.51,0.52,0.16,0.66,0.08,0.97,0.11,-0.48,-0.81,0.13,0.13,1.3,0.13,0.5,0.39,0.43,0.57,0.19,0.4,0.53,0.61
1,0.5,0.45,0.16,0.51,0.52,0.16,0.66,0.08,0.97,0.11,-0.48,-0.81,0.13,0.13,1.3,0.13,0.5,0.39,0.43,0.57,0.19,0.4,0.53,0.61
1,0.05,0.44,0.02,0.79,0.77,0.16,0.69,0.11,0.96,0.07,-1.61,-4.64,0.09,0.07,7.68,0.08,0.78,8.74,0.43,0.59,0.1,0.4,0.56,0.75
1,0.05,0.44,0.02,0.79,0.77,0.16,0.69,0.11,0.96,0.07,-1.61,-4.64,0.09,0.07,7.68,0.08,0.78,8.74,0.43,0.59,0.1,0.4,0.56,0.75
1,0.05,0.44,0.02,0.79,0.77,0.16,0.69,0.11,0.96,0.07,-1.61,-4.64,0.09,0.07,7.68,0.08,0.78,8.74,0.43,0.59,0.1,0.4,0.56,0.75
1,0.05,0.44,0.02,0.79,0.77,0.16,0.69,0.11,0.96,0.07,-1.61,-4.64,0.09,0.07,7.68,0.08,0.78,8.74,0.43,0.59,0.1,0.4,0.56,0.75
1,0.05,0.44,0.02,0.79,0.77,0.16,0.69,0.11,0.96,0.07,-1.61,-4.64,0.09,0.07,7.68,0.08,0.78,8.74,0.43,0.59,0.1,0.4,0.56,0.75
1,0.05,0.44,0.02,0.79,0.77,0.16,0.69,0.11,0.96,0.07,-1.61,-4.64,0.09,0.07,7.68,0.08,0.78,8.74,0.43,0.59,0.1,0.4,0.56,0.75
1,0.05,0.44,0.02,0.79,0.77,0.16,0.69,0.11,0.96,0.07,-1.61,-4.64,0.09,0.07,7.68,0.08,0.78,8.74,0.43,0.59,0.1,0.4,0.56,0.75
1,0.05,0.44,0.02,0.79,0.77,0.16,0.69,0.11,0.96,0.07,-1.61,-4.64,0.09,0.07,7.68,0.08,0.78,8.74,0.43,0.59,0.1,0.4,0.56,0.75
1,0.05,0.44,0.02,0.79,0.77,0.16,0.69,0.11,0.96,0.07,-1.61,-4.64,0.09,0.07,7.68,0.08,0.78,8.74,0.43,0.59,0.1,0.4,0.56,0.75
1,0.05,0.44,0.02,0.79,0.77,0.16,0.69,0.11,0.96,0.07,-1.61,-4.64,0.09,0.07,7.68,0.08,0.78,8.74,0.43,0.59,0.1,0.4,0.56,0.75
1,0.05,0.44,0.02,0.79,0.77,0.16,0.69,0.11,0.96,0.07,-1.61,-4.64,0.09,0.07,7.68,0.08,0.78,8.74,0.43,0.59,0.1,0.4,0.56,0.75
1,0.05,0.44,0.02,0.79,0.77,0.16,0.69,0.11,0.96,0.07,-1.61,-4.64,0.09,0.07,7.68,0.08,0.78,8.74,0.43,0.59,0.1,0.4,0.56,0.75
1,0.04,0.63,0.05,0.77,0.56,0.11,0.55,0.01,0.99,0.07,-0.08,-0.94,0.1,0.09,5.39,0.08,0.44,3.76,0.26,0.73,0.13,0.22,0.67,0.96
1,0.04,0.63,0.05,0.77,0.56,0.11,0.55,0.01,0.99,0.07,-0.08,-0.94,0.1,0.09,5.39,0.08,0.44,3.76,0.26,0.73,0.13,0.22,0.67,0.96
1,0.04,0.63,0.05,0.77,0.56,0.11,0.55,0.01,0.99,0.07,-0.08,-0.94,0.1,0.09,5.39,0.08,0.44,3.76,0.26,0.73,0.13,0.22,0.67,0.96
1,0.04,0.63,0.05,0.77,0.56,0.11,0.55,0.01,0.99,0.07,-0.08,-0.94,0.1,0.09,5.39,0.08,0.44,3.76,0.26,0.73,0.13,0.22,0.67,0.96
1,0.04,0.63,0.05,0.77,0.56,0.11,0.55,0.01,0.99,0.07,-0.08,-0.94,0.1,0.09,5.39,0.08,0.44,3.76,0.26,0.73,0.13,0.22,0.67,0.96
1,0.04,0.63,0.05,0.77,0.56,0.11,0.55,0.01,0.99,0.07,-0.08,-0.94,0.1,0.09,5.39,0.08,0.44,3.76,0.26,0.73,0.13,0.22,0.67,0.96
1,0.04,0.63,0.05,0.77,0.56,0.11,0.55,0.01,0.99,0.07,-0.08,-0.94,0.1,0.09,5.39,0.08,0.44,3.76,0.26,0.73,0.13,0.22,0.67,0.96
1,0.04,0.63,0.05,0.77,0.56,0.11,0.55,0.01,0.99,0.07,-0.08,-0.94,0.1,0.09,5.39,0.08,0.44,3.76,0.26,0.73,0.13,0.22,0.67,0.96
1,0.04,0.63,0.05,0.77,0.56,0.11,0.55,0.01,0.99,0.07,-0.08,-0.94,0.1,0.09,5.39,0.08,0.44,3.76,0.26,0.73,0.13,0.22,0.67,0.96
1,0.04,0.63,0.05,0.77,0.56,0.11,0.55,0.01,0.99,0.07,-0.08,-0.94,0.1,0.09,5.39,0.08,0.44,3.76,0.26,0.73,0.13,0.22,0.67,0.96
1,0.04,0.63,0.05,0.77,0.56,0.11,0.55,0.01,0.99,0.07,-0.08,-0.94,0.1,0.09,5.39,0.08,0.44,3.76,0.26,0.73,0.13,0.22,0.67,0.96
1,0.04,0.63,0.05,0.77,0.56,0.11,0.55,0.01,0.99,0.07,-0.08,-0.94,0.1,0.09,5.39,0.08,0.44,3.76,0.26,0.73,0.13,0.22,0.67,0.96
1,0.05,0.26,0.05,0.68,0.78,0.17,0.74,0.01,0.99,0.11,-0.99,0.31,0.15,0.13,8.79,0.14,0.65,0.85,0.25,0.46,0.18,0.23,0.4,0.75
1,0.05,0.26,0.05,0.68,0.78,0.17,0.74,0.01,0.99,0.11,-0.99,0.31,0.15,0.13,8.79,0.14,0.65,0.85,0.25,0.46,0.18,0.23,0.4,0.75
1,0.05,0.26,0.05,0.68,0.78,0.17,0.74,0.01,0.99,0.11,-0.99,0.31,0.15,0.13,8.79,0.14,0.65,0.85,0.25,0.46,0.18,0.23,0.4,0.75
1,0.05,0.26,0.05,0.68,0.78,0.17,0.74,0.01,0.99,0.11,-0.99,0.31,0.15,0.13,8.79,0.14,0.65,0.85,0.25,0.46,0.18,0.23,0.4,0.75
1,0.05,0.26,0.05,0.68,0.78,0.17,0.74,0.01,0.99,0.11,-0.99,0.31,0.15,0.13,8.79,0.14,0.65,0.85,0.25,0.46,0.18,0.23,0.4,0.75
1,0.05,0.26,0.05,0.68,0.78,0.17,0.74,0.01,0.99,0.11,-0.99,0.31,0.15,0.13,8.79,0.14,0.65,0.85,0.25,0.46,0.18,0.23,0.4,0.75
1,0.05,0.26,0.05,0.68,0.78,0.17,0.74,0.01,0.99,0.11,-0.99,0.31,0.15,0.13,8.79,0.14,0.65,0.85,0.25,0.46,0.18,0.23,0.4,0.75
1,0.05,0.26,0.05,0.68,0.78,0.17,0.74,0.01,0.99,0.11,-0.99,0.31,0.15,0.13,8.79,0.14,0.65,0.85,0.25,0.46,0.18,0.23,0.4,0.75
1,0.05,0.26,0.05,0.68,0.78,0.17,0.74,0.01,0.99,0.11,-0.99,0.31,0.15,0.13,8.79,0.14,0.65,0.85,0.25,0.46,0.18,0.23,0.4,0.75
1,0.05,0.26,0.05,0.68,0.78,0.17,0.74,0.01,0.99,0.11,-0.99,0.31,0.15,0.13,8.79,0.14,0.65,0.85,0.25,0.46,0.18,0.23,0.4,0.75
1,0.05,0.26,0.05,0.68,0.78,0.17,0.74,0.01,0.99,0.11,-0.99,0.31,0.15,0.13,8.79,0.14,0.65,0.85,0.25,0.46,0.18,0.23,0.4,0.75
1,0.05,0.26,0.05,0.68,0.78,0.17,0.74,0.01,0.99,0.11,-0.99,0.31,0.15,0.13,8.79,0.14,0.65,0.85,0.25,0.46,0.18,0.23,0.4,0.75
1,0.03,0.49,0.04,0.69,0.67,0.2,0.58,0.03,0.99,0.12,-0.41,-0.68,0.18,0.19,4.23,0.14,0.5,2.11,0.25,0.44,0.15,0.24,0.39,0.68
1,0.03,0.49,0.04,0.69,0.67,0.2,0.58,0.03,0.99,0.12,-0.41,-0.68,0.18,0.19,4.23,0.14,0.5,2.11,0.25,0.44,0.15,0.24,0.39,0.68
1,0.03,0.49,0.04,0.69,0.67,0.2,0.58,0.03,0.99,0.12,-0.41,-0.68,0.18,0.19,4.23,0.14,0.5,2.11,0.25,0.44,0.15,0.24,0.39,0.68
1,0.03,0.49,0.04,0.69,0.67,0.2,0.58,0.03,0.99,0.12,-0.41,-0.68,0.18,0.19,4.23,0.14,0.5,2.11,0.25,0.44,0.15,0.24,0.39,0.68
1,0.03,0.49,0.04,0.69,0.67,0.2,0.58,0.03,0.99,0.12,-0.41,-0.68,0.18,0.19,4.23,0.14,0.5,2.11,0.25,0.44,0.15,0.24,0.39,0.68
1,0.03,0.49,0.04,0.69,0.67,0.2,0.58,0.03,0.99,0.12,-0.41,-0.68,0.18,0.19,4.23,0.14,0.5,2.11,0.25,0.44,0.15,0.24,0.39,0.68
1,0.03,0.49,0.04,0.69,0.67,0.2,0.58,0.03,0.99,0.12,-0.41,-0.68,0.18,0.19,4.23,0.14,0.5,2.11,0.25,0.44,0.15,0.24,0.39,0.68
1,0.03,0.49,0.04,0.69,0.67,0.2,0.58,0.03,0.99,0.12,-0.41,-0.68,0.18,0.19,4.23,0.14,0.5,2.11,0.25,0.44,0.15,0.24,0.39,0.68
1,0.03,0.49,0.04,0.69,0.67,0.2,0.58,0.03,0.99,0.12,-0.41,-0.68,0.18,0.19,4.23,0.14,0.5,2.11,0.25,0.44,0.15,0.24,0.39,0.68
1,0.03,0.49,0.04,0.69,0.67,0.2,0.58,0.03,0.99,0.12,-0.41,-0.68,0.18,0.19,4.23,0.14,0.5,2.11,0.25,0.44,0.15,0.24,0.39,0.68
1,0.03,0.49,0.04,0.69,0.67,0.2,0.58,0.03,0.99,0.12,-0.41,-0.68,0.18,0.19,4.23,0.14,0.5,2.11,0.25,0.44,0.15,0.24,0.39,0.68
1,0.03,0.49,0.04,0.69,0.67,0.2,0.58,0.03,0.99,0.12,-0.41,-0.68,0.18,0.19,4.23,0.14,0.5,2.11,0.25,0.44,0.15,0.24,0.39,0.68
1,0.04,0.7,0.04,0.81,0.75,0.1,0.76,0.06,0.97,0.06,-0.87,-3.8,0.07,0.06,12.38,0.05,0.64,20.23,0.32,0.58,0.08,0.3,0.54,0.96
1,0.04,0.7,0.04,0.81,0.75,0.1,0.76,0.06,0.97,0.06,-0.87,-3.8,0.07,0.06,12.38,0.05,0.64,20.23,0.32,0.58,0.08,0.3,0.54,0.96
1,0.04,0.7,0.04,0.81,0.75,0.1,0.76,0.06,0.97,0.06,-0.87,-3.8,0.07,0.06,12.38,0.05,0.64,20.23,0.32,0.58,0.08,0.3,0.54,0.96
1,0.04,0.7,0.04,0.81,0.75,0.1,0.76,0.06,0.97,0.06,-0.87,-3.8,0.07,0.06,12.38,0.05,0.64,20.23,0.32,0.58,0.08,0.3,0.54,0.96
1,0.04,0.7,0.04,0.81,0.75,0.1,0.76,0.06,0.97,0.06,-0.87,-3.8,0.07,0.06,12.38,0.05,0.64,20.23,0.32,0.58,0.08,0.3,0.54,0.96
1,0.04,0.7,0.04,0.81,0.75,0.1,0.76,0.06,0.97,0.06,-0.87,-3.8,0.07,0.06,12.38,0.05,0.64,20.23,0.32,0.58,0.08,0.3,0.54,0.96
1,0.04,0.7,0.04,0.81,0.75,0.1,0.76,0.06,0.97,0.06,-0.87,-3.8,0.07,0.06,12.38,0.05,0.64,20.23,0.32,0.58,0.08,0.3,0.54,0.96
1,0.04,0.7,0.04,0.81,0.75,0.1,0.76,0.06,0.97,0.06,-0.87,-3.8,0.07,0.06,12.38,0.05,0.64,20.23,0.32,0.58,0.08,0.3,0.54,0.96
1,0.04,0.7,0.04,0.81,0.75,0.1,0.76,0.06,0.97,0.06,-0.87,-3.8,0.07,0.06,12.38,0.05,0.64,20.23,0.32,0.58,0.08,0.3,0.54,0.96
1,0.04,0.7,0.04,0.81,0.75,0.1,0.76,0.06,0.97,0.06,-0.87,-3.8,0.07,0.06,12.38,0.05,0.64,20.23,0.32,0.58,0.08,0.3,0.54,0.96
1,0.04,0.7,0.04,0.81,0.75,0.1,0.76,0.06,0.97,0.06,-0.87,-3.8,0.07,0.06,12.38,0.05,0.64,20.23,0.32,0.58,0.08,0.3,0.54,0.96
1,0.04,0.7,0.04,0.81,0.75,0.1,0.76,0.06,0.97,0.06,-0.87,-3.8,0.07,0.06,12.38,0.05,0.64,20.23,0.32,0.58,0.08,0.3,0.54,0.96
1,0.05,0.56,0.15,0.77,0.76,0.11,0.58,0.05,0.97,0.09,-1.43,-2.74,0.11,0.11,15.82,0.11,0.63,19.27,0.28,0.38,0.13,0.27,0.34,0.67
1,0.05,0.56,0.15,0.77,0.76,0.11,0.58,0.05,0.97,0.09,-1.43,-2.74,0.11,0.11,15.82,0.11,0.63,19.27,0.28,0.38,0.13,0.27,0.34,0.67
1,0.05,0.56,0.15,0.77,0.76,0.11,0.58,0.05,0.97,0.09,-1.43,-2.74,0.11,0.11,15.82,0.11,0.63,19.27,0.28,0.38,0.13,0.27,0.34,0.67
1,0.05,0.56,0.15,0.77,0.76,0.11,0.58,0.05,0.97,0.09,-1.43,-2.74,0.11,0.11,15.82,0.11,0.63,19.27,0.28,0.38,0.13,0.27,0.34,0.67
1,0.05,0.56,0.15,0.77,0.76,0.11,0.58,0.05,0.97,0.09,-1.43,-2.74,0.11,0.11,15.82,0.11,0.63,19.27,0.28,0.38,0.13,0.27,0.34,0.67
1,0.05,0.56,0.15,0.77,0.76,0.11,0.58,0.05,0.97,0.09,-1.43,-2.74,0.11,0.11,15.82,0.11,0.63,19.27,0.28,0.38,0.13,0.27,0.34,0.67
1,0.05,0.56,0.15,0.77,0.76,0.11,0.58,0.05,0.97,0.09,-1.43,-2.74,0.11,0.11,15.82,0.11,0.63,19.27,0.28,0.38,0.13,0.27,0.34,0.67
1,0.05,0.56,0.15,0.77,0.76,0.11,0.58,0.05,0.97,0.09,-1.43,-2.74,0.11,0.11,15.82,0.11,0.63,19.27,0.28,0.38,0.13,0.27,0.34,0.67
1,0.05,0.56,0.15,0.77,0.76,0.11,0.58,0.05,0.97,0.09,-1.43,-2.74,0.11,0.11,15.82,0.11,0.63,19.27,0.28,0.38,0.13,0.27,0.34,0.67
1,0.05,0.56,0.15,0.77,0.76,0.11,0.58,0.05,0.97,0.09,-1.43,-2.74,0.11,0.11,15.82,0.11,0.63,19.27,0.28,0.38,0.13,0.27,0.34,0.67
1,0.05,0.56,0.15,0.77,0.76,0.11,0.58,0.05,0.97,0.09,-1.43,-2.74,0.11,0.11,15.82,0.11,0.63,19.27,0.28,0.38,0.13,0.27,0.34,0.67
1,0.05,0.56,0.15,0.77,0.76,0.11,0.58,0.05,0.97,0.09,-1.43,-2.74,0.11,0.11,15.82,0.11,0.63,19.27,0.28,0.38,0.13,0.27,0.34,0.67
1,0.31,0.49,0.46,0.57,0.52,0.18,0.8,0.04,0.98,0.15,-0.1,0.05,0.19,0.2,1.81,0.2,0.53,0.39,0.38,0.68,0.21,0.39,0.68,0.79
1,0.31,0.49,0.46,0.57,0.52,0.18,0.8,0.04,0.98,0.15,-0.1,0.05,0.19,0.2,1.81,0.2,0.53,0.39,0.38,0.68,0.21,0.39,0.68,0.79
1,0.31,0.49,0.46,0.57,0.52,0.18,0.8,0.04,0.98,0.15,-0.1,0.05,0.19,0.2,1.81,0.2,0.53,0.39,0.38,0.68,0.21,0.39,0.68,0.79
1,0.31,0.49,0.46,0.57,0.52,0.18,0.8,0.04,0.98,0.15,-0.1,0.05,0.19,0.2,1.81,0.2,0.53,0.39,0.38,0.68,0.21,0.39,0.68,0.79
1,0.31,0.49,0.46,0.57,0.52,0.18,0.8,0.04,0.98,0.15,-0.1,0.05,0.19,0.2,1.81,0.2,0.53,0.39,0.38,0.68,0.21,0.39,0.68,0.79
1,0.31,0.49,0.46,0.57,0.52,0.18,0.8,0.04,0.98,0.15,-0.1,0.05,0.19,0.2,1.81,0.2,0.53,0.39,0.38,0.68,0.21,0.39,0.68,0.79
1,0.31,0.49,0.46,0.57,0.52,0.18,0.8,0.04,0.98,0.15,-0.1,0.05,0.19,0.2,1.81,0.2,0.53,0.39,0.38,0.68,0.21,0.39,0.68,0.79
1,0.31,0.49,0.46,0.57,0.52,0.18,0.8,0.04,0.98,0.15,-0.1,0.05,0.19,0.2,1.81,0.2,0.53,0.39,0.38,0.68,0.21,0.39,0.68,0.79
1,0.31,0.49,0.46,0.57,0.52,0.18,0.8,0.04,0.98,0.15,-0.1,0.05,0.19,0.2,1.81,0.2,0.53,0.39,0.38,0.68,0.21,0.39,0.68,0.79
1,0.31,0.49,0.46,0.57,0.52,0.18,0.8,0.04,0.98,0.15,-0.1,0.05,0.19,0.2,1.81,0.2,0.53,0.39,0.38,0.68,0.21,0.39,0.68,0.79
1,0.31,0.49,0.46,0.57,0.52,0.18,0.8,0.04,0.98,0.15,-0.1,0.05,0.19,0.2,1.81,0.2,0.53,0.39,0.38,0.68,0.21,0.39,0.68,0.79
1,0.31,0.49,0.46,0.57,0.52,0.18,0.8,0.04,0.98,0.15,-0.1,0.05,0.19,0.2,1.81,0.2,0.53,0.39,0.38,0.68,0.21,0.39,0.68,0.79
1,0.04,0.63,0.13,0.74,0.71,0.13,0.79,0.26,0.9,0.2,-2.13,-2.42,0.14,0.15,40.69,0.17,0.69,19.34,0.24,0.92,0.19,0.25,0.92,0.96
1,0.04,0.63,0.13,0.74,0.71,0.13,0.79,0.26,0.9,0.2,-2.13,-2.42,0.14,0.15,40.69,0.17,0.69,19.34,0.24,0.92,0.19,0.25,0.92,0.96
1,0.04,0.63,0.13,0.74,0.71,0.13,0.79,0.26,0.9,0.2,-2.13,-2.42,0.14,0.15,40.69,0.17,0.69,19.34,0.24,0.92,0.19,0.25,0.92,0.96
1,0.04,0.63,0.13,0.74,0.71,0.13,0.79,0.26,0.9,0.2,-2.13,-2.42,0.14,0.15,40.69,0.17,0.69,19.34,0.24,0.92,0.19,0.25,0.92,0.96
1,0.04,0.63,0.13,0.74,0.71,0.13,0.79,0.26,0.9,0.2,-2.13,-2.42,0.14,0.15,40.69,0.17,0.69,19.34,0.24,0.92,0.19,0.25,0.92,0.96
1,0.04,0.63,0.13,0.74,0.71,0.13,0.79,0.26,0.9,0.2,-2.13,-2.42,0.14,0.15,40.69,0.17,0.69,19.34,0.24,0.92,0.19,0.25,0.92,0.96
1,0.04,0.63,0.13,0.74,0.71,0.13,0.79,0.26,0.9,0.2,-2.13,-2.42,0.14,0.15,40.69,0.17,0.69,19.34,0.24,0.92,0.19,0.25,0.92,0.96
1,0.04,0.63,0.13,0.74,0.71,0.13,0.79,0.26,0.9,0.2,-2.13,-2.42,0.14,0.15,40.69,0.17,0.69,19.34,0.24,0.92,0.19,0.25,0.92,0.96
1,0.04,0.63,0.13,0.74,0.71,0.13,0.79,0.26,0.9,0.2,-2.13,-2.42,0.14,0.15,40.69,0.17,0.69,19.34,0.24,0.92,0.19,0.25,0.92,0.96
1,0.04,0.63,0.13,0.74,0.71,0.13,0.79,0.26,0.9,0.2,-2.13,-2.42,0.14,0.15,40.69,0.17,0.69,19.34,0.24,0.92,0.19,0.25,0.92,0.96
1,0.04,0.63,0.13,0.74,0.71,0.13,0.79,0.26,0.9,0.2,-2.13,-2.42,0.14,0.15,40.69,0.17,0.69,19.34,0.24,0.92,0.19,0.25,0.92,0.96
1,0.04,0.63,0.13,0.74,0.71,0.13,0.79,0.26,0.9,0.2,-2.13,-2.42,0.14,0.15,40.69,0.17,0.69,19.34,0.24,0.92,0.19,0.25,0.92,0.96
1,0.04,0.45,0.01,0.64,0.66,0.16,0.63,0.15,0.94,0.1,-0.01,-0.57,0.15,0.14,0.41,0.15,0.32,1.35,0.32,0.73,0.1,0.31,0.72,0.8
1,0.04,0.45,0.01,0.64,0.66,0.16,0.63,0.15,0.94,0.1,-0.01,-0.57,0.15,0.14,0.41,0.15,0.32,1.35,0.32,0.73,0.1,0.31,0.72,0.8
1,0.04,0.45,0.01,0.64,0.66,0.16,0.63,0.15,0.94,0.1,-0.01,-0.57,0.15,0.14,0.41,0.15,0.32,1.35,0.32,0.73,0.1,0.31,0.72,0.8
1,0.04,0.45,0.01,0.64,0.66,0.16,0.63,0.15,0.94,0.1,-0.01,-0.57,0.15,0.14,0.41,0.15,0.32,1.35,0.32,0.73,0.1,0.31,0.72,0.8
1,0.04,0.45,0.01,0.64,0.66,0.16,0.63,0.15,0.94,0.1,-0.01,-0.57,0.15,0.14,0.41,0.15,0.32,1.35,0.32,0.73,0.1,0.31,0.72,0.8
1,0.04,0.45,0.01,0.64,0.66,0.16,0.63,0.15,0.94,0.1,-0.01,-0.57,0.15,0.14,0.41,0.15,0.32,1.35,0.32,0.73,0.1,0.31,0.72,0.8
1,0.04,0.45,0.01,0.64,0.66,0.16,0.63,0.15,0.94,0.1,-0.01,-0.57,0.15,0.14,0.41,0.15,0.32,1.35,0.32,0.73,0.1,0.31,0.72,0.8
1,0.04,0.45,0.01,0.64,0.66,0.16,0.63,0.15,0.94,0.1,-0.01,-0.57,0.15,0.14,0.41,0.15,0.32,1.35,0.32,0.73,0.1,0.31,0.72,0.8
1,0.04,0.45,0.01,0.64,0.66,0.16,0.63,0.15,0.94,0.1,-0.01,-0.57,0.15,0.14,0.41,0.15,0.32,1.35,0.32,0.73,0.1,0.31,0.72,0.8
1,0.04,0.45,0.01,0.64,0.66,0.16,0.63,0.15,0.94,0.1,-0.01,-0.57,0.15,0.14,0.41,0.15,0.32,1.35,0.32,0.73,0.1,0.31,0.72,0.8
1,0.04,0.45,0.01,0.64,0.66,0.16,0.63,0.15,0.94,0.1,-0.01,-0.57,0.15,0.14,0.41,0.15,0.32,1.35,0.32,0.73,0.1,0.31,0.72,0.8
1,0.04,0.45,0.01,0.64,0.66,0.16,0.63,0.15,0.94,0.1,-0.01,-0.57,0.15,0.14,0.41,0.15,0.32,1.35,0.32,0.73,0.1,0.31,0.72,0.8
1,0.59,0.51,0.19,0.62,0.43,0.19,0.67,0.05,0.98,0.19,-0.18,-0.94,0.15,0.15,0.82,0.14,0.31,2.06,0.34,0.74,0.2,0.32,0.72,0.82
1,0.59,0.51,0.19,0.62,0.43,0.19,0.67,0.05,0.98,0.19,-0.18,-0.94,0.15,0.15,0.82,0.14,0.31,2.06,0.34,0.74,0.2,0.32,0.72,0.82
1,0.59,0.51,0.19,0.62,0.43,0.19,0.67,0.05,0.98,0.19,-0.18,-0.94,0.15,0.15,0.82,0.14,0.31,2.06,0.34,0.74,0.2,0.32,0.72,0.82
1,0.59,0.51,0.19,0.62,0.43,0.19,0.67,0.05,0.98,0.19,-0.18,-0.94,0.15,0.15,0.82,0.14,0.31,2.06,0.34,0.74,0.2,0.32,0.72,0.82
1,0.59,0.51,0.19,0.62,0.43,0.19,0.67,0.05,0.98,0.19,-0.18,-0.94,0.15,0.15,0.82,0.14,0.31,2.06,0.34,0.74,0.2,0.32,0.72,0.82
1,0.59,0.51,0.19,0.62,0.43,0.19,0.67,0.05,0.98,0.19,-0.18,-0.94,0.15,0.15,0.82,0.14,0.31,2.06,0.34,0.74,0.2,0.32,0.72,0.82
1,0.59,0.51,0.19,0.62,0.43,0.19,0.67,0.05,0.98,0.19,-0.18,-0.94,0.15,0.15,0.82,0.14,0.31,2.06,0.34,0.74,0.2,0.32,0.72,0.82
1,0.59,0.51,0.19,0.62,0.43,0.19,0.67,0.05,0.98,0.19,-0.18,-0.94,0.15,0.15,0.82,0.14,0.31,2.06,0.34,0.74,0.2,0.32,0.72,0.82
1,0.59,0.51,0.19,0.62,0.43,0.19,0.67,0.05,0.98,0.19,-0.18,-0.94,0.15,0.15,0.82,0.14,0.31,2.06,0.34,0.74,0.2,0.32,0.72,0.82
1,0.59,0.51,0.19,0.62,0.43,0.19,0.67,0.05,0.98,0.19,-0.18,-0.94,0.15,0.15,0.82,0.14,0.31,2.06,0.34,0.74,0.2,0.32,0.72,0.82
1,0.59,0.51,0.19,0.62,0.43,0.19,0.67,0.05,0.98,0.19,-0.18,-0.94,0.15,0.15,0.82,0.14,0.31,2.06,0.34,0.74,0.2,0.32,0.72,0.82
1,0.59,0.51,0.19,0.62,0.43,0.19,0.67,0.05,0.98,0.19,-0.18,-0.94,0.15,0.15,0.82,0.14,0.31,2.06,0.34,0.74,0.2,0.32,0.72,0.82
1,0.04,0.47,0.06,0.64,0.73,0.05,0.86,0.01,0.99,0.04,-0.5,-3.84,0.11,0.14,8.7,0.05,0.44,11.67,0.26,0.8,0.11,0.25,0.79,0.93
1,0.04,0.47,0.06,0.64,0.73,0.05,0.86,0.01,0.99,0.04,-0.5,-3.84,0.11,0.14,8.7,0.05,0.44,11.67,0.26,0.8,0.11,0.25,0.79,0.93
1,0.04,0.47,0.06,0.64,0.73,0.05,0.86,0.01,0.99,0.04,-0.5,-3.84,0.11,0.14,8.7,0.05,0.44,11.67,0.26,0.8,0.11,0.25,0.79,0.93
1,0.04,0.47,0.06,0.64,0.73,0.05,0.86,0.01,0.99,0.04,-0.5,-3.84,0.11,0.14,8.7,0.05,0.44,11.67,0.26,0.8,0.11,0.25,0.79,0.93
1,0.04,0.47,0.06,0.64,0.73,0.05,0.86,0.01,0.99,0.04,-0.5,-3.84,0.11,0.14,8.7,0.05,0.44,11.67,0.26,0.8,0.11,0.25,0.79,0.93
1,0.04,0.47,0.06,0.64,0.73,0.05,0.86,0.01,0.99,0.04,-0.5,-3.84,0.11,0.14,8.7,0.05,0.44,11.67,0.26,0.8,0.11,0.25,0.79,0.93
1,0.04,0.47,0.06,0.64,0.73,0.05,0.86,0.01,0.99,0.04,-0.5,-3.84,0.11,0.14,8.7,0.05,0.44,11.67,0.26,0.8,0.11,0.25,0.79,0.93
1,0.04,0.47,0.06,0.64,0.73,0.05,0.86,0.01,0.99,0.04,-0.5,-3.84,0.11,0.14,8.7,0.05,0.44,11.67,0.26,0.8,0.11,0.25,0.79,0.93
1,0.04,0.47,0.06,0.64,0.73,0.05,0.86,0.01,0.99,0.04,-0.5,-3.84,0.11,0.14,8.7,0.05,0.44,11.67,0.26,0.8,0.11,0.25,0.79,0.93
1,0.04,0.47,0.06,0.64,0.73,0.05,0.86,0.01,0.99,0.04,-0.5,-3.84,0.11,0.14,8.7,0.05,0.44,11.67,0.26,0.8,0.11,0.25,0.79,0.93
1,0.04,0.47,0.06,0.64,0.73,0.05,0.86,0.01,0.99,0.04,-0.5,-3.84,0.11,0.14,8.7,0.05,0.44,11.67,0.26,0.8,0.11,0.25,0.79,0.93
1,0.04,0.47,0.06,0.64,0.73,0.05,0.86,0.01,0.99,0.04,-0.5,-3.84,0.11,0.14,8.7,0.05,0.44,11.67,0.26,0.8,0.11,0.25,0.79,0.93
1,0.59,0.34,0.48,0.44,0.57,0.11,0.73,0.03,0.99,0.18,0.11,-0.0,0.2,0.2,2.61,0.16,0.28,4.97,0.31,0.75,0.16,0.32,0.76,0.8
1,0.59,0.34,0.48,0.44,0.57,0.11,0.73,0.03,0.99,0.18,0.11,-0.0,0.2,0.2,2.61,0.16,0.28,4.97,0.31,0.75,0.16,0.32,0.76,0.8
1,0.59,0.34,0.48,0.44,0.57,0.11,0.73,0.03,0.99,0.18,0.11,-0.0,0.2,0.2,2.61,0.16,0.28,4.97,0.31,0.75,0.16,0.32,0.76,0.8
1,0.59,0.34,0.48,0.44,0.57,0.11,0.73,0.03,0.99,0.18,0.11,-0.0,0.2,0.2,2.61,0.16,0.28,4.97,0.31,0.75,0.16,0.32,0.76,0.8
1,0.59,0.34,0.48,0.44,0.57,0.11,0.73,0.03,0.99,0.18,0.11,-0.0,0.2,0.2,2.61,0.16,0.28,4.97,0.31,0.75,0.16,0.32,0.76,0.8
1,0.59,0.34,0.48,0.44,0.57,0.11,0.73,0.03,0.99,0.18,0.11,-0.0,0.2,0.2,2.61,0.16,0.28,4.97,0.31,0.75,0.16,0.32,0.76,0.8
1,0.59,0.34,0.48,0.44,0.57,0.11,0.73,0.03,0.99,0.18,0.11,-0.0,0.2,0.2,2.61,0.16,0.28,4.97,0.31,0.75,0.16,0.32,0.76,0.8
1,0.59,0.34,0.48,0.44,0.57,0.11,0.73,0.03,0.99,0.18,0.11,-0.0,0.2,0.2,2.61,0.16,0.28,4.97,0.31,0.75,0.16,0.32,0.76,0.8
1,0.59,0.34,0.48,0.44,0.57,0.11,0.73,0.03,0.99,0.18,0.11,-0.0,0.2,0.2,2.61,0.16,0.28,4.97,0.31,0.75,0.16,0.32,0.76,0.8
1,0.59,0.34,0.48,0.44,0.57,0.11,0.73,0.03,0.99,0.18,0.11,-0.0,0.2,0.2,2.61,0.16,0.28,4.97,0.31,0.75,0.16,0.32,0.76,0.8
1,0.59,0.34,0.48,0.44,0.57,0.11,0.73,0.03,0.99,0.18,0.11,-0.0,0.2,0.2,2.61,0.16,0.28,4.97,0.31,0.75,0.16,0.32,0.76,0.8
1,0.59,0.34,0.48,0.44,0.57,0.11,0.73,0.03,0.99,0.18,0.11,-0.0,0.2,0.2,2.61,0.16,0.28,4.97,0.31,0.75,0.16,0.32,0.76,0.8
1,0.27,0.4,0.44,0.59,0.74,0.12,0.76,0.11,0.93,0.08,-2.32,-0.76,0.1,0.09,7.97,0.05,0.45,1.33,0.24,0.86,0.08,0.24,0.86,0.95
1,0.27,0.4,0.44,0.59,0.74,0.12,0.76,0.11,0.93,0.08,-2.32,-0.76,0.1,0.09,7.97,0.05,0.45,1.33,0.24,0.86,0.08,0.24,0.86,0.95
1,0.27,0.4,0.44,0.59,0.74,0.12,0.76,0.11,0.93,0.08,-2.32,-0.76,0.1,0.09,7.97,0.05,0.45,1.33,0.24,0.86,0.08,0.24,0.86,0.95
1,0.27,0.4,0.44,0.59,0.74,0.12,0.76,0.11,0.93,0.08,-2.32,-0.76,0.1,0.09,7.97,0.05,0.45,1.33,0.24,0.86,0.08,0.24,0.86,0.95
1,0.27,0.4,0.44,0.59,0.74,0.12,0.76,0.11,0.93,0.08,-2.32,-0.76,0.1,0.09,7.97,0.05,0.45,1.33,0.24,0.86,0.08,0.24,0.86,0.95
1,0.27,0.4,0.44,0.59,0.74,0.12,0.76,0.11,0.93,0.08,-2.32,-0.76,0.1,0.09,7.97,0.05,0.45,1.33,0.24,0.86,0.08,0.24,0.86,0.95
1,0.27,0.4,0.44,0.59,0.74,0.12,0.76,0.11,0.93,0.08,-2.32,-0.76,0.1,0.09,7.97,0.05,0.45,1.33,0.24,0.86,0.08,0.24,0.86,0.95
1,0.27,0.4,0.44,0.59,0.74,0.12,0.76,0.11,0.93,0.08,-2.32,-0.76,0.1,0.09,7.97,0.05,0.45,1.33,0.24,0.86,0.08,0.24,0.86,0.95
1,0.27,0.4,0.44,0.59,0.74,0.12,0.76,0.11,0.93,0.08,-2.32,-0.76,0.1,0.09,7.97,0.05,0.45,1.33,0.24,0.86,0.08,0.24,0.86,0.95
1,0.27,0.4,0.44,0.59,0.74,0.12,0.76,0.11,0.93,0.08,-2.32,-0.76,0.1,0.09,7.97,0.05,0.45,1.33,0.24,0.86,0.08,0.24,0.86,0.95
1,0.27,0.4,0.44,0.59,0.74,0.12,0.76,0.11,0.93,0.08,-2.32,-0.76,0.1,0.09,7.97,0.05,0.45,1.33,0.24,0.86,0.08,0.24,0.86,0.95
1,0.27,0.4,0.44,0.59,0.74,0.12,0.76,0.11,0.93,0.08,-2.32,-0.76,0.1,0.09,7.97,0.05,0.45,1.33,0.24,0.86,0.08,0.24,0.86,0.95
1,0.56,0.49,0.12,0.47,0.29,0.1,0.72,0.15,0.93,0.14,1.49,0.36,0.12,0.12,0.91,0.14,0.44,0.33,0.32,0.83,0.13,0.31,0.82,0.85
1,0.56,0.49,0.12,0.47,0.29,0.1,0.72,0.15,0.93,0.14,1.49,0.36,0.12,0.12,0.91,0.14,0.44,0.33,0.32,0.83,0.13,0.31,0.82,0.85
1,0.56,0.49,0.12,0.47,0.29,0.1,0.72,0.15,0.93,0.14,1.49,0.36,0.12,0.12,0.91,0.14,0.44,0.33,0.32,0.83,0.13,0.31,0.82,0.85
1,0.56,0.49,0.12,0.47,0.29,0.1,0.72,0.15,0.93,0.14,1.49,0.36,0.12,0.12,0.91,0.14,0.44,0.33,0.32,0.83,0.13,0.31,0.82,0.85
1,0.56,0.49,0.12,0.47,0.29,0.1,0.72,0.15,0.93,0.14,1.49,0.36,0.12,0.12,0.91,0.14,0.44,0.33,0.32,0.83,0.13,0.31,0.82,0.85
1,0.56,0.49,0.12,0.47,0.29,0.1,0.72,0.15,0.93,0.14,1.49,0.36,0.12,0.12,0.91,0.14,0.44,0.33,0.32,0.83,0.13,0.31,0.82,0.85
1,0.56,0.49,0.12,0.47,0.29,0.1,0.72,0.15,0.93,0.14,1.49,0.36,0.12,0.12,0.91,0.14,0.44,0.33,0.32,0.83,0.13,0.31,0.82,0.85
1,0.56,0.49,0.12,0.47,0.29,0.1,0.72,0.15,0.93,0.14,1.49,0.36,0.12,0.12,0.91,0.14,0.44,0.33,0.32,0.83,0.13,0.31,0.82,0.85
1,0.56,0.49,0.12,0.47,0.29,0.1,0.72,0.15,0.93,0.14,1.49,0.36,0.12,0.12,0.91,0.14,0.44,0.33,0.32,0.83,0.13,0.31,0.82,0.85
1,0.56,0.49,0.12,0.47,0.29,0.1,0.72,0.15,0.93,0.14,1.49,0.36,0.12,0.12,0.91,0.14,0.44,0.33,0.32,0.83,0.13,0.31,0.82,0.85
1,0.56,0.49,0.12,0.47,0.29,0.1,0.72,0.15,0.93,0.14,1.49,0.36,0.12,0.12,0.91,0.14,0.44,0.33,0.32,0.83,0.13,0.31,0.82,0.85
1,0.56,0.49,0.12,0.47,0.29,0.1,0.72,0.15,0.93,0.14,1.49,0.36,0.12,0.12,0.91,0.14,0.44,0.33,0.32,0.83,0.13,0.31,0.82,0.85
1,0.61,0.57,0.14,0.62,0.37,0.16,0.53,0.11,0.95,0.14,0.01,-0.83,0.13,0.13,0.86,0.11,0.47,3.06,0.36,0.81,0.15,0.3,0.77,0.87
1,0.61,0.57,0.14,0.62,0.37,0.16,0.53,0.11,0.95,0.14,0.01,-0.83,0.13,0.13,0.86,0.11,0.47,3.06,0.36,0.81,0.15,0.3,0.77,0.87
1,0.61,0.57,0.14,0.62,0.37,0.16,0.53,0.11,0.95,0.14,0.01,-0.83,0.13,0.13,0.86,0.11,0.47,3.06,0.36,0.81,0.15,0.3,0.77,0.87
1,0.61,0.57,0.14,0.62,0.37,0.16,0.53,0.11,0.95,0.14,0.01,-0.83,0.13,0.13,0.86,0.11,0.47,3.06,0.36,0.81,0.15,0.3,0.77,0.87
1,0.61,0.57,0.14,0.62,0.37,0.16,0.53,0.11,0.95,0.14,0.01,-0.83,0.13,0.13,0.86,0.11,0.47,3.06,0.36,0.81,0.15,0.3,0.77,0.87
1,0.61,0.57,0.14,0.62,0.37,0.16,0.53,0.11,0.95,0.14,0.01,-0.83,0.13,0.13,0.86,0.11,0.47,3.06,0.36,0.81,0.15,0.3,0.77,0.87
1,0.61,0.57,0.14,0.62,0.37,0.16,0.53,0.11,0.95,0.14,0.01,-0.83,0.13,0.13,0.86,0.11,0.47,3.06,0.36,0.81,0.15,0.3,0.77,0.87
1,0.61,0.57,0.14,0.62,0.37,0.16,0.53,0.11,0.95,0.14,0.01,-0.83,0.13,0.13,0.86,0.11,0.47,3.06,0.36,0.81,0.15,0.3,0.77,0.87
1,0.61,0.57,0.14,0.62,0.37,0.16,0.53,0.11,0.95,0.14,0.01,-0.83,0.13,0.13,0.86,0.11,0.47,3.06,0.36,0.81,0.15,0.3,0.77,0.87
1,0.61,0.57,0.14,0.62,0.37,0.16,0.53,0.11,0.95,0.14,0.01,-0.83,0.13,0.13,0.86,0.11,0.47,3.06,0.36,0.81,0.15,0.3,0.77,0.87
1,0.61,0.57,0.14,0.62,0.37,0.16,0.53,0.11,0.95,0.14,0.01,-0.83,0.13,0.13,0.86,0.11,0.47,3.06,0.36,0.81,0.15,0.3,0.77,0.87
1,0.61,0.57,0.14,0.62,0.37,0.16,0.53,0.11,0.95,0.14,0.01,-0.83,0.13,0.13,0.86,0.11,0.47,3.06,0.36,0.81,0.15,0.3,0.77,0.87
1,0.05,0.56,0.08,0.53,0.46,0.14,0.49,0.34,0.82,0.11,-0.3,-0.91,0.14,0.13,3.71,0.08,0.46,7.36,0.34,0.62,0.11,0.29,0.55,0.8
1,0.05,0.56,0.08,0.53,0.46,0.14,0.49,0.34,0.82,0.11,-0.3,-0.91,0.14,0.13,3.71,0.08,0.46,7.36,0.34,0.62,0.11,0.29,0.55,0.8
1,0.05,0.56,0.08,0.53,0.46,0.14,0.49,0.34,0.82,0.11,-0.3,-0.91,0.14,0.13,3.71,0.08,0.46,7.36,0.34,0.62,0.11,0.29,0.55,0.8
1,0.05,0.56,0.08,0.53,0.46,0.14,0.49,0.34,0.82,0.11,-0.3,-0.91,0.14,0.13,3.71,0.08,0.46,7.36,0.34,0.62,0.11,0.29,0.55,0.8
1,0.05,0.56,0.08,0.53,0.46,0.14,0.49,0.34,0.82,0.11,-0.3,-0.91,0.14,0.13,3.71,0.08,0.46,7.36,0.34,0.62,0.11,0.29,0.55,0.8
1,0.05,0.56,0.08,0.53,0.46,0.14,0.49,0.34,0.82,0.11,-0.3,-0.91,0.14,0.13,3.71,0.08,0.46,7.36,0.34,0.62,0.11,0.29,0.55,0.8
1,0.05,0.56,0.08,0.53,0.46,0.14,0.49,0.34,0.82,0.11,-0.3,-0.91,0.14,0.13,3.71,0.08,0.46,7.36,0.34,0.62,0.11,0.29,0.55,0.8
1,0.05,0.56,0.08,0.53,0.46,0.14,0.49,0.34,0.82,0.11,-0.3,-0.91,0.14,0.13,3.71,0.08,0.46,7.36,0.34,0.62,0.11,0.29,0.55,0.8
1,0.05,0.56,0.08,0.53,0.46,0.14,0.49,0.34,0.82,0.11,-0.3,-0.91,0.14,0.13,3.71,0.08,0.46,7.36,0.34,0.62,0.11,0.29,0.55,0.8
1,0.05,0.56,0.08,0.53,0.46,0.14,0.49,0.34,0.82,0.11,-0.3,-0.91,0.14,0.13,3.71,0.08,0.46,7.36,0.34,0.62,0.11,0.29,0.55,0.8
1,0.05,0.56,0.08,0.53,0.46,0.14,0.49,0.34,0.82,0.11,-0.3,-0.91,0.14,0.13,3.71,0.08,0.46,7.36,0.34,0.62,0.11,0.29,0.55,0.8
1,0.05,0.56,0.08,0.53,0.46,0.14,0.49,0.34,0.82,0.11,-0.3,-0.91,0.14,0.13,3.71,0.08,0.46,7.36,0.34,0.62,0.11,0.29,0.55,0.8
1,0.86,0.5,0.32,0.53,0.4,0.23,0.58,0.2,0.91,0.24,0.44,-0.23,0.2,0.21,1.1,0.2,0.49,0.93,0.37,0.66,0.22,0.38,0.67,0.79
1,0.86,0.5,0.32,0.53,0.4,0.23,0.58,0.2,0.91,0.24,0.44,-0.23,0.2,0.21,1.1,0.2,0.49,0.93,0.37,0.66,0.22,0.38,0.67,0.79
1,0.86,0.5,0.32,0.53,0.4,0.23,0.58,0.2,0.91,0.24,0.44,-0.23,0.2,0.21,1.1,0.2,0.49,0.93,0.37,0.66,0.22,0.38,0.67,0.79
1,0.86,0.5,0.32,0.53,0.4,0.23,0.58,0.2,0.91,0.24,0.44,-0.23,0.2,0.21,1.1,0.2,0.49,0.93,0.37,0.66,0.22,0.38,0.67,0.79
1,0.86,0.5,0.32,0.53,0.4,0.23,0.58,0.2,0.91,0.24,0.44,-0.23,0.2,0.21,1.1,0.2,0.49,0.93,0.37,0.66,0.22,0.38,0.67,0.79
1,0.86,0.5,0.32,0.53,0.4,0.23,0.58,0.2,0.91,0.24,0.44,-0.23,0.2,0.21,1.1,0.2,0.49,0.93,0.37,0.66,0.22,0.38,0.67,0.79
1,0.86,0.5,0.32,0.53,0.4,0.23,0.58,0.2,0.91,0.24,0.44,-0.23,0.2,0.21,1.1,0.2,0.49,0.93,0.37,0.66,0.22,0.38,0.67,0.79
1,0.86,0.5,0.32,0.53,0.4,0.23,0.58,0.2,0.91,0.24,0.44,-0.23,0.2,0.21,1.1,0.2,0.49,0.93,0.37,0.66,0.22,0.38,0.67,0.79
1,0.86,0.5,0.32,0.53,0.4,0.23,0.58,0.2,0.91,0.24,0.44,-0.23,0.2,0.21,1.1,0.2,0.49,0.93,0.37,0.66,0.22,0.38,0.67,0.79
1,0.86,0.5,0.32,0.53,0.4,0.23,0.58,0.2,0.91,0.24,0.44,-0.23,0.2,0.21,1.1,0.2,0.49,0.93,0.37,0.66,0.22,0.38,0.67,0.79
1,0.86,0.5,0.32,0.53,0.4,0.23,0.58,0.2,0.91,0.24,0.44,-0.23,0.2,0.21,1.1,0.2,0.49,0.93,0.37,0.66,0.22,0.38,0.67,0.79
1,0.86,0.5,0.32,0.53,0.4,0.23,0.58,0.2,0.91,0.24,0.44,-0.23,0.2,0.21,1.1,0.2,0.49,0.93,0.37,0.66,0.22,0.38,0.67,0.79
1,0.03,0.37,0.08,0.47,0.63,0.16,0.67,0.09,0.96,0.15,-0.47,0.4,0.24,0.25,1.66,0.19,0.35,1.37,0.26,0.85,0.2,0.26,0.85,0.89
1,0.03,0.37,0.08,0.47,0.63,0.16,0.67,0.09,0.96,0.15,-0.47,0.4,0.24,0.25,1.66,0.19,0.35,1.37,0.26,0.85,0.2,0.26,0.85,0.89
1,0.03,0.37,0.08,0.47,0.63,0.16,0.67,0.09,0.96,0.15,-0.47,0.4,0.24,0.25,1.66,0.19,0.35,1.37,0.26,0.85,0.2,0.26,0.85,0.89
1,0.03,0.37,0.08,0.47,0.63,0.16,0.67,0.09,0.96,0.15,-0.47,0.4,0.24,0.25,1.66,0.19,0.35,1.37,0.26,0.85,0.2,0.26,0.85,0.89
1,0.03,0.37,0.08,0.47,0.63,0.16,0.67,0.09,0.96,0.15,-0.47,0.4,0.24,0.25,1.66,0.19,0.35,1.37,0.26,0.85,0.2,0.26,0.85,0.89
1,0.03,0.37,0.08,0.47,0.63,0.16,0.67,0.09,0.96,0.15,-0.47,0.4,0.24,0.25,1.66,0.19,0.35,1.37,0.26,0.85,0.2,0.26,0.85,0.89
1,0.03,0.37,0.08,0.47,0.63,0.16,0.67,0.09,0.96,0.15,-0.47,0.4,0.24,0.25,1.66,0.19,0.35,1.37,0.26,0.85,0.2,0.26,0.85,0.89
1,0.03,0.37,0.08,0.47,0.63,0.16,0.67,0.09,0.96,0.15,-0.47,0.4,0.24,0.25,1.66,0.19,0.35,1.37,0.26,0.85,0.2,0.26,0.85,0.89
1,0.03,0.37,0.08,0.47,0.63,0.16,0.67,0.09,0.96,0.15,-0.47,0.4,0.24,0.25,1.66,0.19,0.35,1.37,0.26,0.85,0.2,0.26,0.85,0.89
1,0.03,0.37,0.08,0.47,0.63,0.16,0.67,0.09,0.96,0.15,-0.47,0.4,0.24,0.25,1.66,0.19,0.35,1.37,0.26,0.85,0.2,0.26,0.85,0.89
1,0.03,0.37,0.08,0.47,0.63,0.16,0.67,0.09,0.96,0.15,-0.47,0.4,0.24,0.25,1.66,0.19,0.35,1.37,0.26,0.85,0.2,0.26,0.85,0.89
1,0.03,0.37,0.08,0.47,0.63,0.16,0.67,0.09,0.96,0.15,-0.47,0.4,0.24,0.25,1.66,0.19,0.35,1.37,0.26,0.85,0.2,0.26,0.85,0.89
1,0.1,0.46,0.21,0.65,0.79,0.15,0.5,0.25,0.87,0.2,-1.62,-0.95,0.17,0.19,6.35,0.16,0.55,24.15,0.35,0.7,0.11,0.29,0.63,0.89
1,0.1,0.46,0.21,0.65,0.79,0.15,0.5,0.25,0.87,0.2,-1.62,-0.95,0.17,0.19,6.35,0.16,0.55,24.15,0.35,0.7,0.11,0.29,0.63,0.89
1,0.1,0.46,0.21,0.65,0.79,0.15,0.5,0.25,0.87,0.2,-1.62,-0.95,0.17,0.19,6.35,0.16,0.55,24.15,0.35,0.7,0.11,0.29,0.63,0.89
1,0.1,0.46,0.21,0.65,0.79,0.15,0.5,0.25,0.87,0.2,-1.62,-0.95,0.17,0.19,6.35,0.16,0.55,24.15,0.35,0.7,0.11,0.29,0.63,0.89
1,0.1,0.46,0.21,0.65,0.79,0.15,0.5,0.25,0.87,0.2,-1.62,-0.95,0.17,0.19,6.35,0.16,0.55,24.15,0.35,0.7,0.11,0.29,0.63,0.89
1,0.1,0.46,0.21,0.65,0.79,0.15,0.5,0.25,0.87,0.2,-1.62,-0.95,0.17,0.19,6.35,0.16,0.55,24.15,0.35,0.7,0.11,0.29,0.63,0.89
1,0.1,0.46,0.21,0.65,0.79,0.15,0.5,0.25,0.87,0.2,-1.62,-0.95,0.17,0.19,6.35,0.16,0.55,24.15,0.35,0.7,0.11,0.29,0.63,0.89
1,0.1,0.46,0.21,0.65,0.79,0.15,0.5,0.25,0.87,0.2,-1.62,-0.95,0.17,0.19,6.35,0.16,0.55,24.15,0.35,0.7,0.11,0.29,0.63,0.89
1,0.1,0.46,0.21,0.65,0.79,0.15,0.5,0.25,0.87,0.2,-1.62,-0.95,0.17,0.19,6.35,0.16,0.55,24.15,0.35,0.7,0.11,0.29,0.63,0.89
1,0.1,0.46,0.21,0.65,0.79,0.15,0.5,0.25,0.87,0.2,-1.62,-0.95,0.17,0.19,6.35,0.16,0.55,24.15,0.35,0.7,0.11,0.29,0.63,0.89
1,0.1,0.46,0.21,0.65,0.79,0.15,0.5,0.25,0.87,0.2,-1.62,-0.95,0.17,0.19,6.35,0.16,0.55,24.15,0.35,0.7,0.11,0.29,0.63,0.89
1,0.1,0.46,0.21,0.65,0.79,0.15,0.5,0.25,0.87,0.2,-1.62,-0.95,0.17,0.19,6.35,0.16,0.55,24.15,0.35,0.7,0.11,0.29,0.63,0.89
1,0.04,0.57,0.03,0.8,0.71,0.24,0.66,0.03,0.97,0.1,0.06,-1.32,0.13,0.12,2.03,0.05,0.66,2.08,0.22,0.51,0.12,0.2,0.43,0.76
1,0.04,0.57,0.03,0.8,0.71,0.24,0.66,0.03,0.97,0.1,0.06,-1.32,0.13,0.12,2.03,0.05,0.66,2.08,0.22,0.51,0.12,0.2,0.43,0.76
1,0.04,0.57,0.03,0.8,0.71,0.24,0.66,0.03,0.97,0.1,0.06,-1.32,0.13,0.12,2.03,0.05,0.66,2.08,0.22,0.51,0.12,0.2,0.43,0.76
1,0.04,0.57,0.03,0.8,0.71,0.24,0.66,0.03,0.97,0.1,0.06,-1.32,0.13,0.12,2.03,0.05,0.66,2.08,0.22,0.51,0.12,0.2,0.43,0.76
1,0.04,0.57,0.03,0.8,0.71,0.24,0.66,0.03,0.97,0.1,0.06,-1.32,0.13,0.12,2.03,0.05,0.66,2.08,0.22,0.51,0.12,0.2,0.43,0.76
1,0.04,0.57,0.03,0.8,0.71,0.24,0.66,0.03,0.97,0.1,0.06,-1.32,0.13,0.12,2.03,0.05,0.66,2.08,0.22,0.51,0.12,0.2,0.43,0.76
1,0.04,0.57,0.03,0.8,0.71,0.24,0.66,0.03,0.97,0.1,0.06,-1.32,0.13,0.12,2.03,0.05,0.66,2.08,0.22,0.51,0.12,0.2,0.43,0.76
1,0.04,0.57,0.03,0.8,0.71,0.24,0.66,0.03,0.97,0.1,0.06,-1.32,0.13,0.12,2.03,0.05,0.66,2.08,0.22,0.51,0.12,0.2,0.43,0.76
1,0.04,0.57,0.03,0.8,0.71,0.24,0.66,0.03,0.97,0.1,0.06,-1.32,0.13,0.12,2.03,0.05,0.66,2.08,0.22,0.51,0.12,0.2,0.43,0.76
1,0.04,0.57,0.03,0.8,0.71,0.24,0.66,0.03,0.97,0.1,0.06,-1.32,0.13,0.12,2.03,0.05,0.66,2.08,0.22,0.51,0.12,0.2,0.43,0.76
1,0.04,0.57,0.03,0.8,0.71,0.24,0.66,0.03,0.97,0.1,0.06,-1.32,0.13,0.12,2.03,0.05,0.66,2.08,0.22,0.51,0.12,0.2,0.43,0.76
1,0.04,0.57,0.03,0.8,0.71,0.24,0.66,0.03,0.97,0.1,0.06,-1.32,0.13,0.12,2.03,0.05,0.66,2.08,0.22,0.51,0.12,0.2,0.43,0.76
1,0.05,0.64,0.02,0.76,0.59,0.17,0.48,0.14,0.94,0.11,0.37,-1.29,0.19,0.19,2.65,0.08,0.63,2.38,0.29,0.53,0.13,0.27,0.47,0.71
1,0.05,0.64,0.02,0.76,0.59,0.17,0.48,0.14,0.94,0.11,0.37,-1.29,0.19,0.19,2.65,0.08,0.63,2.38,0.29,0.53,0.13,0.27,0.47,0.71
1,0.05,0.64,0.02,0.76,0.59,0.17,0.48,0.14,0.94,0.11,0.37,-1.29,0.19,0.19,2.65,0.08,0.63,2.38,0.29,0.53,0.13,0.27,0.47,0.71
1,0.05,0.64,0.02,0.76,0.59,0.17,0.48,0.14,0.94,0.11,0.37,-1.29,0.19,0.19,2.65,0.08,0.63,2.38,0.29,0.53,0.13,0.27,0.47,0.71
1,0.05,0.64,0.02,0.76,0.59,0.17,0.48,0.14,0.94,0.11,0.37,-1.29,0.19,0.19,2.65,0.08,0.63,2.38,0.29,0.53,0.13,0.27,0.47,0.71
1,0.05,0.64,0.02,0.76,0.59,0.17,0.48,0.14,0.94,0.11,0.37,-1.29,0.19,0.19,2.65,0.08,0.63,2.38,0.29,0.53,0.13,0.27,0.47,0.71
1,0.05,0.64,0.02,0.76,0.59,0.17,0.48,0.14,0.94,0.11,0.37,-1.29,0.19,0.19,2.65,0.08,0.63,2.38,0.29,0.53,0.13,0.27,0.47,0.71
1,0.05,0.64,0.02,0.76,0.59,0.17,0.48,0.14,0.94,0.11,0.37,-1.29,0.19,0.19,2.65,0.08,0.63,2.38,0.29,0.53,0.13,0.27,0.47,0.71
1,0.05,0.64,0.02,0.76,0.59,0.17,0.48,0.14,0.94,0.11,0.37,-1.29,0.19,0.19,2.65,0.08,0.63,2.38,0.29,0.53,0.13,0.27,0.47,0.71
1,0.05,0.64,0.02,0.76,0.59,0.17,0.48,0.14,0.94,0.11,0.37,-1.29,0.19,0.19,2.65,0.08,0.63,2.38,0.29,0.53,0.13,0.27,0.47,0.71
1,0.05,0.64,0.02,0.76,0.59,0.17,0.48,0.14,0.94,0.11,0.37,-1.29,0.19,0.19,2.65,0.08,0.63,2.38,0.29,0.53,0.13,0.27,0.47,0.71
1,0.05,0.64,0.02,0.76,0.59,0.17,0.48,0.14,0.94,0.11,0.37,-1.29,0.19,0.19,2.65,0.08,0.63,2.38,0.29,0.53,0.13,0.27,0.47,0.71
1,0.05,0.61,0.05,0.78,0.57,0.12,0.35,0.11,0.89,0.09,0.3,-3.07,0.11,0.12,4.43,0.06,0.41,10.76,0.24,0.57,0.16,0.2,0.46,0.8
1,0.05,0.61,0.05,0.78,0.57,0.12,0.35,0.11,0.89,0.09,0.3,-3.07,0.11,0.12,4.43,0.06,0.41,10.76,0.24,0.57,0.16,0.2,0.46,0.8
1,0.05,0.61,0.05,0.78,0.57,0.12,0.35,0.11,0.89,0.09,0.3,-3.07,0.11,0.12,4.43,0.06,0.41,10.76,0.24,0.57,0.16,0.2,0.46,0.8
1,0.05,0.61,0.05,0.78,0.57,0.12,0.35,0.11,0.89,0.09,0.3,-3.07,0.11,0.12,4.43,0.06,0.41,10.76,0.24,0.57,0.16,0.2,0.46,0.8
1,0.05,0.61,0.05,0.78,0.57,0.12,0.35,0.11,0.89,0.09,0.3,-3.07,0.11,0.12,4.43,0.06,0.41,10.76,0.24,0.57,0.16,0.2,0.46,0.8
1,0.05,0.61,0.05,0.78,0.57,0.12,0.35,0.11,0.89,0.09,0.3,-3.07,0.11,0.12,4.43,0.06,0.41,10.76,0.24,0.57,0.16,0.2,0.46,0.8
1,0.05,0.61,0.05,0.78,0.57,0.12,0.35,0.11,0.89,0.09,0.3,-3.07,0.11,0.12,4.43,0.06,0.41,10.76,0.24,0.57,0.16,0.2,0.46,0.8
1,0.05,0.61,0.05,0.78,0.57,0.12,0.35,0.11,0.89,0.09,0.3,-3.07,0.11,0.12,4.43,0.06,0.41,10.76,0.24,0.57,0.16,0.2,0.46,0.8
1,0.05,0.61,0.05,0.78,0.57,0.12,0.35,0.11,0.89,0.09,0.3,-3.07,0.11,0.12,4.43,0.06,0.41,10.76,0.24,0.57,0.16,0.2,0.46,0.8
1,0.05,0.61,0.05,0.78,0.57,0.12,0.35,0.11,0.89,0.09,0.3,-3.07,0.11,0.12,4.43,0.06,0.41,10.76,0.24,0.57,0.16,0.2,0.46,0.8
1,0.05,0.61,0.05,0.78,0.57,0.12,0.35,0.11,0.89,0.09,0.3,-3.07,0.11,0.12,4.43,0.06,0.41,10.76,0.24,0.57,0.16,0.2,0.46,0.8
1,0.05,0.61,0.05,0.78,0.57,0.12,0.35,0.11,0.89,0.09,0.3,-3.07,0.11,0.12,4.43,0.06,0.41,10.76,0.24,0.57,0.16,0.2,0.46,0.8
1,0.04,0.54,0.18,0.38,0.29,0.11,0.83,0.09,0.92,0.12,0.82,1.12,0.17,0.15,2.64,0.16,0.18,3.17,0.19,0.92,0.18,0.18,0.92,0.98
1,0.04,0.54,0.18,0.38,0.29,0.11,0.83,0.09,0.92,0.12,0.82,1.12,0.17,0.15,2.64,0.16,0.18,3.17,0.19,0.92,0.18,0.18,0.92,0.98
1,0.04,0.54,0.18,0.38,0.29,0.11,0.83,0.09,0.92,0.12,0.82,1.12,0.17,0.15,2.64,0.16,0.18,3.17,0.19,0.92,0.18,0.18,0.92,0.98
1,0.04,0.54,0.18,0.38,0.29,0.11,0.83,0.09,0.92,0.12,0.82,1.12,0.17,0.15,2.64,0.16,0.18,3.17,0.19,0.92,0.18,0.18,0.92,0.98
1,0.04,0.54,0.18,0.38,0.29,0.11,0.83,0.09,0.92,0.12,0.82,1.12,0.17,0.15,2.64,0.16,0.18,3.17,0.19,0.92,0.18,0.18,0.92,0.98
1,0.04,0.54,0.18,0.38,0.29,0.11,0.83,0.09,0.92,0.12,0.82,1.12,0.17,0.15,2.64,0.16,0.18,3.17,0.19,0.92,0.18,0.18,0.92,0.98
1,0.04,0.54,0.18,0.38,0.29,0.11,0.83,0.09,0.92,0.12,0.82,1.12,0.17,0.15,2.64,0.16,0.18,3.17,0.19,0.92,0.18,0.18,0.92,0.98
1,0.04,0.54,0.18,0.38,0.29,0.11,0.83,0.09,0.92,0.12,0.82,1.12,0.17,0.15,2.64,0.16,0.18,3.17,0.19,0.92,0.18,0.18,0.92,0.98
1,0.04,0.54,0.18,0.38,0.29,0.11,0.83,0.09,0.92,0.12,0.82,1.12,0.17,0.15,2.64,0.16,0.18,3.17,0.19,0.92,0.18,0.18,0.92,0.98
1,0.04,0.54,0.18,0.38,0.29,0.11,0.83,0.09,0.92,0.12,0.82,1.12,0.17,0.15,2.64,0.16,0.18,3.17,0.19,0.92,0.18,0.18,0.92,0.98
1,0.04,0.54,0.18,0.38,0.29,0.11,0.83,0.09,0.92,0.12,0.82,1.12,0.17,0.15,2.64,0.16,0.18,3.17,0.19,0.92,0.18,0.18,0.92,0.98
1,0.04,0.54,0.18,0.38,0.29,0.11,0.83,0.09,0.92,0.12,0.82,1.12,0.17,0.15,2.64,0.16,0.18,3.17,0.19,0.92,0.18,0.18,0.92,0.98
1,0.09,0.79,0.21,0.82,0.31,0.12,0.49,0.17,0.89,0.12,2.33,-4.44,0.15,0.15,26.33,0.09,0.35,109.58,0.25,0.66,0.1,0.21,0.58,0.79
1,0.09,0.79,0.21,0.82,0.31,0.12,0.49,0.17,0.89,0.12,2.33,-4.44,0.15,0.15,26.33,0.09,0.35,109.58,0.25,0.66,0.1,0.21,0.58,0.79
1,0.09,0.79,0.21,0.82,0.31,0.12,0.49,0.17,0.89,0.12,2.33,-4.44,0.15,0.15,26.33,0.09,0.35,109.58,0.25,0.66,0.1,0.21,0.58,0.79
1,0.09,0.79,0.21,0.82,0.31,0.12,0.49,0.17,0.89,0.12,2.33,-4.44,0.15,0.15,26.33,0.09,0.35,109.58,0.25,0.66,0.1,0.21,0.58,0.79
1,0.09,0.79,0.21,0.82,0.31,0.12,0.49,0.17,0.89,0.12,2.33,-4.44,0.15,0.15,26.33,0.09,0.35,109.58,0.25,0.66,0.1,0.21,0.58,0.79
1,0.09,0.79,0.21,0.82,0.31,0.12,0.49,0.17,0.89,0.12,2.33,-4.44,0.15,0.15,26.33,0.09,0.35,109.58,0.25,0.66,0.1,0.21,0.58,0.79
1,0.09,0.79,0.21,0.82,0.31,0.12,0.49,0.17,0.89,0.12,2.33,-4.44,0.15,0.15,26.33,0.09,0.35,109.58,0.25,0.66,0.1,0.21,0.58,0.79
1,0.09,0.79,0.21,0.82,0.31,0.12,0.49,0.17,0.89,0.12,2.33,-4.44,0.15,0.15,26.33,0.09,0.35,109.58,0.25,0.66,0.1,0.21,0.58,0.79
1,0.09,0.79,0.21,0.82,0.31,0.12,0.49,0.17,0.89,0.12,2.33,-4.44,0.15,0.15,26.33,0.09,0.35,109.58,0.25,0.66,0.1,0.21,0.58,0.79
1,0.09,0.79,0.21,0.82,0.31,0.12,0.49,0.17,0.89,0.12,2.33,-4.44,0.15,0.15,26.33,0.09,0.35,109.58,0.25,0.66,0.1,0.21,0.58,0.79
1,0.09,0.79,0.21,0.82,0.31,0.12,0.49,0.17,0.89,0.12,2.33,-4.44,0.15,0.15,26.33,0.09,0.35,109.58,0.25,0.66,0.1,0.21,0.58,0.79
1,0.09,0.79,0.21,0.82,0.31,0.12,0.49,0.17,0.89,0.12,2.33,-4.44,0.15,0.15,26.33,0.09,0.35,109.58,0.25,0.66,0.1,0.21,0.58,0.79
1,0.04,0.52,0.05,0.49,0.37,0.15,0.56,0.05,0.97,0.15,0.62,-0.15,0.18,0.18,2.83,0.16,0.38,1.92,0.32,0.65,0.19,0.31,0.63,0.72
1,0.04,0.52,0.05,0.49,0.37,0.15,0.56,0.05,0.97,0.15,0.62,-0.15,0.18,0.18,2.83,0.16,0.38,1.92,0.32,0.65,0.19,0.31,0.63,0.72
1,0.04,0.52,0.05,0.49,0.37,0.15,0.56,0.05,0.97,0.15,0.62,-0.15,0.18,0.18,2.83,0.16,0.38,1.92,0.32,0.65,0.19,0.31,0.63,0.72
1,0.04,0.52,0.05,0.49,0.37,0.15,0.56,0.05,0.97,0.15,0.62,-0.15,0.18,0.18,2.83,0.16,0.38,1.92,0.32,0.65,0.19,0.31,0.63,0.72
1,0.04,0.52,0.05,0.49,0.37,0.15,0.56,0.05,0.97,0.15,0.62,-0.15,0.18,0.18,2.83,0.16,0.38,1.92,0.32,0.65,0.19,0.31,0.63,0.72
1,0.04,0.52,0.05,0.49,0.37,0.15,0.56,0.05,0.97,0.15,0.62,-0.15,0.18,0.18,2.83,0.16,0.38,1.92,0.32,0.65,0.19,0.31,0.63,0.72
1,0.04,0.52,0.05,0.49,0.37,0.15,0.56,0.05,0.97,0.15,0.62,-0.15,0.18,0.18,2.83,0.16,0.38,1.92,0.32,0.65,0.19,0.31,0.63,0.72
1,0.04,0.52,0.05,0.49,0.37,0.15,0.56,0.05,0.97,0.15,0.62,-0.15,0.18,0.18,2.83,0.16,0.38,1.92,0.32,0.65,0.19,0.31,0.63,0.72
1,0.04,0.52,0.05,0.49,0.37,0.15,0.56,0.05,0.97,0.15,0.62,-0.15,0.18,0.18,2.83,0.16,0.38,1.92,0.32,0.65,0.19,0.31,0.63,0.72
1,0.04,0.52,0.05,0.49,0.37,0.15,0.56,0.05,0.97,0.15,0.62,-0.15,0.18,0.18,2.83,0.16,0.38,1.92,0.32,0.65,0.19,0.31,0.63,0.72
1,0.04,0.52,0.05,0.49,0.37,0.15,0.56,0.05,0.97,0.15,0.62,-0.15,0.18,0.18,2.83,0.16,0.38,1.92,0.32,0.65,0.19,0.31,0.63,0.72
1,0.04,0.52,0.05,0.49,0.37,0.15,0.56,0.05,0.97,0.15,0.62,-0.15,0.18,0.18,2.83,0.16,0.38,1.92,0.32,0.65,0.19,0.31,0.63,0.72
1,0.04,0.56,0.05,0.63,0.6,0.16,0.63,0.05,0.97,0.13,0.59,-0.31,0.09,0.07,3.69,0.09,0.47,2.82,0.32,0.65,0.13,0.29,0.61,0.8
1,0.04,0.56,0.05,0.63,0.6,0.16,0.63,0.05,0.97,0.13,0.59,-0.31,0.09,0.07,3.69,0.09,0.47,2.82,0.32,0.65,0.13,0.29,0.61,0.8
1,0.04,0.56,0.05,0.63,0.6,0.16,0.63,0.05,0.97,0.13,0.59,-0.31,0.09,0.07,3.69,0.09,0.47,2.82,0.32,0.65,0.13,0.29,0.61,0.8
1,0.04,0.56,0.05,0.63,0.6,0.16,0.63,0.05,0.97,0.13,0.59,-0.31,0.09,0.07,3.69,0.09,0.47,2.82,0.32,0.65,0.13,0.29,0.61,0.8
1,0.04,0.56,0.05,0.63,0.6,0.16,0.63,0.05,0.97,0.13,0.59,-0.31,0.09,0.07,3.69,0.09,0.47,2.82,0.32,0.65,0.13,0.29,0.61,0.8
1,0.04,0.56,0.05,0.63,0.6,0.16,0.63,0.05,0.97,0.13,0.59,-0.31,0.09,0.07,3.69,0.09,0.47,2.82,0.32,0.65,0.13,0.29,0.61,0.8
1,0.04,0.56,0.05,0.63,0.6,0.16,0.63,0.05,0.97,0.13,0.59,-0.31,0.09,0.07,3.69,0.09,0.47,2.82,0.32,0.65,0.13,0.29,0.61,0.8
1,0.04,0.56,0.05,0.63,0.6,0.16,0.63,0.05,0.97,0.13,0.59,-0.31,0.09,0.07,3.69,0.09,0.47,2.82,0.32,0.65,0.13,0.29,0.61,0.8
1,0.04,0.56,0.05,0.63,0.6,0.16,0.63,0.05,0.97,0.13,0.59,-0.31,0.09,0.07,3.69,0.09,0.47,2.82,0.32,0.65,0.13,0.29,0.61,0.8
1,0.04,0.56,0.05,0.63,0.6,0.16,0.63,0.05,0.97,0.13,0.59,-0.31,0.09,0.07,3.69,0.09,0.47,2.82,0.32,0.65,0.13,0.29,0.61,0.8
1,0.04,0.56,0.05,0.63,0.6,0.16,0.63,0.05,0.97,0.13,0.59,-0.31,0.09,0.07,3.69,0.09,0.47,2.82,0.32,0.65,0.13,0.29,0.61,0.8
1,0.04,0.56,0.05,0.63,0.6,0.16,0.63,0.05,0.97,0.13,0.59,-0.31,0.09,0.07,3.69,0.09,0.47,2.82,0.32,0.65,0.13,0.29,0.61,0.8
1,0.04,0.48,0.04,0.48,0.33,0.15,0.79,0.05,0.96,0.15,0.72,-0.14,0.19,0.18,2.65,0.16,0.36,1.81,0.23,0.91,0.17,0.22,0.91,0.94
1,0.04,0.48,0.04,0.48,0.33,0.15,0.79,0.05,0.96,0.15,0.72,-0.14,0.19,0.18,2.65,0.16,0.36,1.81,0.23,0.91,0.17,0.22,0.91,0.94
1,0.04,0.48,0.04,0.48,0.33,0.15,0.79,0.05,0.96,0.15,0.72,-0.14,0.19,0.18,2.65,0.16,0.36,1.81,0.23,0.91,0.17,0.22,0.91,0.94
1,0.04,0.48,0.04,0.48,0.33,0.15,0.79,0.05,0.96,0.15,0.72,-0.14,0.19,0.18,2.65,0.16,0.36,1.81,0.23,0.91,0.17,0.22,0.91,0.94
1,0.04,0.48,0.04,0.48,0.33,0.15,0.79,0.05,0.96,0.15,0.72,-0.14,0.19,0.18,2.65,0.16,0.36,1.81,0.23,0.91,0.17,0.22,0.91,0.94
1,0.04,0.48,0.04,0.48,0.33,0.15,0.79,0.05,0.96,0.15,0.72,-0.14,0.19,0.18,2.65,0.16,0.36,1.81,0.23,0.91,0.17,0.22,0.91,0.94
1,0.04,0.48,0.04,0.48,0.33,0.15,0.79,0.05,0.96,0.15,0.72,-0.14,0.19,0.18,2.65,0.16,0.36,1.81,0.23,0.91,0.17,0.22,0.91,0.94
1,0.04,0.48,0.04,0.48,0.33,0.15,0.79,0.05,0.96,0.15,0.72,-0.14,0.19,0.18,2.65,0.16,0.36,1.81,0.23,0.91,0.17,0.22,0.91,0.94
1,0.04,0.48,0.04,0.48,0.33,0.15,0.79,0.05,0.96,0.15,0.72,-0.14,0.19,0.18,2.65,0.16,0.36,1.81,0.23,0.91,0.17,0.22,0.91,0.94
1,0.04,0.48,0.04,0.48,0.33,0.15,0.79,0.05,0.96,0.15,0.72,-0.14,0.19,0.18,2.65,0.16,0.36,1.81,0.23,0.91,0.17,0.22,0.91,0.94
1,0.04,0.48,0.04,0.48,0.33,0.15,0.79,0.05,0.96,0.15,0.72,-0.14,0.19,0.18,2.65,0.16,0.36,1.81,0.23,0.91,0.17,0.22,0.91,0.94
1,0.04,0.48,0.04,0.48,0.33,0.15,0.79,0.05,0.96,0.15,0.72,-0.14,0.19,0.18,2.65,0.16,0.36,1.81,0.23,0.91,0.17,0.22,0.91,0.94
1,0.45,0.42,0.18,0.41,0.49,0.2,0.91,0.02,0.97,0.18,0.37,0.35,0.22,0.2,1.37,0.23,0.36,1.73,0.19,0.94,0.22,0.18,0.94,0.98
1,0.45,0.42,0.18,0.41,0.49,0.2,0.91,0.02,0.97,0.18,0.37,0.35,0.22,0.2,1.37,0.23,0.36,1.73,0.19,0.94,0.22,0.18,0.94,0.98
1,0.45,0.42,0.18,0.41,0.49,0.2,0.91,0.02,0.97,0.18,0.37,0.35,0.22,0.2,1.37,0.23,0.36,1.73,0.19,0.94,0.22,0.18,0.94,0.98
1,0.45,0.42,0.18,0.41,0.49,0.2,0.91,0.02,0.97,0.18,0.37,0.35,0.22,0.2,1.37,0.23,0.36,1.73,0.19,0.94,0.22,0.18,0.94,0.98
1,0.45,0.42,0.18,0.41,0.49,0.2,0.91,0.02,0.97,0.18,0.37,0.35,0.22,0.2,1.37,0.23,0.36,1.73,0.19,0.94,0.22,0.18,0.94,0.98
1,0.45,0.42,0.18,0.41,0.49,0.2,0.91,0.02,0.97,0.18,0.37,0.35,0.22,0.2,1.37,0.23,0.36,1.73,0.19,0.94,0.22,0.18,0.94,0.98
1,0.45,0.42,0.18,0.41,0.49,0.2,0.91,0.02,0.97,0.18,0.37,0.35,0.22,0.2,1.37,0.23,0.36,1.73,0.19,0.94,0.22,0.18,0.94,0.98
1,0.45,0.42,0.18,0.41,0.49,0.2,0.91,0.02,0.97,0.18,0.37,0.35,0.22,0.2,1.37,0.23,0.36,1.73,0.19,0.94,0.22,0.18,0.94,0.98
1,0.45,0.42,0.18,0.41,0.49,0.2,0.91,0.02,0.97,0.18,0.37,0.35,0.22,0.2,1.37,0.23,0.36,1.73,0.19,0.94,0.22,0.18,0.94,0.98
1,0.45,0.42,0.18,0.41,0.49,0.2,0.91,0.02,0.97,0.18,0.37,0.35,0.22,0.2,1.37,0.23,0.36,1.73,0.19,0.94,0.22,0.18,0.94,0.98
1,0.45,0.42,0.18,0.41,0.49,0.2,0.91,0.02,0.97,0.18,0.37,0.35,0.22,0.2,1.37,0.23,0.36,1.73,0.19,0.94,0.22,0.18,0.94,0.98
1,0.45,0.42,0.18,0.41,0.49,0.2,0.91,0.02,0.97,0.18,0.37,0.35,0.22,0.2,1.37,0.23,0.36,1.73,0.19,0.94,0.22,0.18,0.94,0.98
1,0.48,0.4,0.07,0.71,0.65,0.08,0.9,0.0,1.0,0.07,-2.84,-2.26,0.08,0.09,0.88,0.07,0.56,0.39,0.35,0.54,0.1,0.35,0.54,0.91
1,0.48,0.4,0.07,0.71,0.65,0.08,0.9,0.0,1.0,0.07,-2.84,-2.26,0.08,0.09,0.88,0.07,0.56,0.39,0.35,0.54,0.1,0.35,0.54,0.91
1,0.48,0.4,0.07,0.71,0.65,0.08,0.9,0.0,1.0,0.07,-2.84,-2.26,0.08,0.09,0.88,0.07,0.56,0.39,0.35,0.54,0.1,0.35,0.54,0.91
1,0.48,0.4,0.07,0.71,0.65,0.08,0.9,0.0,1.0,0.07,-2.84,-2.26,0.08,0.09,0.88,0.07,0.56,0.39,0.35,0.54,0.1,0.35,0.54,0.91
1,0.48,0.4,0.07,0.71,0.65,0.08,0.9,0.0,1.0,0.07,-2.84,-2.26,0.08,0.09,0.88,0.07,0.56,0.39,0.35,0.54,0.1,0.35,0.54,0.91
1,0.48,0.4,0.07,0.71,0.65,0.08,0.9,0.0,1.0,0.07,-2.84,-2.26,0.08,0.09,0.88,0.07,0.56,0.39,0.35,0.54,0.1,0.35,0.54,0.91
1,0.48,0.4,0.07,0.71,0.65,0.08,0.9,0.0,1.0,0.07,-2.84,-2.26,0.08,0.09,0.88,0.07,0.56,0.39,0.35,0.54,0.1,0.35,0.54,0.91
1,0.48,0.4,0.07,0.71,0.65,0.08,0.9,0.0,1.0,0.07,-2.84,-2.26,0.08,0.09,0.88,0.07,0.56,0.39,0.35,0.54,0.1,0.35,0.54,0.91
1,0.48,0.4,0.07,0.71,0.65,0.08,0.9,0.0,1.0,0.07,-2.84,-2.26,0.08,0.09,0.88,0.07,0.56,0.39,0.35,0.54,0.1,0.35,0.54,0.91
1,0.48,0.4,0.07,0.71,0.65,0.08,0.9,0.0,1.0,0.07,-2.84,-2.26,0.08,0.09,0.88,0.07,0.56,0.39,0.35,0.54,0.1,0.35,0.54,0.91
1,0.48,0.4,0.07,0.71,0.65,0.08,0.9,0.0,1.0,0.07,-2.84,-2.26,0.08,0.09,0.88,0.07,0.56,0.39,0.35,0.54,0.1,0.35,0.54,0.91
1,0.48,0.4,0.07,0.71,0.65,0.08,0.9,0.0,1.0,0.07,-2.84,-2.26,0.08,0.09,0.88,0.07,0.56,0.39,0.35,0.54,0.1,0.35,0.54,0.91
1,0.48,0.4,0.09,0.71,0.67,0.08,0.72,0.02,0.98,0.1,-1.41,-1.25,0.15,0.19,0.16,0.1,0.5,0.21,0.35,0.46,0.09,0.34,0.44,0.79
1,0.48,0.4,0.09,0.71,0.67,0.08,0.72,0.02,0.98,0.1,-1.41,-1.25,0.15,0.19,0.16,0.1,0.5,0.21,0.35,0.46,0.09,0.34,0.44,0.79
1,0.48,0.4,0.09,0.71,0.67,0.08,0.72,0.02,0.98,0.1,-1.41,-1.25,0.15,0.19,0.16,0.1,0.5,0.21,0.35,0.46,0.09,0.34,0.44,0.79
1,0.48,0.4,0.09,0.71,0.67,0.08,0.72,0.02,0.98,0.1,-1.41,-1.25,0.15,0.19,0.16,0.1,0.5,0.21,0.35,0.46,0.09,0.34,0.44,0.79
1,0.48,0.4,0.09,0.71,0.67,0.08,0.72,0.02,0.98,0.1,-1.41,-1.25,0.15,0.19,0.16,0.1,0.5,0.21,0.35,0.46,0.09,0.34,0.44,0.79
1,0.48,0.4,0.09,0.71,0.67,0.08,0.72,0.02,0.98,0.1,-1.41,-1.25,0.15,0.19,0.16,0.1,0.5,0.21,0.35,0.46,0.09,0.34,0.44,0.79
1,0.48,0.4,0.09,0.71,0.67,0.08,0.72,0.02,0.98,0.1,-1.41,-1.25,0.15,0.19,0.16,0.1,0.5,0.21,0.35,0.46,0.09,0.34,0.44,0.79
1,0.48,0.4,0.09,0.71,0.67,0.08,0.72,0.02,0.98,0.1,-1.41,-1.25,0.15,0.19,0.16,0.1,0.5,0.21,0.35,0.46,0.09,0.34,0.44,0.79
1,0.48,0.4,0.09,0.71,0.67,0.08,0.72,0.02,0.98,0.1,-1.41,-1.25,0.15,0.19,0.16,0.1,0.5,0.21,0.35,0.46,0.09,0.34,0.44,0.79
1,0.48,0.4,0.09,0.71,0.67,0.08,0.72,0.02,0.98,0.1,-1.41,-1.25,0.15,0.19,0.16,0.1,0.5,0.21,0.35,0.46,0.09,0.34,0.44,0.79
1,0.48,0.4,0.09,0.71,0.67,0.08,0.72,0.02,0.98,0.1,-1.41,-1.25,0.15,0.19,0.16,0.1,0.5,0.21,0.35,0.46,0.09,0.34,0.44,0.79
1,0.48,0.4,0.09,0.71,0.67,0.08,0.72,0.02,0.98,0.1,-1.41,-1.25,0.15,0.19,0.16,0.1,0.5,0.21,0.35,0.46,0.09,0.34,0.44,0.79
1,0.72,0.36,0.44,0.5,0.69,0.12,0.53,0.11,0.94,0.15,-1.41,0.33,0.16,0.15,8.15,0.12,0.38,1.97,0.29,0.5,0.1,0.31,0.56,0.8
1,0.72,0.36,0.44,0.5,0.69,0.12,0.53,0.11,0.94,0.15,-1.41,0.33,0.16,0.15,8.15,0.12,0.38,1.97,0.29,0.5,0.1,0.31,0.56,0.8
1,0.72,0.36,0.44,0.5,0.69,0.12,0.53,0.11,0.94,0.15,-1.41,0.33,0.16,0.15,8.15,0.12,0.38,1.97,0.29,0.5,0.1,0.31,0.56,0.8
1,0.72,0.36,0.44,0.5,0.69,0.12,0.53,0.11,0.94,0.15,-1.41,0.33,0.16,0.15,8.15,0.12,0.38,1.97,0.29,0.5,0.1,0.31,0.56,0.8
1,0.72,0.36,0.44,0.5,0.69,0.12,0.53,0.11,0.94,0.15,-1.41,0.33,0.16,0.15,8.15,0.12,0.38,1.97,0.29,0.5,0.1,0.31,0.56,0.8
1,0.72,0.36,0.44,0.5,0.69,0.12,0.53,0.11,0.94,0.15,-1.41,0.33,0.16,0.15,8.15,0.12,0.38,1.97,0.29,0.5,0.1,0.31,0.56,0.8
1,0.72,0.36,0.44,0.5,0.69,0.12,0.53,0.11,0.94,0.15,-1.41,0.33,0.16,0.15,8.15,0.12,0.38,1.97,0.29,0.5,0.1,0.31,0.56,0.8
1,0.72,0.36,0.44,0.5,0.69,0.12,0.53,0.11,0.94,0.15,-1.41,0.33,0.16,0.15,8.15,0.12,0.38,1.97,0.29,0.5,0.1,0.31,0.56,0.8
1,0.72,0.36,0.44,0.5,0.69,0.12,0.53,0.11,0.94,0.15,-1.41,0.33,0.16,0.15,8.15,0.12,0.38,1.97,0.29,0.5,0.1,0.31,0.56,0.8
1,0.72,0.36,0.44,0.5,0.69,0.12,0.53,0.11,0.94,0.15,-1.41,0.33,0.16,0.15,8.15,0.12,0.38,1.97,0.29,0.5,0.1,0.31,0.56,0.8
1,0.72,0.36,0.44,0.5,0.69,0.12,0.53,0.11,0.94,0.15,-1.41,0.33,0.16,0.15,8.15,0.12,0.38,1.97,0.29,0.5,0.1,0.31,0.56,0.8
1,0.72,0.36,0.44,0.5,0.69,0.12,0.53,0.11,0.94,0.15,-1.41,0.33,0.16,0.15,8.15,0.12,0.38,1.97,0.29,0.5,0.1,0.31,0.56,0.8
1,0.06,0.66,0.05,0.77,0.6,0.1,0.85,0.05,0.97,0.08,-0.25,-1.27,0.12,0.11,1.35,0.08,0.52,7.94,0.3,0.81,0.11,0.25,0.77,0.92
1,0.06,0.66,0.05,0.77,0.6,0.1,0.85,0.05,0.97,0.08,-0.25,-1.27,0.12,0.11,1.35,0.08,0.52,7.94,0.3,0.81,0.11,0.25,0.77,0.92
1,0.06,0.66,0.05,0.77,0.6,0.1,0.85,0.05,0.97,0.08,-0.25,-1.27,0.12,0.11,1.35,0.08,0.52,7.94,0.3,0.81,0.11,0.25,0.77,0.92
1,0.06,0.66,0.05,0.77,0.6,0.1,0.85,0.05,0.97,0.08,-0.25,-1.27,0.12,0.11,1.35,0.08,0.52,7.94,0.3,0.81,0.11,0.25,0.77,0.92
1,0.06,0.66,0.05,0.77,0.6,0.1,0.85,0.05,0.97,0.08,-0.25,-1.27,0.12,0.11,1.35,0.08,0.52,7.94,0.3,0.81,0.11,0.25,0.77,0.92
1,0.06,0.66,0.05,0.77,0.6,0.1,0.85,0.05,0.97,0.08,-0.25,-1.27,0.12,0.11,1.35,0.08,0.52,7.94,0.3,0.81,0.11,0.25,0.77,0.92
1,0.06,0.66,0.05,0.77,0.6,0.1,0.85,0.05,0.97,0.08,-0.25,-1.27,0.12,0.11,1.35,0.08,0.52,7.94,0.3,0.81,0.11,0.25,0.77,0.92
1,0.06,0.66,0.05,0.77,0.6,0.1,0.85,0.05,0.97,0.08,-0.25,-1.27,0.12,0.11,1.35,0.08,0.52,7.94,0.3,0.81,0.11,0.25,0.77,0.92
1,0.06,0.66,0.05,0.77,0.6,0.1,0.85,0.05,0.97,0.08,-0.25,-1.27,0.12,0.11,1.35,0.08,0.52,7.94,0.3,0.81,0.11,0.25,0.77,0.92
1,0.06,0.66,0.05,0.77,0.6,0.1,0.85,0.05,0.97,0.08,-0.25,-1.27,0.12,0.11,1.35,0.08,0.52,7.94,0.3,0.81,0.11,0.25,0.77,0.92
1,0.06,0.66,0.05,0.77,0.6,0.1,0.85,0.05,0.97,0.08,-0.25,-1.27,0.12,0.11,1.35,0.08,0.52,7.94,0.3,0.81,0.11,0.25,0.77,0.92
1,0.06,0.66,0.05,0.77,0.6,0.1,0.85,0.05,0.97,0.08,-0.25,-1.27,0.12,0.11,1.35,0.08,0.52,7.94,0.3,0.81,0.11,0.25,0.77,0.92
1,0.5,0.34,0.47,0.29,0.58,0.13,0.68,0.11,0.97,0.11,0.17,0.92,0.11,0.11,0.57,0.1,0.26,5.3,0.29,0.59,0.12,0.3,0.61,0.64
1,0.5,0.34,0.47,0.29,0.58,0.13,0.68,0.11,0.97,0.11,0.17,0.92,0.11,0.11,0.57,0.1,0.26,5.3,0.29,0.59,0.12,0.3,0.61,0.64
1,0.5,0.34,0.47,0.29,0.58,0.13,0.68,0.11,0.97,0.11,0.17,0.92,0.11,0.11,0.57,0.1,0.26,5.3,0.29,0.59,0.12,0.3,0.61,0.64
1,0.5,0.34,0.47,0.29,0.58,0.13,0.68,0.11,0.97,0.11,0.17,0.92,0.11,0.11,0.57,0.1,0.26,5.3,0.29,0.59,0.12,0.3,0.61,0.64
1,0.5,0.34,0.47,0.29,0.58,0.13,0.68,0.11,0.97,0.11,0.17,0.92,0.11,0.11,0.57,0.1,0.26,5.3,0.29,0.59,0.12,0.3,0.61,0.64
1,0.5,0.34,0.47,0.29,0.58,0.13,0.68,0.11,0.97,0.11,0.17,0.92,0.11,0.11,0.57,0.1,0.26,5.3,0.29,0.59,0.12,0.3,0.61,0.64
1,0.5,0.34,0.47,0.29,0.58,0.13,0.68,0.11,0.97,0.11,0.17,0.92,0.11,0.11,0.57,0.1,0.26,5.3,0.29,0.59,0.12,0.3,0.61,0.64
1,0.5,0.34,0.47,0.29,0.58,0.13,0.68,0.11,0.97,0.11,0.17,0.92,0.11,0.11,0.57,0.1,0.26,5.3,0.29,0.59,0.12,0.3,0.61,0.64
1,0.5,0.34,0.47,0.29,0.58,0.13,0.68,0.11,0.97,0.11,0.17,0.92,0.11,0.11,0.57,0.1,0.26,5.3,0.29,0.59,0.12,0.3,0.61,0.64
1,0.5,0.34,0.47,0.29,0.58,0.13,0.68,0.11,0.97,0.11,0.17,0.92,0.11,0.11,0.57,0.1,0.26,5.3,0.29,0.59,0.12,0.3,0.61,0.64
1,0.5,0.34,0.47,0.29,0.58,0.13,0.68,0.11,0.97,0.11,0.17,0.92,0.11,0.11,0.57,0.1,0.26,5.3,0.29,0.59,0.12,0.3,0.61,0.64
1,0.5,0.34,0.47,0.29,0.58,0.13,0.68,0.11,0.97,0.11,0.17,0.92,0.11,0.11,0.57,0.1,0.26,5.3,0.29,0.59,0.12,0.3,0.61,0.64
1,0.42,0.37,0.44,0.31,0.61,0.15,0.68,0.18,0.95,0.15,-0.17,1.14,0.14,0.14,1.76,0.14,0.25,11.11,0.31,0.77,0.14,0.31,0.78,0.8
1,0.42,0.37,0.44,0.31,0.61,0.15,0.68,0.18,0.95,0.15,-0.17,1.14,0.14,0.14,1.76,0.14,0.25,11.11,0.31,0.77,0.14,0.31,0.78,0.8
1,0.42,0.37,0.44,0.31,0.61,0.15,0.68,0.18,0.95,0.15,-0.17,1.14,0.14,0.14,1.76,0.14,0.25,11.11,0.31,0.77,0.14,0.31,0.78,0.8
1,0.42,0.37,0.44,0.31,0.61,0.15,0.68,0.18,0.95,0.15,-0.17,1.14,0.14,0.14,1.76,0.14,0.25,11.11,0.31,0.77,0.14,0.31,0.78,0.8
1,0.42,0.37,0.44,0.31,0.61,0.15,0.68,0.18,0.95,0.15,-0.17,1.14,0.14,0.14,1.76,0.14,0.25,11.11,0.31,0.77,0.14,0.31,0.78,0.8
1,0.42,0.37,0.44,0.31,0.61,0.15,0.68,0.18,0.95,0.15,-0.17,1.14,0.14,0.14,1.76,0.14,0.25,11.11,0.31,0.77,0.14,0.31,0.78,0.8
1,0.42,0.37,0.44,0.31,0.61,0.15,0.68,0.18,0.95,0.15,-0.17,1.14,0.14,0.14,1.76,0.14,0.25,11.11,0.31,0.77,0.14,0.31,0.78,0.8
1,0.42,0.37,0.44,0.31,0.61,0.15,0.68,0.18,0.95,0.15,-0.17,1.14,0.14,0.14,1.76,0.14,0.25,11.11,0.31,0.77,0.14,0.31,0.78,0.8
1,0.42,0.37,0.44,0.31,0.61,0.15,0.68,0.18,0.95,0.15,-0.17,1.14,0.14,0.14,1.76,0.14,0.25,11.11,0.31,0.77,0.14,0.31,0.78,0.8
1,0.42,0.37,0.44,0.31,0.61,0.15,0.68,0.18,0.95,0.15,-0.17,1.14,0.14,0.14,1.76,0.14,0.25,11.11,0.31,0.77,0.14,0.31,0.78,0.8
1,0.42,0.37,0.44,0.31,0.61,0.15,0.68,0.18,0.95,0.15,-0.17,1.14,0.14,0.14,1.76,0.14,0.25,11.11,0.31,0.77,0.14,0.31,0.78,0.8
1,0.42,0.37,0.44,0.31,0.61,0.15,0.68,0.18,0.95,0.15,-0.17,1.14,0.14,0.14,1.76,0.14,0.25,11.11,0.31,0.77,0.14,0.31,0.78,0.8
1,0.34,0.5,0.47,0.77,0.82,0.18,0.58,0.12,0.96,0.08,-0.9,-0.45,0.11,0.09,1.19,0.11,0.57,1.23,0.4,0.62,0.1,0.39,0.62,0.83
1,0.34,0.5,0.47,0.77,0.82,0.18,0.58,0.12,0.96,0.08,-0.9,-0.45,0.11,0.09,1.19,0.11,0.57,1.23,0.4,0.62,0.1,0.39,0.62,0.83
1,0.34,0.5,0.47,0.77,0.82,0.18,0.58,0.12,0.96,0.08,-0.9,-0.45,0.11,0.09,1.19,0.11,0.57,1.23,0.4,0.62,0.1,0.39,0.62,0.83
1,0.34,0.5,0.47,0.77,0.82,0.18,0.58,0.12,0.96,0.08,-0.9,-0.45,0.11,0.09,1.19,0.11,0.57,1.23,0.4,0.62,0.1,0.39,0.62,0.83
1,0.34,0.5,0.47,0.77,0.82,0.18,0.58,0.12,0.96,0.08,-0.9,-0.45,0.11,0.09,1.19,0.11,0.57,1.23,0.4,0.62,0.1,0.39,0.62,0.83
1,0.34,0.5,0.47,0.77,0.82,0.18,0.58,0.12,0.96,0.08,-0.9,-0.45,0.11,0.09,1.19,0.11,0.57,1.23,0.4,0.62,0.1,0.39,0.62,0.83
1,0.34,0.5,0.47,0.77,0.82,0.18,0.58,0.12,0.96,0.08,-0.9,-0.45,0.11,0.09,1.19,0.11,0.57,1.23,0.4,0.62,0.1,0.39,0.62,0.83
1,0.34,0.5,0.47,0.77,0.82,0.18,0.58,0.12,0.96,0.08,-0.9,-0.45,0.11,0.09,1.19,0.11,0.57,1.23,0.4,0.62,0.1,0.39,0.62,0.83
1,0.34,0.5,0.47,0.77,0.82,0.18,0.58,0.12,0.96,0.08,-0.9,-0.45,0.11,0.09,1.19,0.11,0.57,1.23,0.4,0.62,0.1,0.39,0.62,0.83
1,0.34,0.5,0.47,0.77,0.82,0.18,0.58,0.12,0.96,0.08,-0.9,-0.45,0.11,0.09,1.19,0.11,0.57,1.23,0.4,0.62,0.1,0.39,0.62,0.83
1,0.34,0.5,0.47,0.77,0.82,0.18,0.58,0.12,0.96,0.08,-0.9,-0.45,0.11,0.09,1.19,0.11,0.57,1.23,0.4,0.62,0.1,0.39,0.62,0.83
1,0.34,0.5,0.47,0.77,0.82,0.18,0.58,0.12,0.96,0.08,-0.9,-0.45,0.11,0.09,1.19,0.11,0.57,1.23,0.4,0.62,0.1,0.39,0.62,0.83
1,0.02,0.35,0.02,0.8,0.83,0.08,0.87,0.02,0.97,0.03,-1.13,-4.39,0.05,0.04,2.02,0.03,0.48,1.5,0.18,0.58,0.06,0.18,0.57,0.96
1,0.02,0.35,0.02,0.8,0.83,0.08,0.87,0.02,0.97,0.03,-1.13,-4.39,0.05,0.04,2.02,0.03,0.48,1.5,0.18,0.58,0.06,0.18,0.57,0.96
1,0.02,0.35,0.02,0.8,0.83,0.08,0.87,0.02,0.97,0.03,-1.13,-4.39,0.05,0.04,2.02,0.03,0.48,1.5,0.18,0.58,0.06,0.18,0.57,0.96
1,0.02,0.35,0.02,0.8,0.83,0.08,0.87,0.02,0.97,0.03,-1.13,-4.39,0.05,0.04,2.02,0.03,0.48,1.5,0.18,0.58,0.06,0.18,0.57,0.96
1,0.02,0.35,0.02,0.8,0.83,0.08,0.87,0.02,0.97,0.03,-1.13,-4.39,0.05,0.04,2.02,0.03,0.48,1.5,0.18,0.58,0.06,0.18,0.57,0.96
1,0.02,0.35,0.02,0.8,0.83,0.08,0.87,0.02,0.97,0.03,-1.13,-4.39,0.05,0.04,2.02,0.03,0.48,1.5,0.18,0.58,0.06,0.18,0.57,0.96
1,0.02,0.35,0.02,0.8,0.83,0.08,0.87,0.02,0.97,0.03,-1.13,-4.39,0.05,0.04,2.02,0.03,0.48,1.5,0.18,0.58,0.06,0.18,0.57,0.96
1,0.02,0.35,0.02,0.8,0.83,0.08,0.87,0.02,0.97,0.03,-1.13,-4.39,0.05,0.04,2.02,0.03,0.48,1.5,0.18,0.58,0.06,0.18,0.57,0.96
1,0.02,0.35,0.02,0.8,0.83,0.08,0.87,0.02,0.97,0.03,-1.13,-4.39,0.05,0.04,2.02,0.03,0.48,1.5,0.18,0.58,0.06,0.18,0.57,0.96
1,0.02,0.35,0.02,0.8,0.83,0.08,0.87,0.02,0.97,0.03,-1.13,-4.39,0.05,0.04,2.02,0.03,0.48,1.5,0.18,0.58,0.06,0.18,0.57,0.96
1,0.02,0.35,0.02,0.8,0.83,0.08,0.87,0.02,0.97,0.03,-1.13,-4.39,0.05,0.04,2.02,0.03,0.48,1.5,0.18,0.58,0.06,0.18,0.57,0.96
1,0.02,0.35,0.02,0.8,0.83,0.08,0.87,0.02,0.97,0.03,-1.13,-4.39,0.05,0.04,2.02,0.03,0.48,1.5,0.18,0.58,0.06,0.18,0.57,0.96
1,0.04,0.43,0.07,0.68,0.63,0.15,0.56,0.14,0.91,0.1,-0.49,-1.97,0.15,0.15,12.01,0.09,0.44,6.68,0.26,0.65,0.14,0.24,0.6,0.9
1,0.04,0.43,0.07,0.68,0.63,0.15,0.56,0.14,0.91,0.1,-0.49,-1.97,0.15,0.15,12.01,0.09,0.44,6.68,0.26,0.65,0.14,0.24,0.6,0.9
1,0.04,0.43,0.07,0.68,0.63,0.15,0.56,0.14,0.91,0.1,-0.49,-1.97,0.15,0.15,12.01,0.09,0.44,6.68,0.26,0.65,0.14,0.24,0.6,0.9
1,0.04,0.43,0.07,0.68,0.63,0.15,0.56,0.14,0.91,0.1,-0.49,-1.97,0.15,0.15,12.01,0.09,0.44,6.68,0.26,0.65,0.14,0.24,0.6,0.9
1,0.04,0.43,0.07,0.68,0.63,0.15,0.56,0.14,0.91,0.1,-0.49,-1.97,0.15,0.15,12.01,0.09,0.44,6.68,0.26,0.65,0.14,0.24,0.6,0.9
1,0.04,0.43,0.07,0.68,0.63,0.15,0.56,0.14,0.91,0.1,-0.49,-1.97,0.15,0.15,12.01,0.09,0.44,6.68,0.26,0.65,0.14,0.24,0.6,0.9
1,0.04,0.43,0.07,0.68,0.63,0.15,0.56,0.14,0.91,0.1,-0.49,-1.97,0.15,0.15,12.01,0.09,0.44,6.68,0.26,0.65,0.14,0.24,0.6,0.9
1,0.04,0.43,0.07,0.68,0.63,0.15,0.56,0.14,0.91,0.1,-0.49,-1.97,0.15,0.15,12.01,0.09,0.44,6.68,0.26,0.65,0.14,0.24,0.6,0.9
1,0.04,0.43,0.07,0.68,0.63,0.15,0.56,0.14,0.91,0.1,-0.49,-1.97,0.15,0.15,12.01,0.09,0.44,6.68,0.26,0.65,0.14,0.24,0.6,0.9
1,0.04,0.43,0.07,0.68,0.63,0.15,0.56,0.14,0.91,0.1,-0.49,-1.97,0.15,0.15,12.01,0.09,0.44,6.68,0.26,0.65,0.14,0.24,0.6,0.9
1,0.04,0.43,0.07,0.68,0.63,0.15,0.56,0.14,0.91,0.1,-0.49,-1.97,0.15,0.15,12.01,0.09,0.44,6.68,0.26,0.65,0.14,0.24,0.6,0.9
1,0.04,0.43,0.07,0.68,0.63,0.15,0.56,0.14,0.91,0.1,-0.49,-1.97,0.15,0.15,12.01,0.09,0.44,6.68,0.26,0.65,0.14,0.24,0.6,0.9
1,0.48,0.27,0.49,0.6,0.71,0.16,0.74,0.54,0.81,0.12,-1.49,-0.94,0.16,0.17,28.41,0.09,0.45,1.24,0.32,0.81,0.19,0.31,0.8,0.88
1,0.48,0.27,0.49,0.6,0.71,0.16,0.74,0.54,0.81,0.12,-1.49,-0.94,0.16,0.17,28.41,0.09,0.45,1.24,0.32,0.81,0.19,0.31,0.8,0.88
1,0.48,0.27,0.49,0.6,0.71,0.16,0.74,0.54,0.81,0.12,-1.49,-0.94,0.16,0.17,28.41,0.09,0.45,1.24,0.32,0.81,0.19,0.31,0.8,0.88
1,0.48,0.27,0.49,0.6,0.71,0.16,0.74,0.54,0.81,0.12,-1.49,-0.94,0.16,0.17,28.41,0.09,0.45,1.24,0.32,0.81,0.19,0.31,0.8,0.88
1,0.48,0.27,0.49,0.6,0.71,0.16,0.74,0.54,0.81,0.12,-1.49,-0.94,0.16,0.17,28.41,0.09,0.45,1.24,0.32,0.81,0.19,0.31,0.8,0.88
1,0.48,0.27,0.49,0.6,0.71,0.16,0.74,0.54,0.81,0.12,-1.49,-0.94,0.16,0.17,28.41,0.09,0.45,1.24,0.32,0.81,0.19,0.31,0.8,0.88
1,0.48,0.27,0.49,0.6,0.71,0.16,0.74,0.54,0.81,0.12,-1.49,-0.94,0.16,0.17,28.41,0.09,0.45,1.24,0.32,0.81,0.19,0.31,0.8,0.88
1,0.48,0.27,0.49,0.6,0.71,0.16,0.74,0.54,0.81,0.12,-1.49,-0.94,0.16,0.17,28.41,0.09,0.45,1.24,0.32,0.81,0.19,0.31,0.8,0.88
1,0.48,0.27,0.49,0.6,0.71,0.16,0.74,0.54,0.81,0.12,-1.49,-0.94,0.16,0.17,28.41,0.09,0.45,1.24,0.32,0.81,0.19,0.31,0.8,0.88
1,0.48,0.27,0.49,0.6,0.71,0.16,0.74,0.54,0.81,0.12,-1.49,-0.94,0.16,0.17,28.41,0.09,0.45,1.24,0.32,0.81,0.19,0.31,0.8,0.88
1,0.48,0.27,0.49,0.6,0.71,0.16,0.74,0.54,0.81,0.12,-1.49,-0.94,0.16,0.17,28.41,0.09,0.45,1.24,0.32,0.81,0.19,0.31,0.8,0.88
1,0.48,0.27,0.49,0.6,0.71,0.16,0.74,0.54,0.81,0.12,-1.49,-0.94,0.16,0.17,28.41,0.09,0.45,1.24,0.32,0.81,0.19,0.31,0.8,0.88
1,0.35,0.3,0.14,0.37,0.5,0.14,0.79,0.04,0.96,0.11,-0.44,1.08,0.18,0.2,1.71,0.13,0.43,1.03,0.26,0.88,0.16,0.26,0.89,0.95
1,0.35,0.3,0.14,0.37,0.5,0.14,0.79,0.04,0.96,0.11,-0.44,1.08,0.18,0.2,1.71,0.13,0.43,1.03,0.26,0.88,0.16,0.26,0.89,0.95
1,0.35,0.3,0.14,0.37,0.5,0.14,0.79,0.04,0.96,0.11,-0.44,1.08,0.18,0.2,1.71,0.13,0.43,1.03,0.26,0.88,0.16,0.26,0.89,0.95
1,0.35,0.3,0.14,0.37,0.5,0.14,0.79,0.04,0.96,0.11,-0.44,1.08,0.18,0.2,1.71,0.13,0.43,1.03,0.26,0.88,0.16,0.26,0.89,0.95
1,0.35,0.3,0.14,0.37,0.5,0.14,0.79,0.04,0.96,0.11,-0.44,1.08,0.18,0.2,1.71,0.13,0.43,1.03,0.26,0.88,0.16,0.26,0.89,0.95
1,0.35,0.3,0.14,0.37,0.5,0.14,0.79,0.04,0.96,0.11,-0.44,1.08,0.18,0.2,1.71,0.13,0.43,1.03,0.26,0.88,0.16,0.26,0.89,0.95
1,0.35,0.3,0.14,0.37,0.5,0.14,0.79,0.04,0.96,0.11,-0.44,1.08,0.18,0.2,1.71,0.13,0.43,1.03,0.26,0.88,0.16,0.26,0.89,0.95
1,0.35,0.3,0.14,0.37,0.5,0.14,0.79,0.04,0.96,0.11,-0.44,1.08,0.18,0.2,1.71,0.13,0.43,1.03,0.26,0.88,0.16,0.26,0.89,0.95
1,0.35,0.3,0.14,0.37,0.5,0.14,0.79,0.04,0.96,0.11,-0.44,1.08,0.18,0.2,1.71,0.13,0.43,1.03,0.26,0.88,0.16,0.26,0.89,0.95
1,0.35,0.3,0.14,0.37,0.5,0.14,0.79,0.04,0.96,0.11,-0.44,1.08,0.18,0.2,1.71,0.13,0.43,1.03,0.26,0.88,0.16,0.26,0.89,0.95
1,0.35,0.3,0.14,0.37,0.5,0.14,0.79,0.04,0.96,0.11,-0.44,1.08,0.18,0.2,1.71,0.13,0.43,1.03,0.26,0.88,0.16,0.26,0.89,0.95
1,0.35,0.3,0.14,0.37,0.5,0.14,0.79,0.04,0.96,0.11,-0.44,1.08,0.18,0.2,1.71,0.13,0.43,1.03,0.26,0.88,0.16,0.26,0.89,0.95
1,0.42,0.31,0.17,0.42,0.45,0.17,0.6,0.07,0.95,0.23,0.31,0.45,0.16,0.15,0.86,0.15,0.24,4.06,0.28,0.79,0.22,0.29,0.79,0.92
1,0.42,0.31,0.17,0.42,0.45,0.17,0.6,0.07,0.95,0.23,0.31,0.45,0.16,0.15,0.86,0.15,0.24,4.06,0.28,0.79,0.22,0.29,0.79,0.92
1,0.42,0.31,0.17,0.42,0.45,0.17,0.6,0.07,0.95,0.23,0.31,0.45,0.16,0.15,0.86,0.15,0.24,4.06,0.28,0.79,0.22,0.29,0.79,0.92
1,0.42,0.31,0.17,0.42,0.45,0.17,0.6,0.07,0.95,0.23,0.31,0.45,0.16,0.15,0.86,0.15,0.24,4.06,0.28,0.79,0.22,0.29,0.79,0.92
1,0.42,0.31,0.17,0.42,0.45,0.17,0.6,0.07,0.95,0.23,0.31,0.45,0.16,0.15,0.86,0.15,0.24,4.06,0.28,0.79,0.22,0.29,0.79,0.92
1,0.42,0.31,0.17,0.42,0.45,0.17,0.6,0.07,0.95,0.23,0.31,0.45,0.16,0.15,0.86,0.15,0.24,4.06,0.28,0.79,0.22,0.29,0.79,0.92
1,0.42,0.31,0.17,0.42,0.45,0.17,0.6,0.07,0.95,0.23,0.31,0.45,0.16,0.15,0.86,0.15,0.24,4.06,0.28,0.79,0.22,0.29,0.79,0.92
1,0.42,0.31,0.17,0.42,0.45,0.17,0.6,0.07,0.95,0.23,0.31,0.45,0.16,0.15,0.86,0.15,0.24,4.06,0.28,0.79,0.22,0.29,0.79,0.92
1,0.42,0.31,0.17,0.42,0.45,0.17,0.6,0.07,0.95,0.23,0.31,0.45,0.16,0.15,0.86,0.15,0.24,4.06,0.28,0.79,0.22,0.29,0.79,0.92
1,0.42,0.31,0.17,0.42,0.45,0.17,0.6,0.07,0.95,0.23,0.31,0.45,0.16,0.15,0.86,0.15,0.24,4.06,0.28,0.79,0.22,0.29,0.79,0.92
1,0.42,0.31,0.17,0.42,0.45,0.17,0.6,0.07,0.95,0.23,0.31,0.45,0.16,0.15,0.86,0.15,0.24,4.06,0.28,0.79,0.22,0.29,0.79,0.92
1,0.42,0.31,0.17,0.42,0.45,0.17,0.6,0.07,0.95,0.23,0.31,0.45,0.16,0.15,0.86,0.15,0.24,4.06,0.28,0.79,0.22,0.29,0.79,0.92
1,0.35,0.49,0.46,0.8,0.74,0.15,0.79,0.08,0.97,0.1,-1.77,-0.87,0.12,0.12,3.64,0.14,0.61,1.47,0.32,0.67,0.12,0.33,0.67,0.79
1,0.35,0.49,0.46,0.8,0.74,0.15,0.79,0.08,0.97,0.1,-1.77,-0.87,0.12,0.12,3.64,0.14,0.61,1.47,0.32,0.67,0.12,0.33,0.67,0.79
1,0.35,0.49,0.46,0.8,0.74,0.15,0.79,0.08,0.97,0.1,-1.77,-0.87,0.12,0.12,3.64,0.14,0.61,1.47,0.32,0.67,0.12,0.33,0.67,0.79
1,0.35,0.49,0.46,0.8,0.74,0.15,0.79,0.08,0.97,0.1,-1.77,-0.87,0.12,0.12,3.64,0.14,0.61,1.47,0.32,0.67,0.12,0.33,0.67,0.79
1,0.35,0.49,0.46,0.8,0.74,0.15,0.79,0.08,0.97,0.1,-1.77,-0.87,0.12,0.12,3.64,0.14,0.61,1.47,0.32,0.67,0.12,0.33,0.67,0.79
1,0.35,0.49,0.46,0.8,0.74,0.15,0.79,0.08,0.97,0.1,-1.77,-0.87,0.12,0.12,3.64,0.14,0.61,1.47,0.32,0.67,0.12,0.33,0.67,0.79
1,0.35,0.49,0.46,0.8,0.74,0.15,0.79,0.08,0.97,0.1,-1.77,-0.87,0.12,0.12,3.64,0.14,0.61,1.47,0.32,0.67,0.12,0.33,0.67,0.79
1,0.35,0.49,0.46,0.8,0.74,0.15,0.79,0.08,0.97,0.1,-1.77,-0.87,0.12,0.12,3.64,0.14,0.61,1.47,0.32,0.67,0.12,0.33,0.67,0.79
1,0.35,0.49,0.46,0.8,0.74,0.15,0.79,0.08,0.97,0.1,-1.77,-0.87,0.12,0.12,3.64,0.14,0.61,1.47,0.32,0.67,0.12,0.33,0.67,0.79
1,0.35,0.49,0.46,0.8,0.74,0.15,0.79,0.08,0.97,0.1,-1.77,-0.87,0.12,0.12,3.64,0.14,0.61,1.47,0.32,0.67,0.12,0.33,0.67,0.79
1,0.35,0.49,0.46,0.8,0.74,0.15,0.79,0.08,0.97,0.1,-1.77,-0.87,0.12,0.12,3.64,0.14,0.61,1.47,0.32,0.67,0.12,0.33,0.67,0.79
1,0.35,0.49,0.46,0.8,0.74,0.15,0.79,0.08,0.97,0.1,-1.77,-0.87,0.12,0.12,3.64,0.14,0.61,1.47,0.32,0.67,0.12,0.33,0.67,0.79
1,0.41,0.48,0.48,0.79,0.71,0.12,0.82,0.03,0.97,0.09,-0.89,-1.81,0.11,0.1,1.44,0.14,0.62,2.61,0.22,0.36,0.1,0.21,0.31,0.58
1,0.41,0.48,0.48,0.79,0.71,0.12,0.82,0.03,0.97,0.09,-0.89,-1.81,0.11,0.1,1.44,0.14,0.62,2.61,0.22,0.36,0.1,0.21,0.31,0.58
1,0.41,0.48,0.48,0.79,0.71,0.12,0.82,0.03,0.97,0.09,-0.89,-1.81,0.11,0.1,1.44,0.14,0.62,2.61,0.22,0.36,0.1,0.21,0.31,0.58
1,0.41,0.48,0.48,0.79,0.71,0.12,0.82,0.03,0.97,0.09,-0.89,-1.81,0.11,0.1,1.44,0.14,0.62,2.61,0.22,0.36,0.1,0.21,0.31,0.58
1,0.41,0.48,0.48,0.79,0.71,0.12,0.82,0.03,0.97,0.09,-0.89,-1.81,0.11,0.1,1.44,0.14,0.62,2.61,0.22,0.36,0.1,0.21,0.31,0.58
1,0.41,0.48,0.48,0.79,0.71,0.12,0.82,0.03,0.97,0.09,-0.89,-1.81,0.11,0.1,1.44,0.14,0.62,2.61,0.22,0.36,0.1,0.21,0.31,0.58
1,0.41,0.48,0.48,0.79,0.71,0.12,0.82,0.03,0.97,0.09,-0.89,-1.81,0.11,0.1,1.44,0.14,0.62,2.61,0.22,0.36,0.1,0.21,0.31,0.58
1,0.41,0.48,0.48,0.79,0.71,0.12,0.82,0.03,0.97,0.09,-0.89,-1.81,0.11,0.1,1.44,0.14,0.62,2.61,0.22,0.36,0.1,0.21,0.31,0.58
1,0.41,0.48,0.48,0.79,0.71,0.12,0.82,0.03,0.97,0.09,-0.89,-1.81,0.11,0.1,1.44,0.14,0.62,2.61,0.22,0.36,0.1,0.21,0.31,0.58
1,0.41,0.48,0.48,0.79,0.71,0.12,0.82,0.03,0.97,0.09,-0.89,-1.81,0.11,0.1,1.44,0.14,0.62,2.61,0.22,0.36,0.1,0.21,0.31,0.58
1,0.41,0.48,0.48,0.79,0.71,0.12,0.82,0.03,0.97,0.09,-0.89,-1.81,0.11,0.1,1.44,0.14,0.62,2.61,0.22,0.36,0.1,0.21,0.31,0.58
1,0.41,0.48,0.48,0.79,0.71,0.12,0.82,0.03,0.97,0.09,-0.89,-1.81,0.11,0.1,1.44,0.14,0.62,2.61,0.22,0.36,0.1,0.21,0.31,0.58
1,0.39,0.41,0.17,0.57,0.46,0.17,0.58,0.05,0.97,0.19,0.08,-0.47,0.16,0.16,4.85,0.17,0.46,0.5,0.34,0.76,0.22,0.32,0.75,0.91
1,0.39,0.41,0.17,0.57,0.46,0.17,0.58,0.05,0.97,0.19,0.08,-0.47,0.16,0.16,4.85,0.17,0.46,0.5,0.34,0.76,0.22,0.32,0.75,0.91
1,0.39,0.41,0.17,0.57,0.46,0.17,0.58,0.05,0.97,0.19,0.08,-0.47,0.16,0.16,4.85,0.17,0.46,0.5,0.34,0.76,0.22,0.32,0.75,0.91
1,0.39,0.41,0.17,0.57,0.46,0.17,0.58,0.05,0.97,0.19,0.08,-0.47,0.16,0.16,4.85,0.17,0.46,0.5,0.34,0.76,0.22,0.32,0.75,0.91
1,0.39,0.41,0.17,0.57,0.46,0.17,0.58,0.05,0.97,0.19,0.08,-0.47,0.16,0.16,4.85,0.17,0.46,0.5,0.34,0.76,0.22,0.32,0.75,0.91
1,0.39,0.41,0.17,0.57,0.46,0.17,0.58,0.05,0.97,0.19,0.08,-0.47,0.16,0.16,4.85,0.17,0.46,0.5,0.34,0.76,0.22,0.32,0.75,0.91
1,0.39,0.41,0.17,0.57,0.46,0.17,0.58,0.05,0.97,0.19,0.08,-0.47,0.16,0.16,4.85,0.17,0.46,0.5,0.34,0.76,0.22,0.32,0.75,0.91
1,0.39,0.41,0.17,0.57,0.46,0.17,0.58,0.05,0.97,0.19,0.08,-0.47,0.16,0.16,4.85,0.17,0.46,0.5,0.34,0.76,0.22,0.32,0.75,0.91
1,0.39,0.41,0.17,0.57,0.46,0.17,0.58,0.05,0.97,0.19,0.08,-0.47,0.16,0.16,4.85,0.17,0.46,0.5,0.34,0.76,0.22,0.32,0.75,0.91
1,0.39,0.41,0.17,0.57,0.46,0.17,0.58,0.05,0.97,0.19,0.08,-0.47,0.16,0.16,4.85,0.17,0.46,0.5,0.34,0.76,0.22,0.32,0.75,0.91
1,0.39,0.41,0.17,0.57,0.46,0.17,0.58,0.05,0.97,0.19,0.08,-0.47,0.16,0.16,4.85,0.17,0.46,0.5,0.34,0.76,0.22,0.32,0.75,0.91
1,0.39,0.41,0.17,0.57,0.46,0.17,0.58,0.05,0.97,0.19,0.08,-0.47,0.16,0.16,4.85,0.17,0.46,0.5,0.34,0.76,0.22,0.32,0.75,0.91
1,0.16,0.47,0.1,0.66,0.7,0.21,0.81,0.05,0.96,0.16,-1.04,-2.31,0.15,0.18,25.69,0.1,0.46,11.56,0.28,0.52,0.2,0.26,0.44,0.85
1,0.16,0.47,0.1,0.66,0.7,0.21,0.81,0.05,0.96,0.16,-1.04,-2.31,0.15,0.18,25.69,0.1,0.46,11.56,0.28,0.52,0.2,0.26,0.44,0.85
1,0.16,0.47,0.1,0.66,0.7,0.21,0.81,0.05,0.96,0.16,-1.04,-2.31,0.15,0.18,25.69,0.1,0.46,11.56,0.28,0.52,0.2,0.26,0.44,0.85
1,0.16,0.47,0.1,0.66,0.7,0.21,0.81,0.05,0.96,0.16,-1.04,-2.31,0.15,0.18,25.69,0.1,0.46,11.56,0.28,0.52,0.2,0.26,0.44,0.85
1,0.16,0.47,0.1,0.66,0.7,0.21,0.81,0.05,0.96,0.16,-1.04,-2.31,0.15,0.18,25.69,0.1,0.46,11.56,0.28,0.52,0.2,0.26,0.44,0.85
1,0.16,0.47,0.1,0.66,0.7,0.21,0.81,0.05,0.96,0.16,-1.04,-2.31,0.15,0.18,25.69,0.1,0.46,11.56,0.28,0.52,0.2,0.26,0.44,0.85
1,0.16,0.47,0.1,0.66,0.7,0.21,0.81,0.05,0.96,0.16,-1.04,-2.31,0.15,0.18,25.69,0.1,0.46,11.56,0.28,0.52,0.2,0.26,0.44,0.85
1,0.16,0.47,0.1,0.66,0.7,0.21,0.81,0.05,0.96,0.16,-1.04,-2.31,0.15,0.18,25.69,0.1,0.46,11.56,0.28,0.52,0.2,0.26,0.44,0.85
1,0.16,0.47,0.1,0.66,0.7,0.21,0.81,0.05,0.96,0.16,-1.04,-2.31,0.15,0.18,25.69,0.1,0.46,11.56,0.28,0.52,0.2,0.26,0.44,0.85
1,0.16,0.47,0.1,0.66,0.7,0.21,0.81,0.05,0.96,0.16,-1.04,-2.31,0.15,0.18,25.69,0.1,0.46,11.56,0.28,0.52,0.2,0.26,0.44,0.85
1,0.16,0.47,0.1,0.66,0.7,0.21,0.81,0.05,0.96,0.16,-1.04,-2.31,0.15,0.18,25.69,0.1,0.46,11.56,0.28,0.52,0.2,0.26,0.44,0.85
1,0.16,0.47,0.1,0.66,0.7,0.21,0.81,0.05,0.96,0.16,-1.04,-2.31,0.15,0.18,25.69,0.1,0.46,11.56,0.28,0.52,0.2,0.26,0.44,0.85
1,0.06,0.54,0.03,0.58,0.54,0.2,0.65,0.23,0.88,0.18,0.03,-0.7,0.19,0.24,25.41,0.12,0.43,10.06,0.31,0.63,0.22,0.29,0.59,0.83
1,0.06,0.54,0.03,0.58,0.54,0.2,0.65,0.23,0.88,0.18,0.03,-0.7,0.19,0.24,25.41,0.12,0.43,10.06,0.31,0.63,0.22,0.29,0.59,0.83
1,0.06,0.54,0.03,0.58,0.54,0.2,0.65,0.23,0.88,0.18,0.03,-0.7,0.19,0.24,25.41,0.12,0.43,10.06,0.31,0.63,0.22,0.29,0.59,0.83
1,0.06,0.54,0.03,0.58,0.54,0.2,0.65,0.23,0.88,0.18,0.03,-0.7,0.19,0.24,25.41,0.12,0.43,10.06,0.31,0.63,0.22,0.29,0.59,0.83
1,0.06,0.54,0.03,0.58,0.54,0.2,0.65,0.23,0.88,0.18,0.03,-0.7,0.19,0.24,25.41,0.12,0.43,10.06,0.31,0.63,0.22,0.29,0.59,0.83
1,0.06,0.54,0.03,0.58,0.54,0.2,0.65,0.23,0.88,0.18,0.03,-0.7,0.19,0.24,25.41,0.12,0.43,10.06,0.31,0.63,0.22,0.29,0.59,0.83
1,0.06,0.54,0.03,0.58,0.54,0.2,0.65,0.23,0.88,0.18,0.03,-0.7,0.19,0.24,25.41,0.12,0.43,10.06,0.31,0.63,0.22,0.29,0.59,0.83
1,0.06,0.54,0.03,0.58,0.54,0.2,0.65,0.23,0.88,0.18,0.03,-0.7,0.19,0.24,25.41,0.12,0.43,10.06,0.31,0.63,0.22,0.29,0.59,0.83
1,0.06,0.54,0.03,0.58,0.54,0.2,0.65,0.23,0.88,0.18,0.03,-0.7,0.19,0.24,25.41,0.12,0.43,10.06,0.31,0.63,0.22,0.29,0.59,0.83
1,0.06,0.54,0.03,0.58,0.54,0.2,0.65,0.23,0.88,0.18,0.03,-0.7,0.19,0.24,25.41,0.12,0.43,10.06,0.31,0.63,0.22,0.29,0.59,0.83
1,0.06,0.54,0.03,0.58,0.54,0.2,0.65,0.23,0.88,0.18,0.03,-0.7,0.19,0.24,25.41,0.12,0.43,10.06,0.31,0.63,0.22,0.29,0.59,0.83
1,0.06,0.54,0.03,0.58,0.54,0.2,0.65,0.23,0.88,0.18,0.03,-0.7,0.19,0.24,25.41,0.12,0.43,10.06,0.31,0.63,0.22,0.29,0.59,0.83
1,0.08,0.41,0.23,0.85,0.84,0.16,0.67,0.07,0.97,0.09,-1.31,-2.81,0.11,0.1,6.6,0.05,0.76,8.6,0.36,0.68,0.1,0.31,0.62,0.92
1,0.08,0.41,0.23,0.85,0.84,0.16,0.67,0.07,0.97,0.09,-1.31,-2.81,0.11,0.1,6.6,0.05,0.76,8.6,0.36,0.68,0.1,0.31,0.62,0.92
1,0.08,0.41,0.23,0.85,0.84,0.16,0.67,0.07,0.97,0.09,-1.31,-2.81,0.11,0.1,6.6,0.05,0.76,8.6,0.36,0.68,0.1,0.31,0.62,0.92
1,0.08,0.41,0.23,0.85,0.84,0.16,0.67,0.07,0.97,0.09,-1.31,-2.81,0.11,0.1,6.6,0.05,0.76,8.6,0.36,0.68,0.1,0.31,0.62,0.92
1,0.08,0.41,0.23,0.85,0.84,0.16,0.67,0.07,0.97,0.09,-1.31,-2.81,0.11,0.1,6.6,0.05,0.76,8.6,0.36,0.68,0.1,0.31,0.62,0.92
1,0.08,0.41,0.23,0.85,0.84,0.16,0.67,0.07,0.97,0.09,-1.31,-2.81,0.11,0.1,6.6,0.05,0.76,8.6,0.36,0.68,0.1,0.31,0.62,0.92
1,0.08,0.41,0.23,0.85,0.84,0.16,0.67,0.07,0.97,0.09,-1.31,-2.81,0.11,0.1,6.6,0.05,0.76,8.6,0.36,0.68,0.1,0.31,0.62,0.92
1,0.08,0.41,0.23,0.85,0.84,0.16,0.67,0.07,0.97,0.09,-1.31,-2.81,0.11,0.1,6.6,0.05,0.76,8.6,0.36,0.68,0.1,0.31,0.62,0.92
1,0.08,0.41,0.23,0.85,0.84,0.16,0.67,0.07,0.97,0.09,-1.31,-2.81,0.11,0.1,6.6,0.05,0.76,8.6,0.36,0.68,0.1,0.31,0.62,0.92
1,0.08,0.41,0.23,0.85,0.84,0.16,0.67,0.07,0.97,0.09,-1.31,-2.81,0.11,0.1,6.6,0.05,0.76,8.6,0.36,0.68,0.1,0.31,0.62,0.92
1,0.08,0.41,0.23,0.85,0.84,0.16,0.67,0.07,0.97,0.09,-1.31,-2.81,0.11,0.1,6.6,0.05,0.76,8.6,0.36,0.68,0.1,0.31,0.62,0.92
1,0.08,0.41,0.23,0.85,0.84,0.16,0.67,0.07,0.97,0.09,-1.31,-2.81,0.11,0.1,6.6,0.05,0.76,8.6,0.36,0.68,0.1,0.31,0.62,0.92
1,0.61,0.39,0.48,0.54,0.65,0.14,0.64,0.15,0.94,0.11,0.19,0.4,0.13,0.11,0.37,0.16,0.41,0.1,0.36,0.48,0.11,0.36,0.48,0.59
1,0.61,0.39,0.48,0.54,0.65,0.14,0.64,0.15,0.94,0.11,0.19,0.4,0.13,0.11,0.37,0.16,0.41,0.1,0.36,0.48,0.11,0.36,0.48,0.59
1,0.61,0.39,0.48,0.54,0.65,0.14,0.64,0.15,0.94,0.11,0.19,0.4,0.13,0.11,0.37,0.16,0.41,0.1,0.36,0.48,0.11,0.36,0.48,0.59
1,0.61,0.39,0.48,0.54,0.65,0.14,0.64,0.15,0.94,0.11,0.19,0.4,0.13,0.11,0.37,0.16,0.41,0.1,0.36,0.48,0.11,0.36,0.48,0.59
1,0.61,0.39,0.48,0.54,0.65,0.14,0.64,0.15,0.94,0.11,0.19,0.4,0.13,0.11,0.37,0.16,0.41,0.1,0.36,0.48,0.11,0.36,0.48,0.59
1,0.61,0.39,0.48,0.54,0.65,0.14,0.64,0.15,0.94,0.11,0.19,0.4,0.13,0.11,0.37,0.16,0.41,0.1,0.36,0.48,0.11,0.36,0.48,0.59
1,0.61,0.39,0.48,0.54,0.65,0.14,0.64,0.15,0.94,0.11,0.19,0.4,0.13,0.11,0.37,0.16,0.41,0.1,0.36,0.48,0.11,0.36,0.48,0.59
1,0.61,0.39,0.48,0.54,0.65,0.14,0.64,0.15,0.94,0.11,0.19,0.4,0.13,0.11,0.37,0.16,0.41,0.1,0.36,0.48,0.11,0.36,0.48,0.59
1,0.61,0.39,0.48,0.54,0.65,0.14,0.64,0.15,0.94,0.11,0.19,0.4,0.13,0.11,0.37,0.16,0.41,0.1,0.36,0.48,0.11,0.36,0.48,0.59
1,0.61,0.39,0.48,0.54,0.65,0.14,0.64,0.15,0.94,0.11,0.19,0.4,0.13,0.11,0.37,0.16,0.41,0.1,0.36,0.48,0.11,0.36,0.48,0.59
1,0.61,0.39,0.48,0.54,0.65,0.14,0.64,0.15,0.94,0.11,0.19,0.4,0.13,0.11,0.37,0.16,0.41,0.1,0.36,0.48,0.11,0.36,0.48,0.59
1,0.61,0.39,0.48,0.54,0.65,0.14,0.64,0.15,0.94,0.11,0.19,0.4,0.13,0.11,0.37,0.16,0.41,0.1,0.36,0.48,0.11,0.36,0.48,0.59
1,0.58,0.39,0.49,0.23,0.43,0.1,0.63,0.06,0.95,0.11,0.26,1.69,0.13,0.12,1.03,0.1,0.18,0.84,0.27,0.57,0.12,0.27,0.57,0.87
1,0.58,0.39,0.49,0.23,0.43,0.1,0.63,0.06,0.95,0.11,0.26,1.69,0.13,0.12,1.03,0.1,0.18,0.84,0.27,0.57,0.12,0.27,0.57,0.87
1,0.58,0.39,0.49,0.23,0.43,0.1,0.63,0.06,0.95,0.11,0.26,1.69,0.13,0.12,1.03,0.1,0.18,0.84,0.27,0.57,0.12,0.27,0.57,0.87
1,0.58,0.39,0.49,0.23,0.43,0.1,0.63,0.06,0.95,0.11,0.26,1.69,0.13,0.12,1.03,0.1,0.18,0.84,0.27,0.57,0.12,0.27,0.57,0.87
1,0.58,0.39,0.49,0.23,0.43,0.1,0.63,0.06,0.95,0.11,0.26,1.69,0.13,0.12,1.03,0.1,0.18,0.84,0.27,0.57,0.12,0.27,0.57,0.87
1,0.58,0.39,0.49,0.23,0.43,0.1,0.63,0.06,0.95,0.11,0.26,1.69,0.13,0.12,1.03,0.1,0.18,0.84,0.27,0.57,0.12,0.27,0.57,0.87
1,0.58,0.39,0.49,0.23,0.43,0.1,0.63,0.06,0.95,0.11,0.26,1.69,0.13,0.12,1.03,0.1,0.18,0.84,0.27,0.57,0.12,0.27,0.57,0.87
1,0.58,0.39,0.49,0.23,0.43,0.1,0.63,0.06,0.95,0.11,0.26,1.69,0.13,0.12,1.03,0.1,0.18,0.84,0.27,0.57,0.12,0.27,0.57,0.87
1,0.58,0.39,0.49,0.23,0.43,0.1,0.63,0.06,0.95,0.11,0.26,1.69,0.13,0.12,1.03,0.1,0.18,0.84,0.27,0.57,0.12,0.27,0.57,0.87
1,0.58,0.39,0.49,0.23,0.43,0.1,0.63,0.06,0.95,0.11,0.26,1.69,0.13,0.12,1.03,0.1,0.18,0.84,0.27,0.57,0.12,0.27,0.57,0.87
1,0.58,0.39,0.49,0.23,0.43,0.1,0.63,0.06,0.95,0.11,0.26,1.69,0.13,0.12,1.03,0.1,0.18,0.84,0.27,0.57,0.12,0.27,0.57,0.87
1,0.58,0.39,0.49,0.23,0.43,0.1,0.63,0.06,0.95,0.11,0.26,1.69,0.13,0.12,1.03,0.1,0.18,0.84,0.27,0.57,0.12,0.27,0.57,0.87
1,0.1,0.31,0.06,0.68,0.72,0.17,0.64,0.02,0.96,0.11,-0.9,-0.31,0.13,0.12,8.36,0.14,0.72,1.01,0.19,0.42,0.19,0.19,0.37,0.73
1,0.1,0.31,0.06,0.68,0.72,0.17,0.64,0.02,0.96,0.11,-0.9,-0.31,0.13,0.12,8.36,0.14,0.72,1.01,0.19,0.42,0.19,0.19,0.37,0.73
1,0.1,0.31,0.06,0.68,0.72,0.17,0.64,0.02,0.96,0.11,-0.9,-0.31,0.13,0.12,8.36,0.14,0.72,1.01,0.19,0.42,0.19,0.19,0.37,0.73
1,0.1,0.31,0.06,0.68,0.72,0.17,0.64,0.02,0.96,0.11,-0.9,-0.31,0.13,0.12,8.36,0.14,0.72,1.01,0.19,0.42,0.19,0.19,0.37,0.73
1,0.1,0.31,0.06,0.68,0.72,0.17,0.64,0.02,0.96,0.11,-0.9,-0.31,0.13,0.12,8.36,0.14,0.72,1.01,0.19,0.42,0.19,0.19,0.37,0.73
1,0.1,0.31,0.06,0.68,0.72,0.17,0.64,0.02,0.96,0.11,-0.9,-0.31,0.13,0.12,8.36,0.14,0.72,1.01,0.19,0.42,0.19,0.19,0.37,0.73
1,0.1,0.31,0.06,0.68,0.72,0.17,0.64,0.02,0.96,0.11,-0.9,-0.31,0.13,0.12,8.36,0.14,0.72,1.01,0.19,0.42,0.19,0.19,0.37,0.73
1,0.1,0.31,0.06,0.68,0.72,0.17,0.64,0.02,0.96,0.11,-0.9,-0.31,0.13,0.12,8.36,0.14,0.72,1.01,0.19,0.42,0.19,0.19,0.37,0.73
1,0.1,0.31,0.06,0.68,0.72,0.17,0.64,0.02,0.96,0.11,-0.9,-0.31,0.13,0.12,8.36,0.14,0.72,1.01,0.19,0.42,0.19,0.19,0.37,0.73
1,0.1,0.31,0.06,0.68,0.72,0.17,0.64,0.02,0.96,0.11,-0.9,-0.31,0.13,0.12,8.36,0.14,0.72,1.01,0.19,0.42,0.19,0.19,0.37,0.73
1,0.1,0.31,0.06,0.68,0.72,0.17,0.64,0.02,0.96,0.11,-0.9,-0.31,0.13,0.12,8.36,0.14,0.72,1.01,0.19,0.42,0.19,0.19,0.37,0.73
1,0.1,0.31,0.06,0.68,0.72,0.17,0.64,0.02,0.96,0.11,-0.9,-0.31,0.13,0.12,8.36,0.14,0.72,1.01,0.19,0.42,0.19,0.19,0.37,0.73
1,0.05,0.59,0.04,0.78,0.28,0.2,0.47,0.1,0.91,0.12,1.49,-1.29,0.14,0.11,9.03,0.12,0.51,1.72,0.34,0.57,0.16,0.3,0.48,0.76
1,0.05,0.59,0.04,0.78,0.28,0.2,0.47,0.1,0.91,0.12,1.49,-1.29,0.14,0.11,9.03,0.12,0.51,1.72,0.34,0.57,0.16,0.3,0.48,0.76
1,0.05,0.59,0.04,0.78,0.28,0.2,0.47,0.1,0.91,0.12,1.49,-1.29,0.14,0.11,9.03,0.12,0.51,1.72,0.34,0.57,0.16,0.3,0.48,0.76
1,0.05,0.59,0.04,0.78,0.28,0.2,0.47,0.1,0.91,0.12,1.49,-1.29,0.14,0.11,9.03,0.12,0.51,1.72,0.34,0.57,0.16,0.3,0.48,0.76
1,0.05,0.59,0.04,0.78,0.28,0.2,0.47,0.1,0.91,0.12,1.49,-1.29,0.14,0.11,9.03,0.12,0.51,1.72,0.34,0.57,0.16,0.3,0.48,0.76
1,0.05,0.59,0.04,0.78,0.28,0.2,0.47,0.1,0.91,0.12,1.49,-1.29,0.14,0.11,9.03,0.12,0.51,1.72,0.34,0.57,0.16,0.3,0.48,0.76
1,0.05,0.59,0.04,0.78,0.28,0.2,0.47,0.1,0.91,0.12,1.49,-1.29,0.14,0.11,9.03,0.12,0.51,1.72,0.34,0.57,0.16,0.3,0.48,0.76
1,0.05,0.59,0.04,0.78,0.28,0.2,0.47,0.1,0.91,0.12,1.49,-1.29,0.14,0.11,9.03,0.12,0.51,1.72,0.34,0.57,0.16,0.3,0.48,0.76
1,0.05,0.59,0.04,0.78,0.28,0.2,0.47,0.1,0.91,0.12,1.49,-1.29,0.14,0.11,9.03,0.12,0.51,1.72,0.34,0.57,0.16,0.3,0.48,0.76
1,0.05,0.59,0.04,0.78,0.28,0.2,0.47,0.1,0.91,0.12,1.49,-1.29,0.14,0.11,9.03,0.12,0.51,1.72,0.34,0.57,0.16,0.3,0.48,0.76
1,0.05,0.59,0.04,0.78,0.28,0.2,0.47,0.1,0.91,0.12,1.49,-1.29,0.14,0.11,9.03,0.12,0.51,1.72,0.34,0.57,0.16,0.3,0.48,0.76
1,0.05,0.59,0.04,0.78,0.28,0.2,0.47,0.1,0.91,0.12,1.49,-1.29,0.14,0.11,9.03,0.12,0.51,1.72,0.34,0.57,0.16,0.3,0.48,0.76
1,0.15,0.51,0.09,0.78,0.52,0.17,0.53,0.08,0.96,0.13,0.15,-1.6,0.12,0.13,4.72,0.16,0.62,3.81,0.37,0.64,0.19,0.3,0.56,0.75
1,0.15,0.51,0.09,0.78,0.52,0.17,0.53,0.08,0.96,0.13,0.15,-1.6,0.12,0.13,4.72,0.16,0.62,3.81,0.37,0.64,0.19,0.3,0.56,0.75
1,0.15,0.51,0.09,0.78,0.52,0.17,0.53,0.08,0.96,0.13,0.15,-1.6,0.12,0.13,4.72,0.16,0.62,3.81,0.37,0.64,0.19,0.3,0.56,0.75
1,0.15,0.51,0.09,0.78,0.52,0.17,0.53,0.08,0.96,0.13,0.15,-1.6,0.12,0.13,4.72,0.16,0.62,3.81,0.37,0.64,0.19,0.3,0.56,0.75
1,0.15,0.51,0.09,0.78,0.52,0.17,0.53,0.08,0.96,0.13,0.15,-1.6,0.12,0.13,4.72,0.16,0.62,3.81,0.37,0.64,0.19,0.3,0.56,0.75
1,0.15,0.51,0.09,0.78,0.52,0.17,0.53,0.08,0.96,0.13,0.15,-1.6,0.12,0.13,4.72,0.16,0.62,3.81,0.37,0.64,0.19,0.3,0.56,0.75
1,0.15,0.51,0.09,0.78,0.52,0.17,0.53,0.08,0.96,0.13,0.15,-1.6,0.12,0.13,4.72,0.16,0.62,3.81,0.37,0.64,0.19,0.3,0.56,0.75
1,0.15,0.51,0.09,0.78,0.52,0.17,0.53,0.08,0.96,0.13,0.15,-1.6,0.12,0.13,4.72,0.16,0.62,3.81,0.37,0.64,0.19,0.3,0.56,0.75
1,0.15,0.51,0.09,0.78,0.52,0.17,0.53,0.08,0.96,0.13,0.15,-1.6,0.12,0.13,4.72,0.16,0.62,3.81,0.37,0.64,0.19,0.3,0.56,0.75
1,0.15,0.51,0.09,0.78,0.52,0.17,0.53,0.08,0.96,0.13,0.15,-1.6,0.12,0.13,4.72,0.16,0.62,3.81,0.37,0.64,0.19,0.3,0.56,0.75
1,0.15,0.51,0.09,0.78,0.52,0.17,0.53,0.08,0.96,0.13,0.15,-1.6,0.12,0.13,4.72,0.16,0.62,3.81,0.37,0.64,0.19,0.3,0.56,0.75
1,0.15,0.51,0.09,0.78,0.52,0.17,0.53,0.08,0.96,0.13,0.15,-1.6,0.12,0.13,4.72,0.16,0.62,3.81,0.37,0.64,0.19,0.3,0.56,0.75
1,0.05,0.53,0.15,0.51,0.39,0.21,0.61,0.05,0.94,0.16,0.9,0.34,0.16,0.17,3.68,0.16,0.49,1.25,0.32,0.56,0.18,0.3,0.52,0.82
1,0.05,0.53,0.15,0.51,0.39,0.21,0.61,0.05,0.94,0.16,0.9,0.34,0.16,0.17,3.68,0.16,0.49,1.25,0.32,0.56,0.18,0.3,0.52,0.82
1,0.05,0.53,0.15,0.51,0.39,0.21,0.61,0.05,0.94,0.16,0.9,0.34,0.16,0.17,3.68,0.16,0.49,1.25,0.32,0.56,0.18,0.3,0.52,0.82
1,0.05,0.53,0.15,0.51,0.39,0.21,0.61,0.05,0.94,0.16,0.9,0.34,0.16,0.17,3.68,0.16,0.49,1.25,0.32,0.56,0.18,0.3,0.52,0.82
1,0.05,0.53,0.15,0.51,0.39,0.21,0.61,0.05,0.94,0.16,0.9,0.34,0.16,0.17,3.68,0.16,0.49,1.25,0.32,0.56,0.18,0.3,0.52,0.82
1,0.05,0.53,0.15,0.51,0.39,0.21,0.61,0.05,0.94,0.16,0.9,0.34,0.16,0.17,3.68,0.16,0.49,1.25,0.32,0.56,0.18,0.3,0.52,0.82
1,0.05,0.53,0.15,0.51,0.39,0.21,0.61,0.05,0.94,0.16,0.9,0.34,0.16,0.17,3.68,0.16,0.49,1.25,0.32,0.56,0.18,0.3,0.52,0.82
1,0.05,0.53,0.15,0.51,0.39,0.21,0.61,0.05,0.94,0.16,0.9,0.34,0.16,0.17,3.68,0.16,0.49,1.25,0.32,0.56,0.18,0.3,0.52,0.82
1,0.05,0.53,0.15,0.51,0.39,0.21,0.61,0.05,0.94,0.16,0.9,0.34,0.16,0.17,3.68,0.16,0.49,1.25,0.32,0.56,0.18,0.3,0.52,0.82
1,0.05,0.53,0.15,0.51,0.39,0.21,0.61,0.05,0.94,0.16,0.9,0.34,0.16,0.17,3.68,0.16,0.49,1.25,0.32,0.56,0.18,0.3,0.52,0.82
1,0.05,0.53,0.15,0.51,0.39,0.21,0.61,0.05,0.94,0.16,0.9,0.34,0.16,0.17,3.68,0.16,0.49,1.25,0.32,0.56,0.18,0.3,0.52,0.82
1,0.05,0.53,0.15,0.51,0.39,0.21,0.61,0.05,0.94,0.16,0.9,0.34,0.16,0.17,3.68,0.16,0.49,1.25,0.32,0.56,0.18,0.3,0.52,0.82
1,0.55,0.57,0.14,0.57,0.39,0.15,0.43,0.08,0.95,0.15,0.39,-1.12,0.13,0.13,0.87,0.12,0.34,0.4,0.25,0.45,0.16,0.26,0.48,0.66
1,0.55,0.57,0.14,0.57,0.39,0.15,0.43,0.08,0.95,0.15,0.39,-1.12,0.13,0.13,0.87,0.12,0.34,0.4,0.25,0.45,0.16,0.26,0.48,0.66
1,0.55,0.57,0.14,0.57,0.39,0.15,0.43,0.08,0.95,0.15,0.39,-1.12,0.13,0.13,0.87,0.12,0.34,0.4,0.25,0.45,0.16,0.26,0.48,0.66
1,0.55,0.57,0.14,0.57,0.39,0.15,0.43,0.08,0.95,0.15,0.39,-1.12,0.13,0.13,0.87,0.12,0.34,0.4,0.25,0.45,0.16,0.26,0.48,0.66
1,0.55,0.57,0.14,0.57,0.39,0.15,0.43,0.08,0.95,0.15,0.39,-1.12,0.13,0.13,0.87,0.12,0.34,0.4,0.25,0.45,0.16,0.26,0.48,0.66
1,0.55,0.57,0.14,0.57,0.39,0.15,0.43,0.08,0.95,0.15,0.39,-1.12,0.13,0.13,0.87,0.12,0.34,0.4,0.25,0.45,0.16,0.26,0.48,0.66
1,0.55,0.57,0.14,0.57,0.39,0.15,0.43,0.08,0.95,0.15,0.39,-1.12,0.13,0.13,0.87,0.12,0.34,0.4,0.25,0.45,0.16,0.26,0.48,0.66
1,0.55,0.57,0.14,0.57,0.39,0.15,0.43,0.08,0.95,0.15,0.39,-1.12,0.13,0.13,0.87,0.12,0.34,0.4,0.25,0.45,0.16,0.26,0.48,0.66
1,0.55,0.57,0.14,0.57,0.39,0.15,0.43,0.08,0.95,0.15,0.39,-1.12,0.13,0.13,0.87,0.12,0.34,0.4,0.25,0.45,0.16,0.26,0.48,0.66
1,0.55,0.57,0.14,0.57,0.39,0.15,0.43,0.08,0.95,0.15,0.39,-1.12,0.13,0.13,0.87,0.12,0.34,0.4,0.25,0.45,0.16,0.26,0.48,0.66
1,0.55,0.57,0.14,0.57,0.39,0.15,0.43,0.08,0.95,0.15,0.39,-1.12,0.13,0.13,0.87,0.12,0.34,0.4,0.25,0.45,0.16,0.26,0.48,0.66
1,0.55,0.57,0.14,0.57,0.39,0.15,0.43,0.08,0.95,0.15,0.39,-1.12,0.13,0.13,0.87,0.12,0.34,0.4,0.25,0.45,0.16,0.26,0.48,0.66
1,0.08,0.46,0.26,0.47,0.48,0.13,0.72,0.02,0.98,0.12,-0.22,0.1,0.15,0.17,0.94,0.13,0.35,0.56,0.3,0.59,0.16,0.3,0.6,0.9
1,0.08,0.46,0.26,0.47,0.48,0.13,0.72,0.02,0.98,0.12,-0.22,0.1,0.15,0.17,0.94,0.13,0.35,0.56,0.3,0.59,0.16,0.3,0.6,0.9
1,0.08,0.46,0.26,0.47,0.48,0.13,0.72,0.02,0.98,0.12,-0.22,0.1,0.15,0.17,0.94,0.13,0.35,0.56,0.3,0.59,0.16,0.3,0.6,0.9
1,0.08,0.46,0.26,0.47,0.48,0.13,0.72,0.02,0.98,0.12,-0.22,0.1,0.15,0.17,0.94,0.13,0.35,0.56,0.3,0.59,0.16,0.3,0.6,0.9
1,0.08,0.46,0.26,0.47,0.48,0.13,0.72,0.02,0.98,0.12,-0.22,0.1,0.15,0.17,0.94,0.13,0.35,0.56,0.3,0.59,0.16,0.3,0.6,0.9
1,0.08,0.46,0.26,0.47,0.48,0.13,0.72,0.02,0.98,0.12,-0.22,0.1,0.15,0.17,0.94,0.13,0.35,0.56,0.3,0.59,0.16,0.3,0.6,0.9
1,0.08,0.46,0.26,0.47,0.48,0.13,0.72,0.02,0.98,0.12,-0.22,0.1,0.15,0.17,0.94,0.13,0.35,0.56,0.3,0.59,0.16,0.3,0.6,0.9
1,0.08,0.46,0.26,0.47,0.48,0.13,0.72,0.02,0.98,0.12,-0.22,0.1,0.15,0.17,0.94,0.13,0.35,0.56,0.3,0.59,0.16,0.3,0.6,0.9
1,0.08,0.46,0.26,0.47,0.48,0.13,0.72,0.02,0.98,0.12,-0.22,0.1,0.15,0.17,0.94,0.13,0.35,0.56,0.3,0.59,0.16,0.3,0.6,0.9
1,0.08,0.46,0.26,0.47,0.48,0.13,0.72,0.02,0.98,0.12,-0.22,0.1,0.15,0.17,0.94,0.13,0.35,0.56,0.3,0.59,0.16,0.3,0.6,0.9
1,0.08,0.46,0.26,0.47,0.48,0.13,0.72,0.02,0.98,0.12,-0.22,0.1,0.15,0.17,0.94,0.13,0.35,0.56,0.3,0.59,0.16,0.3,0.6,0.9
1,0.08,0.46,0.26,0.47,0.48,0.13,0.72,0.02,0.98,0.12,-0.22,0.1,0.15,0.17,0.94,0.13,0.35,0.56,0.3,0.59,0.16,0.3,0.6,0.9
1,0.08,0.38,0.26,0.37,0.47,0.13,0.61,0.06,0.94,0.13,-0.14,0.33,0.15,0.15,0.4,0.13,0.27,0.31,0.26,0.69,0.15,0.26,0.69,0.9
1,0.08,0.38,0.26,0.37,0.47,0.13,0.61,0.06,0.94,0.13,-0.14,0.33,0.15,0.15,0.4,0.13,0.27,0.31,0.26,0.69,0.15,0.26,0.69,0.9
1,0.08,0.38,0.26,0.37,0.47,0.13,0.61,0.06,0.94,0.13,-0.14,0.33,0.15,0.15,0.4,0.13,0.27,0.31,0.26,0.69,0.15,0.26,0.69,0.9
1,0.08,0.38,0.26,0.37,0.47,0.13,0.61,0.06,0.94,0.13,-0.14,0.33,0.15,0.15,0.4,0.13,0.27,0.31,0.26,0.69,0.15,0.26,0.69,0.9
1,0.08,0.38,0.26,0.37,0.47,0.13,0.61,0.06,0.94,0.13,-0.14,0.33,0.15,0.15,0.4,0.13,0.27,0.31,0.26,0.69,0.15,0.26,0.69,0.9
1,0.08,0.38,0.26,0.37,0.47,0.13,0.61,0.06,0.94,0.13,-0.14,0.33,0.15,0.15,0.4,0.13,0.27,0.31,0.26,0.69,0.15,0.26,0.69,0.9
1,0.08,0.38,0.26,0.37,0.47,0.13,0.61,0.06,0.94,0.13,-0.14,0.33,0.15,0.15,0.4,0.13,0.27,0.31,0.26,0.69,0.15,0.26,0.69,0.9
1,0.08,0.38,0.26,0.37,0.47,0.13,0.61,0.06,0.94,0.13,-0.14,0.33,0.15,0.15,0.4,0.13,0.27,0.31,0.26,0.69,0.15,0.26,0.69,0.9
1,0.08,0.38,0.26,0.37,0.47,0.13,0.61,0.06,0.94,0.13,-0.14,0.33,0.15,0.15,0.4,0.13,0.27,0.31,0.26,0.69,0.15,0.26,0.69,0.9
1,0.08,0.38,0.26,0.37,0.47,0.13,0.61,0.06,0.94,0.13,-0.14,0.33,0.15,0.15,0.4,0.13,0.27,0.31,0.26,0.69,0.15,0.26,0.69,0.9
1,0.08,0.38,0.26,0.37,0.47,0.13,0.61,0.06,0.94,0.13,-0.14,0.33,0.15,0.15,0.4,0.13,0.27,0.31,0.26,0.69,0.15,0.26,0.69,0.9
1,0.08,0.38,0.26,0.37,0.47,0.13,0.61,0.06,0.94,0.13,-0.14,0.33,0.15,0.15,0.4,0.13,0.27,0.31,0.26,0.69,0.15,0.26,0.69,0.9
1,0.51,0.46,0.15,0.42,0.3,0.15,0.8,0.08,0.93,0.16,1.48,0.68,0.1,0.1,7.38,0.19,0.35,1.19,0.31,0.85,0.19,0.27,0.82,0.91
1,0.51,0.46,0.15,0.42,0.3,0.15,0.8,0.08,0.93,0.16,1.48,0.68,0.1,0.1,7.38,0.19,0.35,1.19,0.31,0.85,0.19,0.27,0.82,0.91
1,0.51,0.46,0.15,0.42,0.3,0.15,0.8,0.08,0.93,0.16,1.48,0.68,0.1,0.1,7.38,0.19,0.35,1.19,0.31,0.85,0.19,0.27,0.82,0.91
1,0.51,0.46,0.15,0.42,0.3,0.15,0.8,0.08,0.93,0.16,1.48,0.68,0.1,0.1,7.38,0.19,0.35,1.19,0.31,0.85,0.19,0.27,0.82,0.91
1,0.51,0.46,0.15,0.42,0.3,0.15,0.8,0.08,0.93,0.16,1.48,0.68,0.1,0.1,7.38,0.19,0.35,1.19,0.31,0.85,0.19,0.27,0.82,0.91
1,0.51,0.46,0.15,0.42,0.3,0.15,0.8,0.08,0.93,0.16,1.48,0.68,0.1,0.1,7.38,0.19,0.35,1.19,0.31,0.85,0.19,0.27,0.82,0.91
1,0.51,0.46,0.15,0.42,0.3,0.15,0.8,0.08,0.93,0.16,1.48,0.68,0.1,0.1,7.38,0.19,0.35,1.19,0.31,0.85,0.19,0.27,0.82,0.91
1,0.51,0.46,0.15,0.42,0.3,0.15,0.8,0.08,0.93,0.16,1.48,0.68,0.1,0.1,7.38,0.19,0.35,1.19,0.31,0.85,0.19,0.27,0.82,0.91
1,0.51,0.46,0.15,0.42,0.3,0.15,0.8,0.08,0.93,0.16,1.48,0.68,0.1,0.1,7.38,0.19,0.35,1.19,0.31,0.85,0.19,0.27,0.82,0.91
1,0.51,0.46,0.15,0.42,0.3,0.15,0.8,0.08,0.93,0.16,1.48,0.68,0.1,0.1,7.38,0.19,0.35,1.19,0.31,0.85,0.19,0.27,0.82,0.91
1,0.51,0.46,0.15,0.42,0.3,0.15,0.8,0.08,0.93,0.16,1.48,0.68,0.1,0.1,7.38,0.19,0.35,1.19,0.31,0.85,0.19,0.27,0.82,0.91
1,0.51,0.46,0.15,0.42,0.3,0.15,0.8,0.08,0.93,0.16,1.48,0.68,0.1,0.1,7.38,0.19,0.35,1.19,0.31,0.85,0.19,0.27,0.82,0.91
1,0.05,0.51,0.02,0.84,0.74,0.23,0.85,0.06,0.95,0.06,0.78,-0.11,0.07,0.06,1.04,0.04,0.53,0.38,0.28,0.83,0.08,0.24,0.8,0.97
1,0.05,0.51,0.02,0.84,0.74,0.23,0.85,0.06,0.95,0.06,0.78,-0.11,0.07,0.06,1.04,0.04,0.53,0.38,0.28,0.83,0.08,0.24,0.8,0.97
1,0.05,0.51,0.02,0.84,0.74,0.23,0.85,0.06,0.95,0.06,0.78,-0.11,0.07,0.06,1.04,0.04,0.53,0.38,0.28,0.83,0.08,0.24,0.8,0.97
1,0.05,0.51,0.02,0.84,0.74,0.23,0.85,0.06,0.95,0.06,0.78,-0.11,0.07,0.06,1.04,0.04,0.53,0.38,0.28,0.83,0.08,0.24,0.8,0.97
1,0.05,0.51,0.02,0.84,0.74,0.23,0.85,0.06,0.95,0.06,0.78,-0.11,0.07,0.06,1.04,0.04,0.53,0.38,0.28,0.83,0.08,0.24,0.8,0.97
1,0.05,0.51,0.02,0.84,0.74,0.23,0.85,0.06,0.95,0.06,0.78,-0.11,0.07,0.06,1.04,0.04,0.53,0.38,0.28,0.83,0.08,0.24,0.8,0.97
1,0.05,0.51,0.02,0.84,0.74,0.23,0.85,0.06,0.95,0.06,0.78,-0.11,0.07,0.06,1.04,0.04,0.53,0.38,0.28,0.83,0.08,0.24,0.8,0.97
1,0.05,0.51,0.02,0.84,0.74,0.23,0.85,0.06,0.95,0.06,0.78,-0.11,0.07,0.06,1.04,0.04,0.53,0.38,0.28,0.83,0.08,0.24,0.8,0.97
1,0.05,0.51,0.02,0.84,0.74,0.23,0.85,0.06,0.95,0.06,0.78,-0.11,0.07,0.06,1.04,0.04,0.53,0.38,0.28,0.83,0.08,0.24,0.8,0.97
1,0.05,0.51,0.02,0.84,0.74,0.23,0.85,0.06,0.95,0.06,0.78,-0.11,0.07,0.06,1.04,0.04,0.53,0.38,0.28,0.83,0.08,0.24,0.8,0.97
1,0.05,0.51,0.02,0.84,0.74,0.23,0.85,0.06,0.95,0.06,0.78,-0.11,0.07,0.06,1.04,0.04,0.53,0.38,0.28,0.83,0.08,0.24,0.8,0.97
1,0.05,0.51,0.02,0.84,0.74,0.23,0.85,0.06,0.95,0.06,0.78,-0.11,0.07,0.06,1.04,0.04,0.53,0.38,0.28,0.83,0.08,0.24,0.8,0.97
1,0.08,0.54,0.13,0.71,0.57,0.18,0.5,0.17,0.86,0.14,-0.88,-2.52,0.19,0.19,7.47,0.11,0.67,20.98,0.31,0.61,0.13,0.26,0.52,0.79
1,0.08,0.54,0.13,0.71,0.57,0.18,0.5,0.17,0.86,0.14,-0.88,-2.52,0.19,0.19,7.47,0.11,0.67,20.98,0.31,0.61,0.13,0.26,0.52,0.79
1,0.08,0.54,0.13,0.71,0.57,0.18,0.5,0.17,0.86,0.14,-0.88,-2.52,0.19,0.19,7.47,0.11,0.67,20.98,0.31,0.61,0.13,0.26,0.52,0.79
1,0.08,0.54,0.13,0.71,0.57,0.18,0.5,0.17,0.86,0.14,-0.88,-2.52,0.19,0.19,7.47,0.11,0.67,20.98,0.31,0.61,0.13,0.26,0.52,0.79
1,0.08,0.54,0.13,0.71,0.57,0.18,0.5,0.17,0.86,0.14,-0.88,-2.52,0.19,0.19,7.47,0.11,0.67,20.98,0.31,0.61,0.13,0.26,0.52,0.79
1,0.08,0.54,0.13,0.71,0.57,0.18,0.5,0.17,0.86,0.14,-0.88,-2.52,0.19,0.19,7.47,0.11,0.67,20.98,0.31,0.61,0.13,0.26,0.52,0.79
1,0.08,0.54,0.13,0.71,0.57,0.18,0.5,0.17,0.86,0.14,-0.88,-2.52,0.19,0.19,7.47,0.11,0.67,20.98,0.31,0.61,0.13,0.26,0.52,0.79
1,0.08,0.54,0.13,0.71,0.57,0.18,0.5,0.17,0.86,0.14,-0.88,-2.52,0.19,0.19,7.47,0.11,0.67,20.98,0.31,0.61,0.13,0.26,0.52,0.79
1,0.08,0.54,0.13,0.71,0.57,0.18,0.5,0.17,0.86,0.14,-0.88,-2.52,0.19,0.19,7.47,0.11,0.67,20.98,0.31,0.61,0.13,0.26,0.52,0.79
1,0.08,0.54,0.13,0.71,0.57,0.18,0.5,0.17,0.86,0.14,-0.88,-2.52,0.19,0.19,7.47,0.11,0.67,20.98,0.31,0.61,0.13,0.26,0.52,0.79
1,0.08,0.54,0.13,0.71,0.57,0.18,0.5,0.17,0.86,0.14,-0.88,-2.52,0.19,0.19,7.47,0.11,0.67,20.98,0.31,0.61,0.13,0.26,0.52,0.79
1,0.08,0.54,0.13,0.71,0.57,0.18,0.5,0.17,0.86,0.14,-0.88,-2.52,0.19,0.19,7.47,0.11,0.67,20.98,0.31,0.61,0.13,0.26,0.52,0.79
1,0.53,0.51,0.22,0.5,0.55,0.2,0.81,0.01,0.99,0.22,-0.19,-0.36,0.15,0.14,0.31,0.13,0.28,2.19,0.29,0.8,0.21,0.29,0.8,0.92
1,0.53,0.51,0.22,0.5,0.55,0.2,0.81,0.01,0.99,0.22,-0.19,-0.36,0.15,0.14,0.31,0.13,0.28,2.19,0.29,0.8,0.21,0.29,0.8,0.92
1,0.53,0.51,0.22,0.5,0.55,0.2,0.81,0.01,0.99,0.22,-0.19,-0.36,0.15,0.14,0.31,0.13,0.28,2.19,0.29,0.8,0.21,0.29,0.8,0.92
1,0.53,0.51,0.22,0.5,0.55,0.2,0.81,0.01,0.99,0.22,-0.19,-0.36,0.15,0.14,0.31,0.13,0.28,2.19,0.29,0.8,0.21,0.29,0.8,0.92
1,0.53,0.51,0.22,0.5,0.55,0.2,0.81,0.01,0.99,0.22,-0.19,-0.36,0.15,0.14,0.31,0.13,0.28,2.19,0.29,0.8,0.21,0.29,0.8,0.92
1,0.53,0.51,0.22,0.5,0.55,0.2,0.81,0.01,0.99,0.22,-0.19,-0.36,0.15,0.14,0.31,0.13,0.28,2.19,0.29,0.8,0.21,0.29,0.8,0.92
1,0.53,0.51,0.22,0.5,0.55,0.2,0.81,0.01,0.99,0.22,-0.19,-0.36,0.15,0.14,0.31,0.13,0.28,2.19,0.29,0.8,0.21,0.29,0.8,0.92
1,0.53,0.51,0.22,0.5,0.55,0.2,0.81,0.01,0.99,0.22,-0.19,-0.36,0.15,0.14,0.31,0.13,0.28,2.19,0.29,0.8,0.21,0.29,0.8,0.92
1,0.53,0.51,0.22,0.5,0.55,0.2,0.81,0.01,0.99,0.22,-0.19,-0.36,0.15,0.14,0.31,0.13,0.28,2.19,0.29,0.8,0.21,0.29,0.8,0.92
1,0.53,0.51,0.22,0.5,0.55,0.2,0.81,0.01,0.99,0.22,-0.19,-0.36,0.15,0.14,0.31,0.13,0.28,2.19,0.29,0.8,0.21,0.29,0.8,0.92
1,0.53,0.51,0.22,0.5,0.55,0.2,0.81,0.01,0.99,0.22,-0.19,-0.36,0.15,0.14,0.31,0.13,0.28,2.19,0.29,0.8,0.21,0.29,0.8,0.92
1,0.53,0.51,0.22,0.5,0.55,0.2,0.81,0.01,0.99,0.22,-0.19,-0.36,0.15,0.14,0.31,0.13,0.28,2.19,0.29,0.8,0.21,0.29,0.8,0.92
1,0.43,0.37,0.2,0.43,0.47,0.19,0.78,0.06,0.95,0.23,0.41,0.39,0.18,0.18,1.07,0.15,0.26,3.6,0.29,0.84,0.22,0.28,0.83,0.94
1,0.43,0.37,0.2,0.43,0.47,0.19,0.78,0.06,0.95,0.23,0.41,0.39,0.18,0.18,1.07,0.15,0.26,3.6,0.29,0.84,0.22,0.28,0.83,0.94
1,0.43,0.37,0.2,0.43,0.47,0.19,0.78,0.06,0.95,0.23,0.41,0.39,0.18,0.18,1.07,0.15,0.26,3.6,0.29,0.84,0.22,0.28,0.83,0.94
1,0.43,0.37,0.2,0.43,0.47,0.19,0.78,0.06,0.95,0.23,0.41,0.39,0.18,0.18,1.07,0.15,0.26,3.6,0.29,0.84,0.22,0.28,0.83,0.94
1,0.43,0.37,0.2,0.43,0.47,0.19,0.78,0.06,0.95,0.23,0.41,0.39,0.18,0.18,1.07,0.15,0.26,3.6,0.29,0.84,0.22,0.28,0.83,0.94
1,0.43,0.37,0.2,0.43,0.47,0.19,0.78,0.06,0.95,0.23,0.41,0.39,0.18,0.18,1.07,0.15,0.26,3.6,0.29,0.84,0.22,0.28,0.83,0.94
1,0.43,0.37,0.2,0.43,0.47,0.19,0.78,0.06,0.95,0.23,0.41,0.39,0.18,0.18,1.07,0.15,0.26,3.6,0.29,0.84,0.22,0.28,0.83,0.94
1,0.43,0.37,0.2,0.43,0.47,0.19,0.78,0.06,0.95,0.23,0.41,0.39,0.18,0.18,1.07,0.15,0.26,3.6,0.29,0.84,0.22,0.28,0.83,0.94
1,0.43,0.37,0.2,0.43,0.47,0.19,0.78,0.06,0.95,0.23,0.41,0.39,0.18,0.18,1.07,0.15,0.26,3.6,0.29,0.84,0.22,0.28,0.83,0.94
1,0.43,0.37,0.2,0.43,0.47,0.19,0.78,0.06,0.95,0.23,0.41,0.39,0.18,0.18,1.07,0.15,0.26,3.6,0.29,0.84,0.22,0.28,0.83,0.94
1,0.43,0.37,0.2,0.43,0.47,0.19,0.78,0.06,0.95,0.23,0.41,0.39,0.18,0.18,1.07,0.15,0.26,3.6,0.29,0.84,0.22,0.28,0.83,0.94
1,0.43,0.37,0.2,0.43,0.47,0.19,0.78,0.06,0.95,0.23,0.41,0.39,0.18,0.18,1.07,0.15,0.26,3.6,0.29,0.84,0.22,0.28,0.83,0.94
1,0.32,0.39,0.45,0.41,0.57,0.16,0.56,0.11,0.94,0.18,0.63,0.34,0.17,0.15,3.82,0.14,0.23,2.3,0.27,0.58,0.11,0.27,0.58,0.74
1,0.32,0.39,0.45,0.41,0.57,0.16,0.56,0.11,0.94,0.18,0.63,0.34,0.17,0.15,3.82,0.14,0.23,2.3,0.27,0.58,0.11,0.27,0.58,0.74
1,0.32,0.39,0.45,0.41,0.57,0.16,0.56,0.11,0.94,0.18,0.63,0.34,0.17,0.15,3.82,0.14,0.23,2.3,0.27,0.58,0.11,0.27,0.58,0.74
1,0.32,0.39,0.45,0.41,0.57,0.16,0.56,0.11,0.94,0.18,0.63,0.34,0.17,0.15,3.82,0.14,0.23,2.3,0.27,0.58,0.11,0.27,0.58,0.74
1,0.32,0.39,0.45,0.41,0.57,0.16,0.56,0.11,0.94,0.18,0.63,0.34,0.17,0.15,3.82,0.14,0.23,2.3,0.27,0.58,0.11,0.27,0.58,0.74
1,0.32,0.39,0.45,0.41,0.57,0.16,0.56,0.11,0.94,0.18,0.63,0.34,0.17,0.15,3.82,0.14,0.23,2.3,0.27,0.58,0.11,0.27,0.58,0.74
1,0.32,0.39,0.45,0.41,0.57,0.16,0.56,0.11,0.94,0.18,0.63,0.34,0.17,0.15,3.82,0.14,0.23,2.3,0.27,0.58,0.11,0.27,0.58,0.74
1,0.32,0.39,0.45,0.41,0.57,0.16,0.56,0.11,0.94,0.18,0.63,0.34,0.17,0.15,3.82,0.14,0.23,2.3,0.27,0.58,0.11,0.27,0.58,0.74
1,0.32,0.39,0.45,0.41,0.57,0.16,0.56,0.11,0.94,0.18,0.63,0.34,0.17,0.15,3.82,0.14,0.23,2.3,0.27,0.58,0.11,0.27,0.58,0.74
1,0.32,0.39,0.45,0.41,0.57,0.16,0.56,0.11,0.94,0.18,0.63,0.34,0.17,0.15,3.82,0.14,0.23,2.3,0.27,0.58,0.11,0.27,0.58,0.74
1,0.32,0.39,0.45,0.41,0.57,0.16,0.56,0.11,0.94,0.18,0.63,0.34,0.17,0.15,3.82,0.14,0.23,2.3,0.27,0.58,0.11,0.27,0.58,0.74
1,0.32,0.39,0.45,0.41,0.57,0.16,0.56,0.11,0.94,0.18,0.63,0.34,0.17,0.15,3.82,0.14,0.23,2.3,0.27,0.58,0.11,0.27,0.58,0.74
1,0.39,0.41,0.17,0.57,0.46,0.17,0.58,0.05,0.97,0.19,0.08,-0.47,0.16,0.16,4.85,0.17,0.46,0.5,0.34,0.76,0.22,0.32,0.75,0.91
1,0.39,0.41,0.17,0.57,0.46,0.17,0.58,0.05,0.97,0.19,0.08,-0.47,0.16,0.16,4.85,0.17,0.46,0.5,0.34,0.76,0.22,0.32,0.75,0.91
1,0.39,0.41,0.17,0.57,0.46,0.17,0.58,0.05,0.97,0.19,0.08,-0.47,0.16,0.16,4.85,0.17,0.46,0.5,0.34,0.76,0.22,0.32,0.75,0.91
1,0.39,0.41,0.17,0.57,0.46,0.17,0.58,0.05,0.97,0.19,0.08,-0.47,0.16,0.16,4.85,0.17,0.46,0.5,0.34,0.76,0.22,0.32,0.75,0.91
1,0.39,0.41,0.17,0.57,0.46,0.17,0.58,0.05,0.97,0.19,0.08,-0.47,0.16,0.16,4.85,0.17,0.46,0.5,0.34,0.76,0.22,0.32,0.75,0.91
1,0.39,0.41,0.17,0.57,0.46,0.17,0.58,0.05,0.97,0.19,0.08,-0.47,0.16,0.16,4.85,0.17,0.46,0.5,0.34,0.76,0.22,0.32,0.75,0.91
1,0.39,0.41,0.17,0.57,0.46,0.17,0.58,0.05,0.97,0.19,0.08,-0.47,0.16,0.16,4.85,0.17,0.46,0.5,0.34,0.76,0.22,0.32,0.75,0.91
1,0.39,0.41,0.17,0.57,0.46,0.17,0.58,0.05,0.97,0.19,0.08,-0.47,0.16,0.16,4.85,0.17,0.46,0.5,0.34,0.76,0.22,0.32,0.75,0.91
1,0.39,0.41,0.17,0.57,0.46,0.17,0.58,0.05,0.97,0.19,0.08,-0.47,0.16,0.16,4.85,0.17,0.46,0.5,0.34,0.76,0.22,0.32,0.75,0.91
1,0.39,0.41,0.17,0.57,0.46,0.17,0.58,0.05,0.97,0.19,0.08,-0.47,0.16,0.16,4.85,0.17,0.46,0.5,0.34,0.76,0.22,0.32,0.75,0.91
1,0.39,0.41,0.17,0.57,0.46,0.17,0.58,0.05,0.97,0.19,0.08,-0.47,0.16,0.16,4.85,0.17,0.46,0.5,0.34,0.76,0.22,0.32,0.75,0.91
1,0.39,0.41,0.17,0.57,0.46,0.17,0.58,0.05,0.97,0.19,0.08,-0.47,0.16,0.16,4.85,0.17,0.46,0.5,0.34,0.76,0.22,0.32,0.75,0.91
1,0.06,0.46,0.15,0.59,0.59,0.2,0.55,0.32,0.87,0.2,-0.88,-0.9,0.19,0.23,22.12,0.09,0.37,4.76,0.32,0.51,0.22,0.31,0.48,0.71
1,0.06,0.46,0.15,0.59,0.59,0.2,0.55,0.32,0.87,0.2,-0.88,-0.9,0.19,0.23,22.12,0.09,0.37,4.76,0.32,0.51,0.22,0.31,0.48,0.71
1,0.06,0.46,0.15,0.59,0.59,0.2,0.55,0.32,0.87,0.2,-0.88,-0.9,0.19,0.23,22.12,0.09,0.37,4.76,0.32,0.51,0.22,0.31,0.48,0.71
1,0.06,0.46,0.15,0.59,0.59,0.2,0.55,0.32,0.87,0.2,-0.88,-0.9,0.19,0.23,22.12,0.09,0.37,4.76,0.32,0.51,0.22,0.31,0.48,0.71
1,0.06,0.46,0.15,0.59,0.59,0.2,0.55,0.32,0.87,0.2,-0.88,-0.9,0.19,0.23,22.12,0.09,0.37,4.76,0.32,0.51,0.22,0.31,0.48,0.71
1,0.06,0.46,0.15,0.59,0.59,0.2,0.55,0.32,0.87,0.2,-0.88,-0.9,0.19,0.23,22.12,0.09,0.37,4.76,0.32,0.51,0.22,0.31,0.48,0.71
1,0.06,0.46,0.15,0.59,0.59,0.2,0.55,0.32,0.87,0.2,-0.88,-0.9,0.19,0.23,22.12,0.09,0.37,4.76,0.32,0.51,0.22,0.31,0.48,0.71
1,0.06,0.46,0.15,0.59,0.59,0.2,0.55,0.32,0.87,0.2,-0.88,-0.9,0.19,0.23,22.12,0.09,0.37,4.76,0.32,0.51,0.22,0.31,0.48,0.71
1,0.06,0.46,0.15,0.59,0.59,0.2,0.55,0.32,0.87,0.2,-0.88,-0.9,0.19,0.23,22.12,0.09,0.37,4.76,0.32,0.51,0.22,0.31,0.48,0.71
1,0.06,0.46,0.15,0.59,0.59,0.2,0.55,0.32,0.87,0.2,-0.88,-0.9,0.19,0.23,22.12,0.09,0.37,4.76,0.32,0.51,0.22,0.31,0.48,0.71
1,0.06,0.46,0.15,0.59,0.59,0.2,0.55,0.32,0.87,0.2,-0.88,-0.9,0.19,0.23,22.12,0.09,0.37,4.76,0.32,0.51,0.22,0.31,0.48,0.71
1,0.06,0.46,0.15,0.59,0.59,0.2,0.55,0.32,0.87,0.2,-0.88,-0.9,0.19,0.23,22.12,0.09,0.37,4.76,0.32,0.51,0.22,0.31,0.48,0.71
1,0.34,0.5,0.47,0.77,0.82,0.18,0.59,0.11,0.96,0.08,-0.94,-0.54,0.11,0.09,1.25,0.11,0.57,1.33,0.38,0.62,0.1,0.4,0.64,0.83
1,0.34,0.5,0.47,0.77,0.82,0.18,0.59,0.11,0.96,0.08,-0.94,-0.54,0.11,0.09,1.25,0.11,0.57,1.33,0.38,0.62,0.1,0.4,0.64,0.83
1,0.34,0.5,0.47,0.77,0.82,0.18,0.59,0.11,0.96,0.08,-0.94,-0.54,0.11,0.09,1.25,0.11,0.57,1.33,0.38,0.62,0.1,0.4,0.64,0.83
1,0.34,0.5,0.47,0.77,0.82,0.18,0.59,0.11,0.96,0.08,-0.94,-0.54,0.11,0.09,1.25,0.11,0.57,1.33,0.38,0.62,0.1,0.4,0.64,0.83
1,0.34,0.5,0.47,0.77,0.82,0.18,0.59,0.11,0.96,0.08,-0.94,-0.54,0.11,0.09,1.25,0.11,0.57,1.33,0.38,0.62,0.1,0.4,0.64,0.83
1,0.34,0.5,0.47,0.77,0.82,0.18,0.59,0.11,0.96,0.08,-0.94,-0.54,0.11,0.09,1.25,0.11,0.57,1.33,0.38,0.62,0.1,0.4,0.64,0.83
1,0.34,0.5,0.47,0.77,0.82,0.18,0.59,0.11,0.96,0.08,-0.94,-0.54,0.11,0.09,1.25,0.11,0.57,1.33,0.38,0.62,0.1,0.4,0.64,0.83
1,0.34,0.5,0.47,0.77,0.82,0.18,0.59,0.11,0.96,0.08,-0.94,-0.54,0.11,0.09,1.25,0.11,0.57,1.33,0.38,0.62,0.1,0.4,0.64,0.83
1,0.34,0.5,0.47,0.77,0.82,0.18,0.59,0.11,0.96,0.08,-0.94,-0.54,0.11,0.09,1.25,0.11,0.57,1.33,0.38,0.62,0.1,0.4,0.64,0.83
1,0.34,0.5,0.47,0.77,0.82,0.18,0.59,0.11,0.96,0.08,-0.94,-0.54,0.11,0.09,1.25,0.11,0.57,1.33,0.38,0.62,0.1,0.4,0.64,0.83
1,0.34,0.5,0.47,0.77,0.82,0.18,0.59,0.11,0.96,0.08,-0.94,-0.54,0.11,0.09,1.25,0.11,0.57,1.33,0.38,0.62,0.1,0.4,0.64,0.83
1,0.34,0.5,0.47,0.77,0.82,0.18,0.59,0.11,0.96,0.08,-0.94,-0.54,0.11,0.09,1.25,0.11,0.57,1.33,0.38,0.62,0.1,0.4,0.64,0.83
1,0.04,0.43,0.07,0.68,0.63,0.15,0.56,0.14,0.91,0.1,-0.49,-1.97,0.15,0.15,12.01,0.09,0.44,6.68,0.26,0.65,0.14,0.24,0.6,0.9
1,0.04,0.43,0.07,0.68,0.63,0.15,0.56,0.14,0.91,0.1,-0.49,-1.97,0.15,0.15,12.01,0.09,0.44,6.68,0.26,0.65,0.14,0.24,0.6,0.9
1,0.04,0.43,0.07,0.68,0.63,0.15,0.56,0.14,0.91,0.1,-0.49,-1.97,0.15,0.15,12.01,0.09,0.44,6.68,0.26,0.65,0.14,0.24,0.6,0.9
1,0.04,0.43,0.07,0.68,0.63,0.15,0.56,0.14,0.91,0.1,-0.49,-1.97,0.15,0.15,12.01,0.09,0.44,6.68,0.26,0.65,0.14,0.24,0.6,0.9
1,0.04,0.43,0.07,0.68,0.63,0.15,0.56,0.14,0.91,0.1,-0.49,-1.97,0.15,0.15,12.01,0.09,0.44,6.68,0.26,0.65,0.14,0.24,0.6,0.9
1,0.04,0.43,0.07,0.68,0.63,0.15,0.56,0.14,0.91,0.1,-0.49,-1.97,0.15,0.15,12.01,0.09,0.44,6.68,0.26,0.65,0.14,0.24,0.6,0.9
1,0.04,0.43,0.07,0.68,0.63,0.15,0.56,0.14,0.91,0.1,-0.49,-1.97,0.15,0.15,12.01,0.09,0.44,6.68,0.26,0.65,0.14,0.24,0.6,0.9
1,0.04,0.43,0.07,0.68,0.63,0.15,0.56,0.14,0.91,0.1,-0.49,-1.97,0.15,0.15,12.01,0.09,0.44,6.68,0.26,0.65,0.14,0.24,0.6,0.9
1,0.04,0.43,0.07,0.68,0.63,0.15,0.56,0.14,0.91,0.1,-0.49,-1.97,0.15,0.15,12.01,0.09,0.44,6.68,0.26,0.65,0.14,0.24,0.6,0.9
1,0.04,0.43,0.07,0.68,0.63,0.15,0.56,0.14,0.91,0.1,-0.49,-1.97,0.15,0.15,12.01,0.09,0.44,6.68,0.26,0.65,0.14,0.24,0.6,0.9
1,0.04,0.43,0.07,0.68,0.63,0.15,0.56,0.14,0.91,0.1,-0.49,-1.97,0.15,0.15,12.01,0.09,0.44,6.68,0.26,0.65,0.14,0.24,0.6,0.9
1,0.04,0.43,0.07,0.68,0.63,0.15,0.56,0.14,0.91,0.1,-0.49,-1.97,0.15,0.15,12.01,0.09,0.44,6.68,0.26,0.65,0.14,0.24,0.6,0.9
1,0.33,0.39,0.23,0.43,0.53,0.19,0.66,0.25,0.9,0.19,-0.61,0.25,0.18,0.18,0.39,0.18,0.49,0.04,0.31,0.85,0.19,0.3,0.85,0.89
1,0.33,0.39,0.23,0.43,0.53,0.19,0.66,0.25,0.9,0.19,-0.61,0.25,0.18,0.18,0.39,0.18,0.49,0.04,0.31,0.85,0.19,0.3,0.85,0.89
1,0.33,0.39,0.23,0.43,0.53,0.19,0.66,0.25,0.9,0.19,-0.61,0.25,0.18,0.18,0.39,0.18,0.49,0.04,0.31,0.85,0.19,0.3,0.85,0.89
1,0.33,0.39,0.23,0.43,0.53,0.19,0.66,0.25,0.9,0.19,-0.61,0.25,0.18,0.18,0.39,0.18,0.49,0.04,0.31,0.85,0.19,0.3,0.85,0.89
1,0.33,0.39,0.23,0.43,0.53,0.19,0.66,0.25,0.9,0.19,-0.61,0.25,0.18,0.18,0.39,0.18,0.49,0.04,0.31,0.85,0.19,0.3,0.85,0.89
1,0.33,0.39,0.23,0.43,0.53,0.19,0.66,0.25,0.9,0.19,-0.61,0.25,0.18,0.18,0.39,0.18,0.49,0.04,0.31,0.85,0.19,0.3,0.85,0.89
1,0.33,0.39,0.23,0.43,0.53,0.19,0.66,0.25,0.9,0.19,-0.61,0.25,0.18,0.18,0.39,0.18,0.49,0.04,0.31,0.85,0.19,0.3,0.85,0.89
1,0.33,0.39,0.23,0.43,0.53,0.19,0.66,0.25,0.9,0.19,-0.61,0.25,0.18,0.18,0.39,0.18,0.49,0.04,0.31,0.85,0.19,0.3,0.85,0.89
1,0.33,0.39,0.23,0.43,0.53,0.19,0.66,0.25,0.9,0.19,-0.61,0.25,0.18,0.18,0.39,0.18,0.49,0.04,0.31,0.85,0.19,0.3,0.85,0.89
1,0.33,0.39,0.23,0.43,0.53,0.19,0.66,0.25,0.9,0.19,-0.61,0.25,0.18,0.18,0.39,0.18,0.49,0.04,0.31,0.85,0.19,0.3,0.85,0.89
1,0.33,0.39,0.23,0.43,0.53,0.19,0.66,0.25,0.9,0.19,-0.61,0.25,0.18,0.18,0.39,0.18,0.49,0.04,0.31,0.85,0.19,0.3,0.85,0.89
1,0.33,0.39,0.23,0.43,0.53,0.19,0.66,0.25,0.9,0.19,-0.61,0.25,0.18,0.18,0.39,0.18,0.49,0.04,0.31,0.85,0.19,0.3,0.85,0.89
1,0.11,0.62,0.24,0.7,0.67,0.11,0.61,0.09,0.94,0.09,-0.43,-1.05,0.1,0.1,5.2,0.07,0.33,6.48,0.26,0.77,0.2,0.24,0.75,0.88
1,0.11,0.62,0.24,0.7,0.67,0.11,0.61,0.09,0.94,0.09,-0.43,-1.05,0.1,0.1,5.2,0.07,0.33,6.48,0.26,0.77,0.2,0.24,0.75,0.88
1,0.11,0.62,0.24,0.7,0.67,0.11,0.61,0.09,0.94,0.09,-0.43,-1.05,0.1,0.1,5.2,0.07,0.33,6.48,0.26,0.77,0.2,0.24,0.75,0.88
1,0.11,0.62,0.24,0.7,0.67,0.11,0.61,0.09,0.94,0.09,-0.43,-1.05,0.1,0.1,5.2,0.07,0.33,6.48,0.26,0.77,0.2,0.24,0.75,0.88
1,0.11,0.62,0.24,0.7,0.67,0.11,0.61,0.09,0.94,0.09,-0.43,-1.05,0.1,0.1,5.2,0.07,0.33,6.48,0.26,0.77,0.2,0.24,0.75,0.88
1,0.11,0.62,0.24,0.7,0.67,0.11,0.61,0.09,0.94,0.09,-0.43,-1.05,0.1,0.1,5.2,0.07,0.33,6.48,0.26,0.77,0.2,0.24,0.75,0.88
1,0.11,0.62,0.24,0.7,0.67,0.11,0.61,0.09,0.94,0.09,-0.43,-1.05,0.1,0.1,5.2,0.07,0.33,6.48,0.26,0.77,0.2,0.24,0.75,0.88
1,0.11,0.62,0.24,0.7,0.67,0.11,0.61,0.09,0.94,0.09,-0.43,-1.05,0.1,0.1,5.2,0.07,0.33,6.48,0.26,0.77,0.2,0.24,0.75,0.88
1,0.11,0.62,0.24,0.7,0.67,0.11,0.61,0.09,0.94,0.09,-0.43,-1.05,0.1,0.1,5.2,0.07,0.33,6.48,0.26,0.77,0.2,0.24,0.75,0.88
1,0.11,0.62,0.24,0.7,0.67,0.11,0.61,0.09,0.94,0.09,-0.43,-1.05,0.1,0.1,5.2,0.07,0.33,6.48,0.26,0.77,0.2,0.24,0.75,0.88
1,0.11,0.62,0.24,0.7,0.67,0.11,0.61,0.09,0.94,0.09,-0.43,-1.05,0.1,0.1,5.2,0.07,0.33,6.48,0.26,0.77,0.2,0.24,0.75,0.88
1,0.11,0.62,0.24,0.7,0.67,0.11,0.61,0.09,0.94,0.09,-0.43,-1.05,0.1,0.1,5.2,0.07,0.33,6.48,0.26,0.77,0.2,0.24,0.75,0.88
1,0.04,0.48,0.14,0.43,0.47,0.16,0.72,0.07,0.95,0.14,0.34,0.46,0.15,0.16,1.08,0.13,0.42,0.22,0.39,0.62,0.22,0.36,0.59,0.83
1,0.04,0.48,0.14,0.43,0.47,0.16,0.72,0.07,0.95,0.14,0.34,0.46,0.15,0.16,1.08,0.13,0.42,0.22,0.39,0.62,0.22,0.36,0.59,0.83
1,0.04,0.48,0.14,0.43,0.47,0.16,0.72,0.07,0.95,0.14,0.34,0.46,0.15,0.16,1.08,0.13,0.42,0.22,0.39,0.62,0.22,0.36,0.59,0.83
1,0.04,0.48,0.14,0.43,0.47,0.16,0.72,0.07,0.95,0.14,0.34,0.46,0.15,0.16,1.08,0.13,0.42,0.22,0.39,0.62,0.22,0.36,0.59,0.83
1,0.04,0.48,0.14,0.43,0.47,0.16,0.72,0.07,0.95,0.14,0.34,0.46,0.15,0.16,1.08,0.13,0.42,0.22,0.39,0.62,0.22,0.36,0.59,0.83
1,0.04,0.48,0.14,0.43,0.47,0.16,0.72,0.07,0.95,0.14,0.34,0.46,0.15,0.16,1.08,0.13,0.42,0.22,0.39,0.62,0.22,0.36,0.59,0.83
1,0.04,0.48,0.14,0.43,0.47,0.16,0.72,0.07,0.95,0.14,0.34,0.46,0.15,0.16,1.08,0.13,0.42,0.22,0.39,0.62,0.22,0.36,0.59,0.83
1,0.04,0.48,0.14,0.43,0.47,0.16,0.72,0.07,0.95,0.14,0.34,0.46,0.15,0.16,1.08,0.13,0.42,0.22,0.39,0.62,0.22,0.36,0.59,0.83
1,0.04,0.48,0.14,0.43,0.47,0.16,0.72,0.07,0.95,0.14,0.34,0.46,0.15,0.16,1.08,0.13,0.42,0.22,0.39,0.62,0.22,0.36,0.59,0.83
1,0.04,0.48,0.14,0.43,0.47,0.16,0.72,0.07,0.95,0.14,0.34,0.46,0.15,0.16,1.08,0.13,0.42,0.22,0.39,0.62,0.22,0.36,0.59,0.83
1,0.04,0.48,0.14,0.43,0.47,0.16,0.72,0.07,0.95,0.14,0.34,0.46,0.15,0.16,1.08,0.13,0.42,0.22,0.39,0.62,0.22,0.36,0.59,0.83
1,0.04,0.48,0.14,0.43,0.47,0.16,0.72,0.07,0.95,0.14,0.34,0.46,0.15,0.16,1.08,0.13,0.42,0.22,0.39,0.62,0.22,0.36,0.59,0.83
1,0.02,0.42,0.02,0.47,0.42,0.16,0.75,0.04,0.95,0.17,-0.09,0.46,0.22,0.22,0.35,0.19,0.4,0.3,0.22,0.92,0.21,0.22,0.92,0.96
1,0.02,0.42,0.02,0.47,0.42,0.16,0.75,0.04,0.95,0.17,-0.09,0.46,0.22,0.22,0.35,0.19,0.4,0.3,0.22,0.92,0.21,0.22,0.92,0.96
1,0.02,0.42,0.02,0.47,0.42,0.16,0.75,0.04,0.95,0.17,-0.09,0.46,0.22,0.22,0.35,0.19,0.4,0.3,0.22,0.92,0.21,0.22,0.92,0.96
1,0.02,0.42,0.02,0.47,0.42,0.16,0.75,0.04,0.95,0.17,-0.09,0.46,0.22,0.22,0.35,0.19,0.4,0.3,0.22,0.92,0.21,0.22,0.92,0.96
1,0.02,0.42,0.02,0.47,0.42,0.16,0.75,0.04,0.95,0.17,-0.09,0.46,0.22,0.22,0.35,0.19,0.4,0.3,0.22,0.92,0.21,0.22,0.92,0.96
1,0.02,0.42,0.02,0.47,0.42,0.16,0.75,0.04,0.95,0.17,-0.09,0.46,0.22,0.22,0.35,0.19,0.4,0.3,0.22,0.92,0.21,0.22,0.92,0.96
1,0.02,0.42,0.02,0.47,0.42,0.16,0.75,0.04,0.95,0.17,-0.09,0.46,0.22,0.22,0.35,0.19,0.4,0.3,0.22,0.92,0.21,0.22,0.92,0.96
1,0.02,0.42,0.02,0.47,0.42,0.16,0.75,0.04,0.95,0.17,-0.09,0.46,0.22,0.22,0.35,0.19,0.4,0.3,0.22,0.92,0.21,0.22,0.92,0.96
1,0.02,0.42,0.02,0.47,0.42,0.16,0.75,0.04,0.95,0.17,-0.09,0.46,0.22,0.22,0.35,0.19,0.4,0.3,0.22,0.92,0.21,0.22,0.92,0.96
1,0.02,0.42,0.02,0.47,0.42,0.16,0.75,0.04,0.95,0.17,-0.09,0.46,0.22,0.22,0.35,0.19,0.4,0.3,0.22,0.92,0.21,0.22,0.92,0.96
1,0.02,0.42,0.02,0.47,0.42,0.16,0.75,0.04,0.95,0.17,-0.09,0.46,0.22,0.22,0.35,0.19,0.4,0.3,0.22,0.92,0.21,0.22,0.92,0.96
1,0.02,0.42,0.02,0.47,0.42,0.16,0.75,0.04,0.95,0.17,-0.09,0.46,0.22,0.22,0.35,0.19,0.4,0.3,0.22,0.92,0.21,0.22,0.92,0.96
1,0.05,0.57,0.02,0.5,0.28,0.09,0.71,0.08,0.95,0.08,1.01,0.09,0.12,0.11,1.11,0.07,0.18,0.55,0.26,0.83,0.11,0.23,0.81,0.87
1,0.05,0.57,0.02,0.5,0.28,0.09,0.71,0.08,0.95,0.08,1.01,0.09,0.12,0.11,1.11,0.07,0.18,0.55,0.26,0.83,0.11,0.23,0.81,0.87
1,0.05,0.57,0.02,0.5,0.28,0.09,0.71,0.08,0.95,0.08,1.01,0.09,0.12,0.11,1.11,0.07,0.18,0.55,0.26,0.83,0.11,0.23,0.81,0.87
1,0.05,0.57,0.02,0.5,0.28,0.09,0.71,0.08,0.95,0.08,1.01,0.09,0.12,0.11,1.11,0.07,0.18,0.55,0.26,0.83,0.11,0.23,0.81,0.87
1,0.05,0.57,0.02,0.5,0.28,0.09,0.71,0.08,0.95,0.08,1.01,0.09,0.12,0.11,1.11,0.07,0.18,0.55,0.26,0.83,0.11,0.23,0.81,0.87
1,0.05,0.57,0.02,0.5,0.28,0.09,0.71,0.08,0.95,0.08,1.01,0.09,0.12,0.11,1.11,0.07,0.18,0.55,0.26,0.83,0.11,0.23,0.81,0.87
1,0.05,0.57,0.02,0.5,0.28,0.09,0.71,0.08,0.95,0.08,1.01,0.09,0.12,0.11,1.11,0.07,0.18,0.55,0.26,0.83,0.11,0.23,0.81,0.87
1,0.05,0.57,0.02,0.5,0.28,0.09,0.71,0.08,0.95,0.08,1.01,0.09,0.12,0.11,1.11,0.07,0.18,0.55,0.26,0.83,0.11,0.23,0.81,0.87
1,0.05,0.57,0.02,0.5,0.28,0.09,0.71,0.08,0.95,0.08,1.01,0.09,0.12,0.11,1.11,0.07,0.18,0.55,0.26,0.83,0.11,0.23,0.81,0.87
1,0.05,0.57,0.02,0.5,0.28,0.09,0.71,0.08,0.95,0.08,1.01,0.09,0.12,0.11,1.11,0.07,0.18,0.55,0.26,0.83,0.11,0.23,0.81,0.87
1,0.05,0.57,0.02,0.5,0.28,0.09,0.71,0.08,0.95,0.08,1.01,0.09,0.12,0.11,1.11,0.07,0.18,0.55,0.26,0.83,0.11,0.23,0.81,0.87
1,0.05,0.57,0.02,0.5,0.28,0.09,0.71,0.08,0.95,0.08,1.01,0.09,0.12,0.11,1.11,0.07,0.18,0.55,0.26,0.83,0.11,0.23,0.81,0.87
1,0.05,0.59,0.03,0.55,0.27,0.1,0.79,0.07,0.93,0.09,1.03,0.1,0.12,0.11,1.58,0.08,0.19,0.88,0.19,0.92,0.11,0.18,0.91,0.94
1,0.05,0.59,0.03,0.55,0.27,0.1,0.79,0.07,0.93,0.09,1.03,0.1,0.12,0.11,1.58,0.08,0.19,0.88,0.19,0.92,0.11,0.18,0.91,0.94
1,0.05,0.59,0.03,0.55,0.27,0.1,0.79,0.07,0.93,0.09,1.03,0.1,0.12,0.11,1.58,0.08,0.19,0.88,0.19,0.92,0.11,0.18,0.91,0.94
1,0.05,0.59,0.03,0.55,0.27,0.1,0.79,0.07,0.93,0.09,1.03,0.1,0.12,0.11,1.58,0.08,0.19,0.88,0.19,0.92,0.11,0.18,0.91,0.94
1,0.05,0.59,0.03,0.55,0.27,0.1,0.79,0.07,0.93,0.09,1.03,0.1,0.12,0.11,1.58,0.08,0.19,0.88,0.19,0.92,0.11,0.18,0.91,0.94
1,0.05,0.59,0.03,0.55,0.27,0.1,0.79,0.07,0.93,0.09,1.03,0.1,0.12,0.11,1.58,0.08,0.19,0.88,0.19,0.92,0.11,0.18,0.91,0.94
1,0.05,0.59,0.03,0.55,0.27,0.1,0.79,0.07,0.93,0.09,1.03,0.1,0.12,0.11,1.58,0.08,0.19,0.88,0.19,0.92,0.11,0.18,0.91,0.94
1,0.05,0.59,0.03,0.55,0.27,0.1,0.79,0.07,0.93,0.09,1.03,0.1,0.12,0.11,1.58,0.08,0.19,0.88,0.19,0.92,0.11,0.18,0.91,0.94
1,0.05,0.59,0.03,0.55,0.27,0.1,0.79,0.07,0.93,0.09,1.03,0.1,0.12,0.11,1.58,0.08,0.19,0.88,0.19,0.92,0.11,0.18,0.91,0.94
1,0.05,0.59,0.03,0.55,0.27,0.1,0.79,0.07,0.93,0.09,1.03,0.1,0.12,0.11,1.58,0.08,0.19,0.88,0.19,0.92,0.11,0.18,0.91,0.94
1,0.05,0.59,0.03,0.55,0.27,0.1,0.79,0.07,0.93,0.09,1.03,0.1,0.12,0.11,1.58,0.08,0.19,0.88,0.19,0.92,0.11,0.18,0.91,0.94
1,0.05,0.59,0.03,0.55,0.27,0.1,0.79,0.07,0.93,0.09,1.03,0.1,0.12,0.11,1.58,0.08,0.19,0.88,0.19,0.92,0.11,0.18,0.91,0.94
1,0.58,0.39,0.49,0.23,0.43,0.1,0.63,0.06,0.95,0.11,0.26,1.69,0.13,0.12,1.03,0.1,0.18,0.84,0.27,0.57,0.12,0.27,0.57,0.87
1,0.58,0.39,0.49,0.23,0.43,0.1,0.63,0.06,0.95,0.11,0.26,1.69,0.13,0.12,1.03,0.1,0.18,0.84,0.27,0.57,0.12,0.27,0.57,0.87
1,0.58,0.39,0.49,0.23,0.43,0.1,0.63,0.06,0.95,0.11,0.26,1.69,0.13,0.12,1.03,0.1,0.18,0.84,0.27,0.57,0.12,0.27,0.57,0.87
1,0.58,0.39,0.49,0.23,0.43,0.1,0.63,0.06,0.95,0.11,0.26,1.69,0.13,0.12,1.03,0.1,0.18,0.84,0.27,0.57,0.12,0.27,0.57,0.87
1,0.58,0.39,0.49,0.23,0.43,0.1,0.63,0.06,0.95,0.11,0.26,1.69,0.13,0.12,1.03,0.1,0.18,0.84,0.27,0.57,0.12,0.27,0.57,0.87
1,0.58,0.39,0.49,0.23,0.43,0.1,0.63,0.06,0.95,0.11,0.26,1.69,0.13,0.12,1.03,0.1,0.18,0.84,0.27,0.57,0.12,0.27,0.57,0.87
1,0.58,0.39,0.49,0.23,0.43,0.1,0.63,0.06,0.95,0.11,0.26,1.69,0.13,0.12,1.03,0.1,0.18,0.84,0.27,0.57,0.12,0.27,0.57,0.87
1,0.58,0.39,0.49,0.23,0.43,0.1,0.63,0.06,0.95,0.11,0.26,1.69,0.13,0.12,1.03,0.1,0.18,0.84,0.27,0.57,0.12,0.27,0.57,0.87
1,0.58,0.39,0.49,0.23,0.43,0.1,0.63,0.06,0.95,0.11,0.26,1.69,0.13,0.12,1.03,0.1,0.18,0.84,0.27,0.57,0.12,0.27,0.57,0.87
1,0.58,0.39,0.49,0.23,0.43,0.1,0.63,0.06,0.95,0.11,0.26,1.69,0.13,0.12,1.03,0.1,0.18,0.84,0.27,0.57,0.12,0.27,0.57,0.87
1,0.58,0.39,0.49,0.23,0.43,0.1,0.63,0.06,0.95,0.11,0.26,1.69,0.13,0.12,1.03,0.1,0.18,0.84,0.27,0.57,0.12,0.27,0.57,0.87
1,0.58,0.39,0.49,0.23,0.43,0.1,0.63,0.06,0.95,0.11,0.26,1.69,0.13,0.12,1.03,0.1,0.18,0.84,0.27,0.57,0.12,0.27,0.57,0.87
1,0.03,0.32,0.02,0.69,0.77,0.14,0.6,0.15,0.95,0.06,-0.73,-0.26,0.13,0.12,1.13,0.07,0.52,0.58,0.34,0.61,0.1,0.34,0.6,0.76
1,0.03,0.32,0.02,0.69,0.77,0.14,0.6,0.15,0.95,0.06,-0.73,-0.26,0.13,0.12,1.13,0.07,0.52,0.58,0.34,0.61,0.1,0.34,0.6,0.76
1,0.03,0.32,0.02,0.69,0.77,0.14,0.6,0.15,0.95,0.06,-0.73,-0.26,0.13,0.12,1.13,0.07,0.52,0.58,0.34,0.61,0.1,0.34,0.6,0.76
1,0.03,0.32,0.02,0.69,0.77,0.14,0.6,0.15,0.95,0.06,-0.73,-0.26,0.13,0.12,1.13,0.07,0.52,0.58,0.34,0.61,0.1,0.34,0.6,0.76
1,0.03,0.32,0.02,0.69,0.77,0.14,0.6,0.15,0.95,0.06,-0.73,-0.26,0.13,0.12,1.13,0.07,0.52,0.58,0.34,0.61,0.1,0.34,0.6,0.76
1,0.03,0.32,0.02,0.69,0.77,0.14,0.6,0.15,0.95,0.06,-0.73,-0.26,0.13,0.12,1.13,0.07,0.52,0.58,0.34,0.61,0.1,0.34,0.6,0.76
1,0.03,0.32,0.02,0.69,0.77,0.14,0.6,0.15,0.95,0.06,-0.73,-0.26,0.13,0.12,1.13,0.07,0.52,0.58,0.34,0.61,0.1,0.34,0.6,0.76
1,0.03,0.32,0.02,0.69,0.77,0.14,0.6,0.15,0.95,0.06,-0.73,-0.26,0.13,0.12,1.13,0.07,0.52,0.58,0.34,0.61,0.1,0.34,0.6,0.76
1,0.03,0.32,0.02,0.69,0.77,0.14,0.6,0.15,0.95,0.06,-0.73,-0.26,0.13,0.12,1.13,0.07,0.52,0.58,0.34,0.61,0.1,0.34,0.6,0.76
1,0.03,0.32,0.02,0.69,0.77,0.14,0.6,0.15,0.95,0.06,-0.73,-0.26,0.13,0.12,1.13,0.07,0.52,0.58,0.34,0.61,0.1,0.34,0.6,0.76
1,0.03,0.32,0.02,0.69,0.77,0.14,0.6,0.15,0.95,0.06,-0.73,-0.26,0.13,0.12,1.13,0.07,0.52,0.58,0.34,0.61,0.1,0.34,0.6,0.76
1,0.03,0.32,0.02,0.69,0.77,0.14,0.6,0.15,0.95,0.06,-0.73,-0.26,0.13,0.12,1.13,0.07,0.52,0.58,0.34,0.61,0.1,0.34,0.6,0.76
1,0.11,0.28,0.29,0.63,0.74,0.18,0.58,0.29,0.93,0.15,-2.1,-1.21,0.2,0.21,19.0,0.18,0.63,0.71,0.34,0.43,0.2,0.34,0.44,0.62
1,0.11,0.28,0.29,0.63,0.74,0.18,0.58,0.29,0.93,0.15,-2.1,-1.21,0.2,0.21,19.0,0.18,0.63,0.71,0.34,0.43,0.2,0.34,0.44,0.62
1,0.11,0.28,0.29,0.63,0.74,0.18,0.58,0.29,0.93,0.15,-2.1,-1.21,0.2,0.21,19.0,0.18,0.63,0.71,0.34,0.43,0.2,0.34,0.44,0.62
1,0.11,0.28,0.29,0.63,0.74,0.18,0.58,0.29,0.93,0.15,-2.1,-1.21,0.2,0.21,19.0,0.18,0.63,0.71,0.34,0.43,0.2,0.34,0.44,0.62
1,0.11,0.28,0.29,0.63,0.74,0.18,0.58,0.29,0.93,0.15,-2.1,-1.21,0.2,0.21,19.0,0.18,0.63,0.71,0.34,0.43,0.2,0.34,0.44,0.62
1,0.11,0.28,0.29,0.63,0.74,0.18,0.58,0.29,0.93,0.15,-2.1,-1.21,0.2,0.21,19.0,0.18,0.63,0.71,0.34,0.43,0.2,0.34,0.44,0.62
1,0.11,0.28,0.29,0.63,0.74,0.18,0.58,0.29,0.93,0.15,-2.1,-1.21,0.2,0.21,19.0,0.18,0.63,0.71,0.34,0.43,0.2,0.34,0.44,0.62
1,0.11,0.28,0.29,0.63,0.74,0.18,0.58,0.29,0.93,0.15,-2.1,-1.21,0.2,0.21,19.0,0.18,0.63,0.71,0.34,0.43,0.2,0.34,0.44,0.62
1,0.11,0.28,0.29,0.63,0.74,0.18,0.58,0.29,0.93,0.15,-2.1,-1.21,0.2,0.21,19.0,0.18,0.63,0.71,0.34,0.43,0.2,0.34,0.44,0.62
1,0.11,0.28,0.29,0.63,0.74,0.18,0.58,0.29,0.93,0.15,-2.1,-1.21,0.2,0.21,19.0,0.18,0.63,0.71,0.34,0.43,0.2,0.34,0.44,0.62
1,0.11,0.28,0.29,0.63,0.74,0.18,0.58,0.29,0.93,0.15,-2.1,-1.21,0.2,0.21,19.0,0.18,0.63,0.71,0.34,0.43,0.2,0.34,0.44,0.62
1,0.11,0.28,0.29,0.63,0.74,0.18,0.58,0.29,0.93,0.15,-2.1,-1.21,0.2,0.21,19.0,0.18,0.63,0.71,0.34,0.43,0.2,0.34,0.44,0.62
1,0.36,0.27,0.24,0.37,0.59,0.22,0.84,0.09,0.94,0.21,0.1,0.5,0.17,0.18,3.34,0.28,0.43,13.77,0.27,0.89,0.19,0.24,0.88,0.95
1,0.36,0.27,0.24,0.37,0.59,0.22,0.84,0.09,0.94,0.21,0.1,0.5,0.17,0.18,3.34,0.28,0.43,13.77,0.27,0.89,0.19,0.24,0.88,0.95
1,0.36,0.27,0.24,0.37,0.59,0.22,0.84,0.09,0.94,0.21,0.1,0.5,0.17,0.18,3.34,0.28,0.43,13.77,0.27,0.89,0.19,0.24,0.88,0.95
1,0.36,0.27,0.24,0.37,0.59,0.22,0.84,0.09,0.94,0.21,0.1,0.5,0.17,0.18,3.34,0.28,0.43,13.77,0.27,0.89,0.19,0.24,0.88,0.95
1,0.36,0.27,0.24,0.37,0.59,0.22,0.84,0.09,0.94,0.21,0.1,0.5,0.17,0.18,3.34,0.28,0.43,13.77,0.27,0.89,0.19,0.24,0.88,0.95
1,0.36,0.27,0.24,0.37,0.59,0.22,0.84,0.09,0.94,0.21,0.1,0.5,0.17,0.18,3.34,0.28,0.43,13.77,0.27,0.89,0.19,0.24,0.88,0.95
1,0.36,0.27,0.24,0.37,0.59,0.22,0.84,0.09,0.94,0.21,0.1,0.5,0.17,0.18,3.34,0.28,0.43,13.77,0.27,0.89,0.19,0.24,0.88,0.95
1,0.36,0.27,0.24,0.37,0.59,0.22,0.84,0.09,0.94,0.21,0.1,0.5,0.17,0.18,3.34,0.28,0.43,13.77,0.27,0.89,0.19,0.24,0.88,0.95
1,0.36,0.27,0.24,0.37,0.59,0.22,0.84,0.09,0.94,0.21,0.1,0.5,0.17,0.18,3.34,0.28,0.43,13.77,0.27,0.89,0.19,0.24,0.88,0.95
1,0.36,0.27,0.24,0.37,0.59,0.22,0.84,0.09,0.94,0.21,0.1,0.5,0.17,0.18,3.34,0.28,0.43,13.77,0.27,0.89,0.19,0.24,0.88,0.95
1,0.36,0.27,0.24,0.37,0.59,0.22,0.84,0.09,0.94,0.21,0.1,0.5,0.17,0.18,3.34,0.28,0.43,13.77,0.27,0.89,0.19,0.24,0.88,0.95
1,0.36,0.27,0.24,0.37,0.59,0.22,0.84,0.09,0.94,0.21,0.1,0.5,0.17,0.18,3.34,0.28,0.43,13.77,0.27,0.89,0.19,0.24,0.88,0.95
1,0.06,0.55,0.15,0.66,0.76,0.06,0.76,0.19,0.93,0.06,-1.82,-2.26,0.09,0.09,29.38,0.08,0.62,49.54,0.4,0.66,0.14,0.36,0.62,0.81
1,0.06,0.55,0.15,0.66,0.76,0.06,0.76,0.19,0.93,0.06,-1.82,-2.26,0.09,0.09,29.38,0.08,0.62,49.54,0.4,0.66,0.14,0.36,0.62,0.81
1,0.06,0.55,0.15,0.66,0.76,0.06,0.76,0.19,0.93,0.06,-1.82,-2.26,0.09,0.09,29.38,0.08,0.62,49.54,0.4,0.66,0.14,0.36,0.62,0.81
1,0.06,0.55,0.15,0.66,0.76,0.06,0.76,0.19,0.93,0.06,-1.82,-2.26,0.09,0.09,29.38,0.08,0.62,49.54,0.4,0.66,0.14,0.36,0.62,0.81
1,0.06,0.55,0.15,0.66,0.76,0.06,0.76,0.19,0.93,0.06,-1.82,-2.26,0.09,0.09,29.38,0.08,0.62,49.54,0.4,0.66,0.14,0.36,0.62,0.81
1,0.06,0.55,0.15,0.66,0.76,0.06,0.76,0.19,0.93,0.06,-1.82,-2.26,0.09,0.09,29.38,0.08,0.62,49.54,0.4,0.66,0.14,0.36,0.62,0.81
1,0.06,0.55,0.15,0.66,0.76,0.06,0.76,0.19,0.93,0.06,-1.82,-2.26,0.09,0.09,29.38,0.08,0.62,49.54,0.4,0.66,0.14,0.36,0.62,0.81
1,0.06,0.55,0.15,0.66,0.76,0.06,0.76,0.19,0.93,0.06,-1.82,-2.26,0.09,0.09,29.38,0.08,0.62,49.54,0.4,0.66,0.14,0.36,0.62,0.81
1,0.06,0.55,0.15,0.66,0.76,0.06,0.76,0.19,0.93,0.06,-1.82,-2.26,0.09,0.09,29.38,0.08,0.62,49.54,0.4,0.66,0.14,0.36,0.62,0.81
1,0.06,0.55,0.15,0.66,0.76,0.06,0.76,0.19,0.93,0.06,-1.82,-2.26,0.09,0.09,29.38,0.08,0.62,49.54,0.4,0.66,0.14,0.36,0.62,0.81
1,0.06,0.55,0.15,0.66,0.76,0.06,0.76,0.19,0.93,0.06,-1.82,-2.26,0.09,0.09,29.38,0.08,0.62,49.54,0.4,0.66,0.14,0.36,0.62,0.81
1,0.06,0.55,0.15,0.66,0.76,0.06,0.76,0.19,0.93,0.06,-1.82,-2.26,0.09,0.09,29.38,0.08,0.62,49.54,0.4,0.66,0.14,0.36,0.62,0.81
1,0.64,0.51,0.12,0.54,0.49,0.15,0.81,0.05,0.97,0.13,0.04,-0.2,0.11,0.12,0.67,0.06,0.23,0.25,0.38,0.65,0.2,0.34,0.61,0.83
1,0.64,0.51,0.12,0.54,0.49,0.15,0.81,0.05,0.97,0.13,0.04,-0.2,0.11,0.12,0.67,0.06,0.23,0.25,0.38,0.65,0.2,0.34,0.61,0.83
1,0.64,0.51,0.12,0.54,0.49,0.15,0.81,0.05,0.97,0.13,0.04,-0.2,0.11,0.12,0.67,0.06,0.23,0.25,0.38,0.65,0.2,0.34,0.61,0.83
1,0.64,0.51,0.12,0.54,0.49,0.15,0.81,0.05,0.97,0.13,0.04,-0.2,0.11,0.12,0.67,0.06,0.23,0.25,0.38,0.65,0.2,0.34,0.61,0.83
1,0.64,0.51,0.12,0.54,0.49,0.15,0.81,0.05,0.97,0.13,0.04,-0.2,0.11,0.12,0.67,0.06,0.23,0.25,0.38,0.65,0.2,0.34,0.61,0.83
1,0.64,0.51,0.12,0.54,0.49,0.15,0.81,0.05,0.97,0.13,0.04,-0.2,0.11,0.12,0.67,0.06,0.23,0.25,0.38,0.65,0.2,0.34,0.61,0.83
1,0.64,0.51,0.12,0.54,0.49,0.15,0.81,0.05,0.97,0.13,0.04,-0.2,0.11,0.12,0.67,0.06,0.23,0.25,0.38,0.65,0.2,0.34,0.61,0.83
1,0.64,0.51,0.12,0.54,0.49,0.15,0.81,0.05,0.97,0.13,0.04,-0.2,0.11,0.12,0.67,0.06,0.23,0.25,0.38,0.65,0.2,0.34,0.61,0.83
1,0.64,0.51,0.12,0.54,0.49,0.15,0.81,0.05,0.97,0.13,0.04,-0.2,0.11,0.12,0.67,0.06,0.23,0.25,0.38,0.65,0.2,0.34,0.61,0.83
1,0.64,0.51,0.12,0.54,0.49,0.15,0.81,0.05,0.97,0.13,0.04,-0.2,0.11,0.12,0.67,0.06,0.23,0.25,0.38,0.65,0.2,0.34,0.61,0.83
1,0.64,0.51,0.12,0.54,0.49,0.15,0.81,0.05,0.97,0.13,0.04,-0.2,0.11,0.12,0.67,0.06,0.23,0.25,0.38,0.65,0.2,0.34,0.61,0.83
1,0.64,0.51,0.12,0.54,0.49,0.15,0.81,0.05,0.97,0.13,0.04,-0.2,0.11,0.12,0.67,0.06,0.23,0.25,0.38,0.65,0.2,0.34,0.61,0.83
1,0.04,0.5,0.03,0.61,0.63,0.12,0.64,0.14,0.91,0.08,0.31,-0.8,0.13,0.12,2.81,0.09,0.53,2.08,0.32,0.7,0.13,0.28,0.64,0.89
1,0.04,0.5,0.03,0.61,0.63,0.12,0.64,0.14,0.91,0.08,0.31,-0.8,0.13,0.12,2.81,0.09,0.53,2.08,0.32,0.7,0.13,0.28,0.64,0.89
1,0.04,0.5,0.03,0.61,0.63,0.12,0.64,0.14,0.91,0.08,0.31,-0.8,0.13,0.12,2.81,0.09,0.53,2.08,0.32,0.7,0.13,0.28,0.64,0.89
1,0.04,0.5,0.03,0.61,0.63,0.12,0.64,0.14,0.91,0.08,0.31,-0.8,0.13,0.12,2.81,0.09,0.53,2.08,0.32,0.7,0.13,0.28,0.64,0.89
1,0.04,0.5,0.03,0.61,0.63,0.12,0.64,0.14,0.91,0.08,0.31,-0.8,0.13,0.12,2.81,0.09,0.53,2.08,0.32,0.7,0.13,0.28,0.64,0.89
1,0.04,0.5,0.03,0.61,0.63,0.12,0.64,0.14,0.91,0.08,0.31,-0.8,0.13,0.12,2.81,0.09,0.53,2.08,0.32,0.7,0.13,0.28,0.64,0.89
1,0.04,0.5,0.03,0.61,0.63,0.12,0.64,0.14,0.91,0.08,0.31,-0.8,0.13,0.12,2.81,0.09,0.53,2.08,0.32,0.7,0.13,0.28,0.64,0.89
1,0.04,0.5,0.03,0.61,0.63,0.12,0.64,0.14,0.91,0.08,0.31,-0.8,0.13,0.12,2.81,0.09,0.53,2.08,0.32,0.7,0.13,0.28,0.64,0.89
1,0.04,0.5,0.03,0.61,0.63,0.12,0.64,0.14,0.91,0.08,0.31,-0.8,0.13,0.12,2.81,0.09,0.53,2.08,0.32,0.7,0.13,0.28,0.64,0.89
1,0.04,0.5,0.03,0.61,0.63,0.12,0.64,0.14,0.91,0.08,0.31,-0.8,0.13,0.12,2.81,0.09,0.53,2.08,0.32,0.7,0.13,0.28,0.64,0.89
1,0.04,0.5,0.03,0.61,0.63,0.12,0.64,0.14,0.91,0.08,0.31,-0.8,0.13,0.12,2.81,0.09,0.53,2.08,0.32,0.7,0.13,0.28,0.64,0.89
1,0.04,0.5,0.03,0.61,0.63,0.12,0.64,0.14,0.91,0.08,0.31,-0.8,0.13,0.12,2.81,0.09,0.53,2.08,0.32,0.7,0.13,0.28,0.64,0.89
1,0.13,0.52,0.32,0.68,0.46,0.15,0.57,0.15,0.92,0.09,0.33,-0.36,0.16,0.15,6.0,0.1,0.21,2.09,0.25,0.76,0.16,0.25,0.75,0.86
1,0.13,0.52,0.32,0.68,0.46,0.15,0.57,0.15,0.92,0.09,0.33,-0.36,0.16,0.15,6.0,0.1,0.21,2.09,0.25,0.76,0.16,0.25,0.75,0.86
1,0.13,0.52,0.32,0.68,0.46,0.15,0.57,0.15,0.92,0.09,0.33,-0.36,0.16,0.15,6.0,0.1,0.21,2.09,0.25,0.76,0.16,0.25,0.75,0.86
1,0.13,0.52,0.32,0.68,0.46,0.15,0.57,0.15,0.92,0.09,0.33,-0.36,0.16,0.15,6.0,0.1,0.21,2.09,0.25,0.76,0.16,0.25,0.75,0.86
1,0.13,0.52,0.32,0.68,0.46,0.15,0.57,0.15,0.92,0.09,0.33,-0.36,0.16,0.15,6.0,0.1,0.21,2.09,0.25,0.76,0.16,0.25,0.75,0.86
1,0.13,0.52,0.32,0.68,0.46,0.15,0.57,0.15,0.92,0.09,0.33,-0.36,0.16,0.15,6.0,0.1,0.21,2.09,0.25,0.76,0.16,0.25,0.75,0.86
1,0.13,0.52,0.32,0.68,0.46,0.15,0.57,0.15,0.92,0.09,0.33,-0.36,0.16,0.15,6.0,0.1,0.21,2.09,0.25,0.76,0.16,0.25,0.75,0.86
1,0.13,0.52,0.32,0.68,0.46,0.15,0.57,0.15,0.92,0.09,0.33,-0.36,0.16,0.15,6.0,0.1,0.21,2.09,0.25,0.76,0.16,0.25,0.75,0.86
1,0.13,0.52,0.32,0.68,0.46,0.15,0.57,0.15,0.92,0.09,0.33,-0.36,0.16,0.15,6.0,0.1,0.21,2.09,0.25,0.76,0.16,0.25,0.75,0.86
1,0.13,0.52,0.32,0.68,0.46,0.15,0.57,0.15,0.92,0.09,0.33,-0.36,0.16,0.15,6.0,0.1,0.21,2.09,0.25,0.76,0.16,0.25,0.75,0.86
1,0.13,0.52,0.32,0.68,0.46,0.15,0.57,0.15,0.92,0.09,0.33,-0.36,0.16,0.15,6.0,0.1,0.21,2.09,0.25,0.76,0.16,0.25,0.75,0.86
1,0.13,0.52,0.32,0.68,0.46,0.15,0.57,0.15,0.92,0.09,0.33,-0.36,0.16,0.15,6.0,0.1,0.21,2.09,0.25,0.76,0.16,0.25,0.75,0.86
1,0.06,0.55,0.03,0.58,0.57,0.19,0.64,0.23,0.88,0.18,0.05,-0.69,0.18,0.24,25.55,0.12,0.43,10.17,0.33,0.63,0.21,0.29,0.57,0.83
1,0.06,0.55,0.03,0.58,0.57,0.19,0.64,0.23,0.88,0.18,0.05,-0.69,0.18,0.24,25.55,0.12,0.43,10.17,0.33,0.63,0.21,0.29,0.57,0.83
1,0.06,0.55,0.03,0.58,0.57,0.19,0.64,0.23,0.88,0.18,0.05,-0.69,0.18,0.24,25.55,0.12,0.43,10.17,0.33,0.63,0.21,0.29,0.57,0.83
1,0.06,0.55,0.03,0.58,0.57,0.19,0.64,0.23,0.88,0.18,0.05,-0.69,0.18,0.24,25.55,0.12,0.43,10.17,0.33,0.63,0.21,0.29,0.57,0.83
1,0.06,0.55,0.03,0.58,0.57,0.19,0.64,0.23,0.88,0.18,0.05,-0.69,0.18,0.24,25.55,0.12,0.43,10.17,0.33,0.63,0.21,0.29,0.57,0.83
1,0.06,0.55,0.03,0.58,0.57,0.19,0.64,0.23,0.88,0.18,0.05,-0.69,0.18,0.24,25.55,0.12,0.43,10.17,0.33,0.63,0.21,0.29,0.57,0.83
1,0.06,0.55,0.03,0.58,0.57,0.19,0.64,0.23,0.88,0.18,0.05,-0.69,0.18,0.24,25.55,0.12,0.43,10.17,0.33,0.63,0.21,0.29,0.57,0.83
1,0.06,0.55,0.03,0.58,0.57,0.19,0.64,0.23,0.88,0.18,0.05,-0.69,0.18,0.24,25.55,0.12,0.43,10.17,0.33,0.63,0.21,0.29,0.57,0.83
1,0.06,0.55,0.03,0.58,0.57,0.19,0.64,0.23,0.88,0.18,0.05,-0.69,0.18,0.24,25.55,0.12,0.43,10.17,0.33,0.63,0.21,0.29,0.57,0.83
1,0.06,0.55,0.03,0.58,0.57,0.19,0.64,0.23,0.88,0.18,0.05,-0.69,0.18,0.24,25.55,0.12,0.43,10.17,0.33,0.63,0.21,0.29,0.57,0.83
1,0.06,0.55,0.03,0.58,0.57,0.19,0.64,0.23,0.88,0.18,0.05,-0.69,0.18,0.24,25.55,0.12,0.43,10.17,0.33,0.63,0.21,0.29,0.57,0.83
1,0.06,0.55,0.03,0.58,0.57,0.19,0.64,0.23,0.88,0.18,0.05,-0.69,0.18,0.24,25.55,0.12,0.43,10.17,0.33,0.63,0.21,0.29,0.57,0.83
1,0.05,0.57,0.02,0.66,0.32,0.12,0.7,0.13,0.96,0.09,0.45,-0.45,0.15,0.16,4.28,0.11,0.44,0.44,0.33,0.85,0.12,0.28,0.82,0.9
1,0.05,0.57,0.02,0.66,0.32,0.12,0.7,0.13,0.96,0.09,0.45,-0.45,0.15,0.16,4.28,0.11,0.44,0.44,0.33,0.85,0.12,0.28,0.82,0.9
1,0.05,0.57,0.02,0.66,0.32,0.12,0.7,0.13,0.96,0.09,0.45,-0.45,0.15,0.16,4.28,0.11,0.44,0.44,0.33,0.85,0.12,0.28,0.82,0.9
1,0.05,0.57,0.02,0.66,0.32,0.12,0.7,0.13,0.96,0.09,0.45,-0.45,0.15,0.16,4.28,0.11,0.44,0.44,0.33,0.85,0.12,0.28,0.82,0.9
1,0.05,0.57,0.02,0.66,0.32,0.12,0.7,0.13,0.96,0.09,0.45,-0.45,0.15,0.16,4.28,0.11,0.44,0.44,0.33,0.85,0.12,0.28,0.82,0.9
1,0.05,0.57,0.02,0.66,0.32,0.12,0.7,0.13,0.96,0.09,0.45,-0.45,0.15,0.16,4.28,0.11,0.44,0.44,0.33,0.85,0.12,0.28,0.82,0.9
1,0.05,0.57,0.02,0.66,0.32,0.12,0.7,0.13,0.96,0.09,0.45,-0.45,0.15,0.16,4.28,0.11,0.44,0.44,0.33,0.85,0.12,0.28,0.82,0.9
1,0.05,0.57,0.02,0.66,0.32,0.12,0.7,0.13,0.96,0.09,0.45,-0.45,0.15,0.16,4.28,0.11,0.44,0.44,0.33,0.85,0.12,0.28,0.82,0.9
1,0.05,0.57,0.02,0.66,0.32,0.12,0.7,0.13,0.96,0.09,0.45,-0.45,0.15,0.16,4.28,0.11,0.44,0.44,0.33,0.85,0.12,0.28,0.82,0.9
1,0.05,0.57,0.02,0.66,0.32,0.12,0.7,0.13,0.96,0.09,0.45,-0.45,0.15,0.16,4.28,0.11,0.44,0.44,0.33,0.85,0.12,0.28,0.82,0.9
1,0.05,0.57,0.02,0.66,0.32,0.12,0.7,0.13,0.96,0.09,0.45,-0.45,0.15,0.16,4.28,0.11,0.44,0.44,0.33,0.85,0.12,0.28,0.82,0.9
1,0.05,0.57,0.02,0.66,0.32,0.12,0.7,0.13,0.96,0.09,0.45,-0.45,0.15,0.16,4.28,0.11,0.44,0.44,0.33,0.85,0.12,0.28,0.82,0.9
1,0.47,0.32,0.5,0.44,0.67,0.1,0.77,0.01,0.99,0.07,-0.05,1.1,0.09,0.07,1.14,0.07,0.35,0.62,0.27,0.72,0.08,0.27,0.72,0.93
1,0.47,0.32,0.5,0.44,0.67,0.1,0.77,0.01,0.99,0.07,-0.05,1.1,0.09,0.07,1.14,0.07,0.35,0.62,0.27,0.72,0.08,0.27,0.72,0.93
1,0.47,0.32,0.5,0.44,0.67,0.1,0.77,0.01,0.99,0.07,-0.05,1.1,0.09,0.07,1.14,0.07,0.35,0.62,0.27,0.72,0.08,0.27,0.72,0.93
1,0.47,0.32,0.5,0.44,0.67,0.1,0.77,0.01,0.99,0.07,-0.05,1.1,0.09,0.07,1.14,0.07,0.35,0.62,0.27,0.72,0.08,0.27,0.72,0.93
1,0.47,0.32,0.5,0.44,0.67,0.1,0.77,0.01,0.99,0.07,-0.05,1.1,0.09,0.07,1.14,0.07,0.35,0.62,0.27,0.72,0.08,0.27,0.72,0.93
1,0.47,0.32,0.5,0.44,0.67,0.1,0.77,0.01,0.99,0.07,-0.05,1.1,0.09,0.07,1.14,0.07,0.35,0.62,0.27,0.72,0.08,0.27,0.72,0.93
1,0.47,0.32,0.5,0.44,0.67,0.1,0.77,0.01,0.99,0.07,-0.05,1.1,0.09,0.07,1.14,0.07,0.35,0.62,0.27,0.72,0.08,0.27,0.72,0.93
1,0.47,0.32,0.5,0.44,0.67,0.1,0.77,0.01,0.99,0.07,-0.05,1.1,0.09,0.07,1.14,0.07,0.35,0.62,0.27,0.72,0.08,0.27,0.72,0.93
1,0.47,0.32,0.5,0.44,0.67,0.1,0.77,0.01,0.99,0.07,-0.05,1.1,0.09,0.07,1.14,0.07,0.35,0.62,0.27,0.72,0.08,0.27,0.72,0.93
1,0.47,0.32,0.5,0.44,0.67,0.1,0.77,0.01,0.99,0.07,-0.05,1.1,0.09,0.07,1.14,0.07,0.35,0.62,0.27,0.72,0.08,0.27,0.72,0.93
1,0.47,0.32,0.5,0.44,0.67,0.1,0.77,0.01,0.99,0.07,-0.05,1.1,0.09,0.07,1.14,0.07,0.35,0.62,0.27,0.72,0.08,0.27,0.72,0.93
1,0.47,0.32,0.5,0.44,0.67,0.1,0.77,0.01,0.99,0.07,-0.05,1.1,0.09,0.07,1.14,0.07,0.35,0.62,0.27,0.72,0.08,0.27,0.72,0.93
1,0.06,0.45,0.04,0.73,0.55,0.19,0.54,0.13,0.93,0.11,0.3,-1.04,0.12,0.12,3.01,0.09,0.38,2.48,0.33,0.66,0.19,0.3,0.62,0.75
1,0.06,0.45,0.04,0.73,0.55,0.19,0.54,0.13,0.93,0.11,0.3,-1.04,0.12,0.12,3.01,0.09,0.38,2.48,0.33,0.66,0.19,0.3,0.62,0.75
1,0.06,0.45,0.04,0.73,0.55,0.19,0.54,0.13,0.93,0.11,0.3,-1.04,0.12,0.12,3.01,0.09,0.38,2.48,0.33,0.66,0.19,0.3,0.62,0.75
1,0.06,0.45,0.04,0.73,0.55,0.19,0.54,0.13,0.93,0.11,0.3,-1.04,0.12,0.12,3.01,0.09,0.38,2.48,0.33,0.66,0.19,0.3,0.62,0.75
1,0.06,0.45,0.04,0.73,0.55,0.19,0.54,0.13,0.93,0.11,0.3,-1.04,0.12,0.12,3.01,0.09,0.38,2.48,0.33,0.66,0.19,0.3,0.62,0.75
1,0.06,0.45,0.04,0.73,0.55,0.19,0.54,0.13,0.93,0.11,0.3,-1.04,0.12,0.12,3.01,0.09,0.38,2.48,0.33,0.66,0.19,0.3,0.62,0.75
1,0.06,0.45,0.04,0.73,0.55,0.19,0.54,0.13,0.93,0.11,0.3,-1.04,0.12,0.12,3.01,0.09,0.38,2.48,0.33,0.66,0.19,0.3,0.62,0.75
1,0.06,0.45,0.04,0.73,0.55,0.19,0.54,0.13,0.93,0.11,0.3,-1.04,0.12,0.12,3.01,0.09,0.38,2.48,0.33,0.66,0.19,0.3,0.62,0.75
1,0.06,0.45,0.04,0.73,0.55,0.19,0.54,0.13,0.93,0.11,0.3,-1.04,0.12,0.12,3.01,0.09,0.38,2.48,0.33,0.66,0.19,0.3,0.62,0.75
1,0.06,0.45,0.04,0.73,0.55,0.19,0.54,0.13,0.93,0.11,0.3,-1.04,0.12,0.12,3.01,0.09,0.38,2.48,0.33,0.66,0.19,0.3,0.62,0.75
1,0.06,0.45,0.04,0.73,0.55,0.19,0.54,0.13,0.93,0.11,0.3,-1.04,0.12,0.12,3.01,0.09,0.38,2.48,0.33,0.66,0.19,0.3,0.62,0.75
1,0.06,0.45,0.04,0.73,0.55,0.19,0.54,0.13,0.93,0.11,0.3,-1.04,0.12,0.12,3.01,0.09,0.38,2.48,0.33,0.66,0.19,0.3,0.62,0.75
1,0.44,0.42,0.1,0.37,0.38,0.1,0.83,0.03,0.98,0.11,0.42,-0.27,0.18,0.18,0.2,0.15,0.36,0.12,0.34,0.46,0.15,0.34,0.47,0.69
1,0.44,0.42,0.1,0.37,0.38,0.1,0.83,0.03,0.98,0.11,0.42,-0.27,0.18,0.18,0.2,0.15,0.36,0.12,0.34,0.46,0.15,0.34,0.47,0.69
1,0.44,0.42,0.1,0.37,0.38,0.1,0.83,0.03,0.98,0.11,0.42,-0.27,0.18,0.18,0.2,0.15,0.36,0.12,0.34,0.46,0.15,0.34,0.47,0.69
1,0.44,0.42,0.1,0.37,0.38,0.1,0.83,0.03,0.98,0.11,0.42,-0.27,0.18,0.18,0.2,0.15,0.36,0.12,0.34,0.46,0.15,0.34,0.47,0.69
1,0.44,0.42,0.1,0.37,0.38,0.1,0.83,0.03,0.98,0.11,0.42,-0.27,0.18,0.18,0.2,0.15,0.36,0.12,0.34,0.46,0.15,0.34,0.47,0.69
1,0.44,0.42,0.1,0.37,0.38,0.1,0.83,0.03,0.98,0.11,0.42,-0.27,0.18,0.18,0.2,0.15,0.36,0.12,0.34,0.46,0.15,0.34,0.47,0.69
1,0.44,0.42,0.1,0.37,0.38,0.1,0.83,0.03,0.98,0.11,0.42,-0.27,0.18,0.18,0.2,0.15,0.36,0.12,0.34,0.46,0.15,0.34,0.47,0.69
1,0.44,0.42,0.1,0.37,0.38,0.1,0.83,0.03,0.98,0.11,0.42,-0.27,0.18,0.18,0.2,0.15,0.36,0.12,0.34,0.46,0.15,0.34,0.47,0.69
1,0.44,0.42,0.1,0.37,0.38,0.1,0.83,0.03,0.98,0.11,0.42,-0.27,0.18,0.18,0.2,0.15,0.36,0.12,0.34,0.46,0.15,0.34,0.47,0.69
1,0.44,0.42,0.1,0.37,0.38,0.1,0.83,0.03,0.98,0.11,0.42,-0.27,0.18,0.18,0.2,0.15,0.36,0.12,0.34,0.46,0.15,0.34,0.47,0.69
1,0.44,0.42,0.1,0.37,0.38,0.1,0.83,0.03,0.98,0.11,0.42,-0.27,0.18,0.18,0.2,0.15,0.36,0.12,0.34,0.46,0.15,0.34,0.47,0.69
1,0.44,0.42,0.1,0.37,0.38,0.1,0.83,0.03,0.98,0.11,0.42,-0.27,0.18,0.18,0.2,0.15,0.36,0.12,0.34,0.46,0.15,0.34,0.47,0.69
1,0.05,0.52,0.14,0.47,0.53,0.11,0.61,0.23,0.91,0.1,0.18,1.22,0.19,0.17,10.3,0.13,0.49,11.65,0.31,0.72,0.11,0.29,0.69,0.88
1,0.05,0.52,0.14,0.47,0.53,0.11,0.61,0.23,0.91,0.1,0.18,1.22,0.19,0.17,10.3,0.13,0.49,11.65,0.31,0.72,0.11,0.29,0.69,0.88
1,0.05,0.52,0.14,0.47,0.53,0.11,0.61,0.23,0.91,0.1,0.18,1.22,0.19,0.17,10.3,0.13,0.49,11.65,0.31,0.72,0.11,0.29,0.69,0.88
1,0.05,0.52,0.14,0.47,0.53,0.11,0.61,0.23,0.91,0.1,0.18,1.22,0.19,0.17,10.3,0.13,0.49,11.65,0.31,0.72,0.11,0.29,0.69,0.88
1,0.05,0.52,0.14,0.47,0.53,0.11,0.61,0.23,0.91,0.1,0.18,1.22,0.19,0.17,10.3,0.13,0.49,11.65,0.31,0.72,0.11,0.29,0.69,0.88
1,0.05,0.52,0.14,0.47,0.53,0.11,0.61,0.23,0.91,0.1,0.18,1.22,0.19,0.17,10.3,0.13,0.49,11.65,0.31,0.72,0.11,0.29,0.69,0.88
1,0.05,0.52,0.14,0.47,0.53,0.11,0.61,0.23,0.91,0.1,0.18,1.22,0.19,0.17,10.3,0.13,0.49,11.65,0.31,0.72,0.11,0.29,0.69,0.88
1,0.05,0.52,0.14,0.47,0.53,0.11,0.61,0.23,0.91,0.1,0.18,1.22,0.19,0.17,10.3,0.13,0.49,11.65,0.31,0.72,0.11,0.29,0.69,0.88
1,0.05,0.52,0.14,0.47,0.53,0.11,0.61,0.23,0.91,0.1,0.18,1.22,0.19,0.17,10.3,0.13,0.49,11.65,0.31,0.72,0.11,0.29,0.69,0.88
1,0.05,0.52,0.14,0.47,0.53,0.11,0.61,0.23,0.91,0.1,0.18,1.22,0.19,0.17,10.3,0.13,0.49,11.65,0.31,0.72,0.11,0.29,0.69,0.88
1,0.05,0.52,0.14,0.47,0.53,0.11,0.61,0.23,0.91,0.1,0.18,1.22,0.19,0.17,10.3,0.13,0.49,11.65,0.31,0.72,0.11,0.29,0.69,0.88
1,0.05,0.52,0.14,0.47,0.53,0.11,0.61,0.23,0.91,0.1,0.18,1.22,0.19,0.17,10.3,0.13,0.49,11.65,0.31,0.72,0.11,0.29,0.69,0.88
1,0.11,0.4,0.3,0.42,0.48,0.15,0.67,0.26,0.92,0.13,-0.0,-0.29,0.12,0.12,0.41,0.1,0.25,0.09,0.37,0.7,0.22,0.37,0.7,0.76
1,0.11,0.4,0.3,0.42,0.48,0.15,0.67,0.26,0.92,0.13,-0.0,-0.29,0.12,0.12,0.41,0.1,0.25,0.09,0.37,0.7,0.22,0.37,0.7,0.76
1,0.11,0.4,0.3,0.42,0.48,0.15,0.67,0.26,0.92,0.13,-0.0,-0.29,0.12,0.12,0.41,0.1,0.25,0.09,0.37,0.7,0.22,0.37,0.7,0.76
1,0.11,0.4,0.3,0.42,0.48,0.15,0.67,0.26,0.92,0.13,-0.0,-0.29,0.12,0.12,0.41,0.1,0.25,0.09,0.37,0.7,0.22,0.37,0.7,0.76
1,0.11,0.4,0.3,0.42,0.48,0.15,0.67,0.26,0.92,0.13,-0.0,-0.29,0.12,0.12,0.41,0.1,0.25,0.09,0.37,0.7,0.22,0.37,0.7,0.76
1,0.11,0.4,0.3,0.42,0.48,0.15,0.67,0.26,0.92,0.13,-0.0,-0.29,0.12,0.12,0.41,0.1,0.25,0.09,0.37,0.7,0.22,0.37,0.7,0.76
1,0.11,0.4,0.3,0.42,0.48,0.15,0.67,0.26,0.92,0.13,-0.0,-0.29,0.12,0.12,0.41,0.1,0.25,0.09,0.37,0.7,0.22,0.37,0.7,0.76
1,0.11,0.4,0.3,0.42,0.48,0.15,0.67,0.26,0.92,0.13,-0.0,-0.29,0.12,0.12,0.41,0.1,0.25,0.09,0.37,0.7,0.22,0.37,0.7,0.76
1,0.11,0.4,0.3,0.42,0.48,0.15,0.67,0.26,0.92,0.13,-0.0,-0.29,0.12,0.12,0.41,0.1,0.25,0.09,0.37,0.7,0.22,0.37,0.7,0.76
1,0.11,0.4,0.3,0.42,0.48,0.15,0.67,0.26,0.92,0.13,-0.0,-0.29,0.12,0.12,0.41,0.1,0.25,0.09,0.37,0.7,0.22,0.37,0.7,0.76
1,0.11,0.4,0.3,0.42,0.48,0.15,0.67,0.26,0.92,0.13,-0.0,-0.29,0.12,0.12,0.41,0.1,0.25,0.09,0.37,0.7,0.22,0.37,0.7,0.76
1,0.11,0.4,0.3,0.42,0.48,0.15,0.67,0.26,0.92,0.13,-0.0,-0.29,0.12,0.12,0.41,0.1,0.25,0.09,0.37,0.7,0.22,0.37,0.7,0.76
1,0.05,0.6,0.05,0.65,0.42,0.18,0.63,0.04,0.97,0.1,0.36,-0.72,0.11,0.12,3.57,0.08,0.25,0.88,0.27,0.77,0.21,0.23,0.73,0.87
1,0.05,0.6,0.05,0.65,0.42,0.18,0.63,0.04,0.97,0.1,0.36,-0.72,0.11,0.12,3.57,0.08,0.25,0.88,0.27,0.77,0.21,0.23,0.73,0.87
1,0.05,0.6,0.05,0.65,0.42,0.18,0.63,0.04,0.97,0.1,0.36,-0.72,0.11,0.12,3.57,0.08,0.25,0.88,0.27,0.77,0.21,0.23,0.73,0.87
1,0.05,0.6,0.05,0.65,0.42,0.18,0.63,0.04,0.97,0.1,0.36,-0.72,0.11,0.12,3.57,0.08,0.25,0.88,0.27,0.77,0.21,0.23,0.73,0.87
1,0.05,0.6,0.05,0.65,0.42,0.18,0.63,0.04,0.97,0.1,0.36,-0.72,0.11,0.12,3.57,0.08,0.25,0.88,0.27,0.77,0.21,0.23,0.73,0.87
1,0.05,0.6,0.05,0.65,0.42,0.18,0.63,0.04,0.97,0.1,0.36,-0.72,0.11,0.12,3.57,0.08,0.25,0.88,0.27,0.77,0.21,0.23,0.73,0.87
1,0.05,0.6,0.05,0.65,0.42,0.18,0.63,0.04,0.97,0.1,0.36,-0.72,0.11,0.12,3.57,0.08,0.25,0.88,0.27,0.77,0.21,0.23,0.73,0.87
1,0.05,0.6,0.05,0.65,0.42,0.18,0.63,0.04,0.97,0.1,0.36,-0.72,0.11,0.12,3.57,0.08,0.25,0.88,0.27,0.77,0.21,0.23,0.73,0.87
1,0.05,0.6,0.05,0.65,0.42,0.18,0.63,0.04,0.97,0.1,0.36,-0.72,0.11,0.12,3.57,0.08,0.25,0.88,0.27,0.77,0.21,0.23,0.73,0.87
1,0.05,0.6,0.05,0.65,0.42,0.18,0.63,0.04,0.97,0.1,0.36,-0.72,0.11,0.12,3.57,0.08,0.25,0.88,0.27,0.77,0.21,0.23,0.73,0.87
1,0.05,0.6,0.05,0.65,0.42,0.18,0.63,0.04,0.97,0.1,0.36,-0.72,0.11,0.12,3.57,0.08,0.25,0.88,0.27,0.77,0.21,0.23,0.73,0.87
1,0.05,0.6,0.05,0.65,0.42,0.18,0.63,0.04,0.97,0.1,0.36,-0.72,0.11,0.12,3.57,0.08,0.25,0.88,0.27,0.77,0.21,0.23,0.73,0.87
1,0.18,0.5,0.37,0.66,0.61,0.1,0.48,0.43,0.84,0.14,-0.39,-1.11,0.2,0.21,9.23,0.1,0.37,5.6,0.26,0.85,0.18,0.26,0.85,0.92
1,0.18,0.5,0.37,0.66,0.61,0.1,0.48,0.43,0.84,0.14,-0.39,-1.11,0.2,0.21,9.23,0.1,0.37,5.6,0.26,0.85,0.18,0.26,0.85,0.92
1,0.18,0.5,0.37,0.66,0.61,0.1,0.48,0.43,0.84,0.14,-0.39,-1.11,0.2,0.21,9.23,0.1,0.37,5.6,0.26,0.85,0.18,0.26,0.85,0.92
1,0.18,0.5,0.37,0.66,0.61,0.1,0.48,0.43,0.84,0.14,-0.39,-1.11,0.2,0.21,9.23,0.1,0.37,5.6,0.26,0.85,0.18,0.26,0.85,0.92
1,0.18,0.5,0.37,0.66,0.61,0.1,0.48,0.43,0.84,0.14,-0.39,-1.11,0.2,0.21,9.23,0.1,0.37,5.6,0.26,0.85,0.18,0.26,0.85,0.92
1,0.18,0.5,0.37,0.66,0.61,0.1,0.48,0.43,0.84,0.14,-0.39,-1.11,0.2,0.21,9.23,0.1,0.37,5.6,0.26,0.85,0.18,0.26,0.85,0.92
1,0.18,0.5,0.37,0.66,0.61,0.1,0.48,0.43,0.84,0.14,-0.39,-1.11,0.2,0.21,9.23,0.1,0.37,5.6,0.26,0.85,0.18,0.26,0.85,0.92
1,0.18,0.5,0.37,0.66,0.61,0.1,0.48,0.43,0.84,0.14,-0.39,-1.11,0.2,0.21,9.23,0.1,0.37,5.6,0.26,0.85,0.18,0.26,0.85,0.92
1,0.18,0.5,0.37,0.66,0.61,0.1,0.48,0.43,0.84,0.14,-0.39,-1.11,0.2,0.21,9.23,0.1,0.37,5.6,0.26,0.85,0.18,0.26,0.85,0.92
1,0.18,0.5,0.37,0.66,0.61,0.1,0.48,0.43,0.84,0.14,-0.39,-1.11,0.2,0.21,9.23,0.1,0.37,5.6,0.26,0.85,0.18,0.26,0.85,0.92
1,0.18,0.5,0.37,0.66,0.61,0.1,0.48,0.43,0.84,0.14,-0.39,-1.11,0.2,0.21,9.23,0.1,0.37,5.6,0.26,0.85,0.18,0.26,0.85,0.92
1,0.18,0.5,0.37,0.66,0.61,0.1,0.48,0.43,0.84,0.14,-0.39,-1.11,0.2,0.21,9.23,0.1,0.37,5.6,0.26,0.85,0.18,0.26,0.85,0.92
1,0.02,0.39,0.07,0.49,0.47,0.12,0.79,0.04,0.97,0.12,0.08,-0.21,0.1,0.09,0.76,0.09,0.21,0.81,0.3,0.52,0.16,0.32,0.54,0.89
1,0.02,0.39,0.07,0.49,0.47,0.12,0.79,0.04,0.97,0.12,0.08,-0.21,0.1,0.09,0.76,0.09,0.21,0.81,0.3,0.52,0.16,0.32,0.54,0.89
1,0.02,0.39,0.07,0.49,0.47,0.12,0.79,0.04,0.97,0.12,0.08,-0.21,0.1,0.09,0.76,0.09,0.21,0.81,0.3,0.52,0.16,0.32,0.54,0.89
1,0.02,0.39,0.07,0.49,0.47,0.12,0.79,0.04,0.97,0.12,0.08,-0.21,0.1,0.09,0.76,0.09,0.21,0.81,0.3,0.52,0.16,0.32,0.54,0.89
1,0.02,0.39,0.07,0.49,0.47,0.12,0.79,0.04,0.97,0.12,0.08,-0.21,0.1,0.09,0.76,0.09,0.21,0.81,0.3,0.52,0.16,0.32,0.54,0.89
1,0.02,0.39,0.07,0.49,0.47,0.12,0.79,0.04,0.97,0.12,0.08,-0.21,0.1,0.09,0.76,0.09,0.21,0.81,0.3,0.52,0.16,0.32,0.54,0.89
1,0.02,0.39,0.07,0.49,0.47,0.12,0.79,0.04,0.97,0.12,0.08,-0.21,0.1,0.09,0.76,0.09,0.21,0.81,0.3,0.52,0.16,0.32,0.54,0.89
1,0.02,0.39,0.07,0.49,0.47,0.12,0.79,0.04,0.97,0.12,0.08,-0.21,0.1,0.09,0.76,0.09,0.21,0.81,0.3,0.52,0.16,0.32,0.54,0.89
1,0.02,0.39,0.07,0.49,0.47,0.12,0.79,0.04,0.97,0.12,0.08,-0.21,0.1,0.09,0.76,0.09,0.21,0.81,0.3,0.52,0.16,0.32,0.54,0.89
1,0.02,0.39,0.07,0.49,0.47,0.12,0.79,0.04,0.97,0.12,0.08,-0.21,0.1,0.09,0.76,0.09,0.21,0.81,0.3,0.52,0.16,0.32,0.54,0.89
1,0.02,0.39,0.07,0.49,0.47,0.12,0.79,0.04,0.97,0.12,0.08,-0.21,0.1,0.09,0.76,0.09,0.21,0.81,0.3,0.52,0.16,0.32,0.54,0.89
1,0.02,0.39,0.07,0.49,0.47,0.12,0.79,0.04,0.97,0.12,0.08,-0.21,0.1,0.09,0.76,0.09,0.21,0.81,0.3,0.52,0.16,0.32,0.54,0.89
1,0.56,0.48,0.14,0.52,0.51,0.16,0.82,0.03,0.98,0.21,-0.18,0.08,0.19,0.17,0.85,0.24,0.47,3.55,0.28,0.87,0.21,0.29,0.87,0.89
1,0.56,0.48,0.14,0.52,0.51,0.16,0.82,0.03,0.98,0.21,-0.18,0.08,0.19,0.17,0.85,0.24,0.47,3.55,0.28,0.87,0.21,0.29,0.87,0.89
1,0.56,0.48,0.14,0.52,0.51,0.16,0.82,0.03,0.98,0.21,-0.18,0.08,0.19,0.17,0.85,0.24,0.47,3.55,0.28,0.87,0.21,0.29,0.87,0.89
1,0.56,0.48,0.14,0.52,0.51,0.16,0.82,0.03,0.98,0.21,-0.18,0.08,0.19,0.17,0.85,0.24,0.47,3.55,0.28,0.87,0.21,0.29,0.87,0.89
1,0.56,0.48,0.14,0.52,0.51,0.16,0.82,0.03,0.98,0.21,-0.18,0.08,0.19,0.17,0.85,0.24,0.47,3.55,0.28,0.87,0.21,0.29,0.87,0.89
1,0.56,0.48,0.14,0.52,0.51,0.16,0.82,0.03,0.98,0.21,-0.18,0.08,0.19,0.17,0.85,0.24,0.47,3.55,0.28,0.87,0.21,0.29,0.87,0.89
1,0.56,0.48,0.14,0.52,0.51,0.16,0.82,0.03,0.98,0.21,-0.18,0.08,0.19,0.17,0.85,0.24,0.47,3.55,0.28,0.87,0.21,0.29,0.87,0.89
1,0.56,0.48,0.14,0.52,0.51,0.16,0.82,0.03,0.98,0.21,-0.18,0.08,0.19,0.17,0.85,0.24,0.47,3.55,0.28,0.87,0.21,0.29,0.87,0.89
1,0.56,0.48,0.14,0.52,0.51,0.16,0.82,0.03,0.98,0.21,-0.18,0.08,0.19,0.17,0.85,0.24,0.47,3.55,0.28,0.87,0.21,0.29,0.87,0.89
1,0.56,0.48,0.14,0.52,0.51,0.16,0.82,0.03,0.98,0.21,-0.18,0.08,0.19,0.17,0.85,0.24,0.47,3.55,0.28,0.87,0.21,0.29,0.87,0.89
1,0.56,0.48,0.14,0.52,0.51,0.16,0.82,0.03,0.98,0.21,-0.18,0.08,0.19,0.17,0.85,0.24,0.47,3.55,0.28,0.87,0.21,0.29,0.87,0.89
1,0.56,0.48,0.14,0.52,0.51,0.16,0.82,0.03,0.98,0.21,-0.18,0.08,0.19,0.17,0.85,0.24,0.47,3.55,0.28,0.87,0.21,0.29,0.87,0.89
1,0.36,0.29,0.19,0.42,0.46,0.19,0.76,0.08,0.93,0.19,0.29,0.4,0.15,0.15,1.2,0.14,0.25,3.14,0.26,0.84,0.19,0.26,0.84,0.94
1,0.36,0.29,0.19,0.42,0.46,0.19,0.76,0.08,0.93,0.19,0.29,0.4,0.15,0.15,1.2,0.14,0.25,3.14,0.26,0.84,0.19,0.26,0.84,0.94
1,0.36,0.29,0.19,0.42,0.46,0.19,0.76,0.08,0.93,0.19,0.29,0.4,0.15,0.15,1.2,0.14,0.25,3.14,0.26,0.84,0.19,0.26,0.84,0.94
1,0.36,0.29,0.19,0.42,0.46,0.19,0.76,0.08,0.93,0.19,0.29,0.4,0.15,0.15,1.2,0.14,0.25,3.14,0.26,0.84,0.19,0.26,0.84,0.94
1,0.36,0.29,0.19,0.42,0.46,0.19,0.76,0.08,0.93,0.19,0.29,0.4,0.15,0.15,1.2,0.14,0.25,3.14,0.26,0.84,0.19,0.26,0.84,0.94
1,0.36,0.29,0.19,0.42,0.46,0.19,0.76,0.08,0.93,0.19,0.29,0.4,0.15,0.15,1.2,0.14,0.25,3.14,0.26,0.84,0.19,0.26,0.84,0.94
1,0.36,0.29,0.19,0.42,0.46,0.19,0.76,0.08,0.93,0.19,0.29,0.4,0.15,0.15,1.2,0.14,0.25,3.14,0.26,0.84,0.19,0.26,0.84,0.94
1,0.36,0.29,0.19,0.42,0.46,0.19,0.76,0.08,0.93,0.19,0.29,0.4,0.15,0.15,1.2,0.14,0.25,3.14,0.26,0.84,0.19,0.26,0.84,0.94
1,0.36,0.29,0.19,0.42,0.46,0.19,0.76,0.08,0.93,0.19,0.29,0.4,0.15,0.15,1.2,0.14,0.25,3.14,0.26,0.84,0.19,0.26,0.84,0.94
1,0.36,0.29,0.19,0.42,0.46,0.19,0.76,0.08,0.93,0.19,0.29,0.4,0.15,0.15,1.2,0.14,0.25,3.14,0.26,0.84,0.19,0.26,0.84,0.94
1,0.36,0.29,0.19,0.42,0.46,0.19,0.76,0.08,0.93,0.19,0.29,0.4,0.15,0.15,1.2,0.14,0.25,3.14,0.26,0.84,0.19,0.26,0.84,0.94
1,0.36,0.29,0.19,0.42,0.46,0.19,0.76,0.08,0.93,0.19,0.29,0.4,0.15,0.15,1.2,0.14,0.25,3.14,0.26,0.84,0.19,0.26,0.84,0.94
1,0.08,0.5,0.02,0.71,0.7,0.16,0.56,0.12,0.93,0.1,-0.19,-0.24,0.19,0.18,1.47,0.13,0.57,5.03,0.31,0.58,0.12,0.28,0.53,0.78
1,0.08,0.5,0.02,0.71,0.7,0.16,0.56,0.12,0.93,0.1,-0.19,-0.24,0.19,0.18,1.47,0.13,0.57,5.03,0.31,0.58,0.12,0.28,0.53,0.78
1,0.08,0.5,0.02,0.71,0.7,0.16,0.56,0.12,0.93,0.1,-0.19,-0.24,0.19,0.18,1.47,0.13,0.57,5.03,0.31,0.58,0.12,0.28,0.53,0.78
1,0.08,0.5,0.02,0.71,0.7,0.16,0.56,0.12,0.93,0.1,-0.19,-0.24,0.19,0.18,1.47,0.13,0.57,5.03,0.31,0.58,0.12,0.28,0.53,0.78
1,0.08,0.5,0.02,0.71,0.7,0.16,0.56,0.12,0.93,0.1,-0.19,-0.24,0.19,0.18,1.47,0.13,0.57,5.03,0.31,0.58,0.12,0.28,0.53,0.78
1,0.08,0.5,0.02,0.71,0.7,0.16,0.56,0.12,0.93,0.1,-0.19,-0.24,0.19,0.18,1.47,0.13,0.57,5.03,0.31,0.58,0.12,0.28,0.53,0.78
1,0.08,0.5,0.02,0.71,0.7,0.16,0.56,0.12,0.93,0.1,-0.19,-0.24,0.19,0.18,1.47,0.13,0.57,5.03,0.31,0.58,0.12,0.28,0.53,0.78
1,0.08,0.5,0.02,0.71,0.7,0.16,0.56,0.12,0.93,0.1,-0.19,-0.24,0.19,0.18,1.47,0.13,0.57,5.03,0.31,0.58,0.12,0.28,0.53,0.78
1,0.08,0.5,0.02,0.71,0.7,0.16,0.56,0.12,0.93,0.1,-0.19,-0.24,0.19,0.18,1.47,0.13,0.57,5.03,0.31,0.58,0.12,0.28,0.53,0.78
1,0.08,0.5,0.02,0.71,0.7,0.16,0.56,0.12,0.93,0.1,-0.19,-0.24,0.19,0.18,1.47,0.13,0.57,5.03,0.31,0.58,0.12,0.28,0.53,0.78
1,0.08,0.5,0.02,0.71,0.7,0.16,0.56,0.12,0.93,0.1,-0.19,-0.24,0.19,0.18,1.47,0.13,0.57,5.03,0.31,0.58,0.12,0.28,0.53,0.78
1,0.08,0.5,0.02,0.71,0.7,0.16,0.56,0.12,0.93,0.1,-0.19,-0.24,0.19,0.18,1.47,0.13,0.57,5.03,0.31,0.58,0.12,0.28,0.53,0.78
1,0.06,0.56,0.04,0.67,0.49,0.14,0.49,0.05,0.95,0.09,0.08,-0.02,0.15,0.15,1.05,0.11,0.34,0.65,0.23,0.6,0.16,0.21,0.55,0.73
1,0.06,0.56,0.04,0.67,0.49,0.14,0.49,0.05,0.95,0.09,0.08,-0.02,0.15,0.15,1.05,0.11,0.34,0.65,0.23,0.6,0.16,0.21,0.55,0.73
1,0.06,0.56,0.04,0.67,0.49,0.14,0.49,0.05,0.95,0.09,0.08,-0.02,0.15,0.15,1.05,0.11,0.34,0.65,0.23,0.6,0.16,0.21,0.55,0.73
1,0.06,0.56,0.04,0.67,0.49,0.14,0.49,0.05,0.95,0.09,0.08,-0.02,0.15,0.15,1.05,0.11,0.34,0.65,0.23,0.6,0.16,0.21,0.55,0.73
1,0.06,0.56,0.04,0.67,0.49,0.14,0.49,0.05,0.95,0.09,0.08,-0.02,0.15,0.15,1.05,0.11,0.34,0.65,0.23,0.6,0.16,0.21,0.55,0.73
1,0.06,0.56,0.04,0.67,0.49,0.14,0.49,0.05,0.95,0.09,0.08,-0.02,0.15,0.15,1.05,0.11,0.34,0.65,0.23,0.6,0.16,0.21,0.55,0.73
1,0.06,0.56,0.04,0.67,0.49,0.14,0.49,0.05,0.95,0.09,0.08,-0.02,0.15,0.15,1.05,0.11,0.34,0.65,0.23,0.6,0.16,0.21,0.55,0.73
1,0.06,0.56,0.04,0.67,0.49,0.14,0.49,0.05,0.95,0.09,0.08,-0.02,0.15,0.15,1.05,0.11,0.34,0.65,0.23,0.6,0.16,0.21,0.55,0.73
1,0.06,0.56,0.04,0.67,0.49,0.14,0.49,0.05,0.95,0.09,0.08,-0.02,0.15,0.15,1.05,0.11,0.34,0.65,0.23,0.6,0.16,0.21,0.55,0.73
1,0.06,0.56,0.04,0.67,0.49,0.14,0.49,0.05,0.95,0.09,0.08,-0.02,0.15,0.15,1.05,0.11,0.34,0.65,0.23,0.6,0.16,0.21,0.55,0.73
1,0.06,0.56,0.04,0.67,0.49,0.14,0.49,0.05,0.95,0.09,0.08,-0.02,0.15,0.15,1.05,0.11,0.34,0.65,0.23,0.6,0.16,0.21,0.55,0.73
1,0.06,0.56,0.04,0.67,0.49,0.14,0.49,0.05,0.95,0.09,0.08,-0.02,0.15,0.15,1.05,0.11,0.34,0.65,0.23,0.6,0.16,0.21,0.55,0.73
1,0.47,0.48,0.23,0.31,0.39,0.22,0.68,0.07,0.96,0.13,0.53,0.23,0.09,0.09,0.93,0.05,0.16,0.1,0.3,0.78,0.24,0.3,0.77,0.88
1,0.47,0.48,0.23,0.31,0.39,0.22,0.68,0.07,0.96,0.13,0.53,0.23,0.09,0.09,0.93,0.05,0.16,0.1,0.3,0.78,0.24,0.3,0.77,0.88
1,0.47,0.48,0.23,0.31,0.39,0.22,0.68,0.07,0.96,0.13,0.53,0.23,0.09,0.09,0.93,0.05,0.16,0.1,0.3,0.78,0.24,0.3,0.77,0.88
1,0.47,0.48,0.23,0.31,0.39,0.22,0.68,0.07,0.96,0.13,0.53,0.23,0.09,0.09,0.93,0.05,0.16,0.1,0.3,0.78,0.24,0.3,0.77,0.88
1,0.47,0.48,0.23,0.31,0.39,0.22,0.68,0.07,0.96,0.13,0.53,0.23,0.09,0.09,0.93,0.05,0.16,0.1,0.3,0.78,0.24,0.3,0.77,0.88
1,0.47,0.48,0.23,0.31,0.39,0.22,0.68,0.07,0.96,0.13,0.53,0.23,0.09,0.09,0.93,0.05,0.16,0.1,0.3,0.78,0.24,0.3,0.77,0.88
1,0.47,0.48,0.23,0.31,0.39,0.22,0.68,0.07,0.96,0.13,0.53,0.23,0.09,0.09,0.93,0.05,0.16,0.1,0.3,0.78,0.24,0.3,0.77,0.88
1,0.47,0.48,0.23,0.31,0.39,0.22,0.68,0.07,0.96,0.13,0.53,0.23,0.09,0.09,0.93,0.05,0.16,0.1,0.3,0.78,0.24,0.3,0.77,0.88
1,0.47,0.48,0.23,0.31,0.39,0.22,0.68,0.07,0.96,0.13,0.53,0.23,0.09,0.09,0.93,0.05,0.16,0.1,0.3,0.78,0.24,0.3,0.77,0.88
1,0.47,0.48,0.23,0.31,0.39,0.22,0.68,0.07,0.96,0.13,0.53,0.23,0.09,0.09,0.93,0.05,0.16,0.1,0.3,0.78,0.24,0.3,0.77,0.88
1,0.47,0.48,0.23,0.31,0.39,0.22,0.68,0.07,0.96,0.13,0.53,0.23,0.09,0.09,0.93,0.05,0.16,0.1,0.3,0.78,0.24,0.3,0.77,0.88
1,0.47,0.48,0.23,0.31,0.39,0.22,0.68,0.07,0.96,0.13,0.53,0.23,0.09,0.09,0.93,0.05,0.16,0.1,0.3,0.78,0.24,0.3,0.77,0.88
1,0.3,0.42,0.21,0.43,0.52,0.19,0.72,0.28,0.88,0.18,-0.68,0.18,0.17,0.18,0.31,0.18,0.47,0.04,0.27,0.89,0.19,0.26,0.89,0.92
1,0.3,0.42,0.21,0.43,0.52,0.19,0.72,0.28,0.88,0.18,-0.68,0.18,0.17,0.18,0.31,0.18,0.47,0.04,0.27,0.89,0.19,0.26,0.89,0.92
1,0.3,0.42,0.21,0.43,0.52,0.19,0.72,0.28,0.88,0.18,-0.68,0.18,0.17,0.18,0.31,0.18,0.47,0.04,0.27,0.89,0.19,0.26,0.89,0.92
1,0.3,0.42,0.21,0.43,0.52,0.19,0.72,0.28,0.88,0.18,-0.68,0.18,0.17,0.18,0.31,0.18,0.47,0.04,0.27,0.89,0.19,0.26,0.89,0.92
1,0.3,0.42,0.21,0.43,0.52,0.19,0.72,0.28,0.88,0.18,-0.68,0.18,0.17,0.18,0.31,0.18,0.47,0.04,0.27,0.89,0.19,0.26,0.89,0.92
1,0.3,0.42,0.21,0.43,0.52,0.19,0.72,0.28,0.88,0.18,-0.68,0.18,0.17,0.18,0.31,0.18,0.47,0.04,0.27,0.89,0.19,0.26,0.89,0.92
1,0.3,0.42,0.21,0.43,0.52,0.19,0.72,0.28,0.88,0.18,-0.68,0.18,0.17,0.18,0.31,0.18,0.47,0.04,0.27,0.89,0.19,0.26,0.89,0.92
1,0.3,0.42,0.21,0.43,0.52,0.19,0.72,0.28,0.88,0.18,-0.68,0.18,0.17,0.18,0.31,0.18,0.47,0.04,0.27,0.89,0.19,0.26,0.89,0.92
1,0.3,0.42,0.21,0.43,0.52,0.19,0.72,0.28,0.88,0.18,-0.68,0.18,0.17,0.18,0.31,0.18,0.47,0.04,0.27,0.89,0.19,0.26,0.89,0.92
1,0.3,0.42,0.21,0.43,0.52,0.19,0.72,0.28,0.88,0.18,-0.68,0.18,0.17,0.18,0.31,0.18,0.47,0.04,0.27,0.89,0.19,0.26,0.89,0.92
1,0.3,0.42,0.21,0.43,0.52,0.19,0.72,0.28,0.88,0.18,-0.68,0.18,0.17,0.18,0.31,0.18,0.47,0.04,0.27,0.89,0.19,0.26,0.89,0.92
1,0.3,0.42,0.21,0.43,0.52,0.19,0.72,0.28,0.88,0.18,-0.68,0.18,0.17,0.18,0.31,0.18,0.47,0.04,0.27,0.89,0.19,0.26,0.89,0.92
1,0.05,0.63,0.05,0.71,0.37,0.2,0.6,0.02,0.98,0.11,0.47,-0.97,0.12,0.14,1.85,0.08,0.26,0.68,0.28,0.73,0.2,0.25,0.7,0.79
1,0.05,0.63,0.05,0.71,0.37,0.2,0.6,0.02,0.98,0.11,0.47,-0.97,0.12,0.14,1.85,0.08,0.26,0.68,0.28,0.73,0.2,0.25,0.7,0.79
1,0.05,0.63,0.05,0.71,0.37,0.2,0.6,0.02,0.98,0.11,0.47,-0.97,0.12,0.14,1.85,0.08,0.26,0.68,0.28,0.73,0.2,0.25,0.7,0.79
1,0.05,0.63,0.05,0.71,0.37,0.2,0.6,0.02,0.98,0.11,0.47,-0.97,0.12,0.14,1.85,0.08,0.26,0.68,0.28,0.73,0.2,0.25,0.7,0.79
1,0.05,0.63,0.05,0.71,0.37,0.2,0.6,0.02,0.98,0.11,0.47,-0.97,0.12,0.14,1.85,0.08,0.26,0.68,0.28,0.73,0.2,0.25,0.7,0.79
1,0.05,0.63,0.05,0.71,0.37,0.2,0.6,0.02,0.98,0.11,0.47,-0.97,0.12,0.14,1.85,0.08,0.26,0.68,0.28,0.73,0.2,0.25,0.7,0.79
1,0.05,0.63,0.05,0.71,0.37,0.2,0.6,0.02,0.98,0.11,0.47,-0.97,0.12,0.14,1.85,0.08,0.26,0.68,0.28,0.73,0.2,0.25,0.7,0.79
1,0.05,0.63,0.05,0.71,0.37,0.2,0.6,0.02,0.98,0.11,0.47,-0.97,0.12,0.14,1.85,0.08,0.26,0.68,0.28,0.73,0.2,0.25,0.7,0.79
1,0.05,0.63,0.05,0.71,0.37,0.2,0.6,0.02,0.98,0.11,0.47,-0.97,0.12,0.14,1.85,0.08,0.26,0.68,0.28,0.73,0.2,0.25,0.7,0.79
1,0.05,0.63,0.05,0.71,0.37,0.2,0.6,0.02,0.98,0.11,0.47,-0.97,0.12,0.14,1.85,0.08,0.26,0.68,0.28,0.73,0.2,0.25,0.7,0.79
1,0.05,0.63,0.05,0.71,0.37,0.2,0.6,0.02,0.98,0.11,0.47,-0.97,0.12,0.14,1.85,0.08,0.26,0.68,0.28,0.73,0.2,0.25,0.7,0.79
1,0.05,0.63,0.05,0.71,0.37,0.2,0.6,0.02,0.98,0.11,0.47,-0.97,0.12,0.14,1.85,0.08,0.26,0.68,0.28,0.73,0.2,0.25,0.7,0.79
1,0.06,0.49,0.12,0.41,0.49,0.14,0.68,0.09,0.96,0.14,0.27,0.86,0.13,0.1,12.24,0.18,0.32,14.88,0.3,0.72,0.18,0.29,0.71,0.82
1,0.06,0.49,0.12,0.41,0.49,0.14,0.68,0.09,0.96,0.14,0.27,0.86,0.13,0.1,12.24,0.18,0.32,14.88,0.3,0.72,0.18,0.29,0.71,0.82
1,0.06,0.49,0.12,0.41,0.49,0.14,0.68,0.09,0.96,0.14,0.27,0.86,0.13,0.1,12.24,0.18,0.32,14.88,0.3,0.72,0.18,0.29,0.71,0.82
1,0.06,0.49,0.12,0.41,0.49,0.14,0.68,0.09,0.96,0.14,0.27,0.86,0.13,0.1,12.24,0.18,0.32,14.88,0.3,0.72,0.18,0.29,0.71,0.82
1,0.06,0.49,0.12,0.41,0.49,0.14,0.68,0.09,0.96,0.14,0.27,0.86,0.13,0.1,12.24,0.18,0.32,14.88,0.3,0.72,0.18,0.29,0.71,0.82
1,0.06,0.49,0.12,0.41,0.49,0.14,0.68,0.09,0.96,0.14,0.27,0.86,0.13,0.1,12.24,0.18,0.32,14.88,0.3,0.72,0.18,0.29,0.71,0.82
1,0.06,0.49,0.12,0.41,0.49,0.14,0.68,0.09,0.96,0.14,0.27,0.86,0.13,0.1,12.24,0.18,0.32,14.88,0.3,0.72,0.18,0.29,0.71,0.82
1,0.06,0.49,0.12,0.41,0.49,0.14,0.68,0.09,0.96,0.14,0.27,0.86,0.13,0.1,12.24,0.18,0.32,14.88,0.3,0.72,0.18,0.29,0.71,0.82
1,0.06,0.49,0.12,0.41,0.49,0.14,0.68,0.09,0.96,0.14,0.27,0.86,0.13,0.1,12.24,0.18,0.32,14.88,0.3,0.72,0.18,0.29,0.71,0.82
1,0.06,0.49,0.12,0.41,0.49,0.14,0.68,0.09,0.96,0.14,0.27,0.86,0.13,0.1,12.24,0.18,0.32,14.88,0.3,0.72,0.18,0.29,0.71,0.82
1,0.06,0.49,0.12,0.41,0.49,0.14,0.68,0.09,0.96,0.14,0.27,0.86,0.13,0.1,12.24,0.18,0.32,14.88,0.3,0.72,0.18,0.29,0.71,0.82
1,0.06,0.49,0.12,0.41,0.49,0.14,0.68,0.09,0.96,0.14,0.27,0.86,0.13,0.1,12.24,0.18,0.32,14.88,0.3,0.72,0.18,0.29,0.71,0.82
1,0.74,0.3,0.42,0.68,0.65,0.16,0.83,0.08,0.96,0.09,-1.64,-0.98,0.13,0.13,16.49,0.12,0.61,1.28,0.25,0.84,0.15,0.26,0.85,0.92
1,0.74,0.3,0.42,0.68,0.65,0.16,0.83,0.08,0.96,0.09,-1.64,-0.98,0.13,0.13,16.49,0.12,0.61,1.28,0.25,0.84,0.15,0.26,0.85,0.92
1,0.74,0.3,0.42,0.68,0.65,0.16,0.83,0.08,0.96,0.09,-1.64,-0.98,0.13,0.13,16.49,0.12,0.61,1.28,0.25,0.84,0.15,0.26,0.85,0.92
1,0.74,0.3,0.42,0.68,0.65,0.16,0.83,0.08,0.96,0.09,-1.64,-0.98,0.13,0.13,16.49,0.12,0.61,1.28,0.25,0.84,0.15,0.26,0.85,0.92
1,0.74,0.3,0.42,0.68,0.65,0.16,0.83,0.08,0.96,0.09,-1.64,-0.98,0.13,0.13,16.49,0.12,0.61,1.28,0.25,0.84,0.15,0.26,0.85,0.92
1,0.74,0.3,0.42,0.68,0.65,0.16,0.83,0.08,0.96,0.09,-1.64,-0.98,0.13,0.13,16.49,0.12,0.61,1.28,0.25,0.84,0.15,0.26,0.85,0.92
1,0.74,0.3,0.42,0.68,0.65,0.16,0.83,0.08,0.96,0.09,-1.64,-0.98,0.13,0.13,16.49,0.12,0.61,1.28,0.25,0.84,0.15,0.26,0.85,0.92
1,0.74,0.3,0.42,0.68,0.65,0.16,0.83,0.08,0.96,0.09,-1.64,-0.98,0.13,0.13,16.49,0.12,0.61,1.28,0.25,0.84,0.15,0.26,0.85,0.92
1,0.74,0.3,0.42,0.68,0.65,0.16,0.83,0.08,0.96,0.09,-1.64,-0.98,0.13,0.13,16.49,0.12,0.61,1.28,0.25,0.84,0.15,0.26,0.85,0.92
1,0.74,0.3,0.42,0.68,0.65,0.16,0.83,0.08,0.96,0.09,-1.64,-0.98,0.13,0.13,16.49,0.12,0.61,1.28,0.25,0.84,0.15,0.26,0.85,0.92
1,0.74,0.3,0.42,0.68,0.65,0.16,0.83,0.08,0.96,0.09,-1.64,-0.98,0.13,0.13,16.49,0.12,0.61,1.28,0.25,0.84,0.15,0.26,0.85,0.92
1,0.74,0.3,0.42,0.68,0.65,0.16,0.83,0.08,0.96,0.09,-1.64,-0.98,0.13,0.13,16.49,0.12,0.61,1.28,0.25,0.84,0.15,0.26,0.85,0.92
1,0.74,0.3,0.43,0.72,0.67,0.16,0.78,0.13,0.93,0.1,-0.66,-0.58,0.1,0.09,4.44,0.12,0.55,0.79,0.26,0.85,0.13,0.26,0.85,0.93
1,0.74,0.3,0.43,0.72,0.67,0.16,0.78,0.13,0.93,0.1,-0.66,-0.58,0.1,0.09,4.44,0.12,0.55,0.79,0.26,0.85,0.13,0.26,0.85,0.93
1,0.74,0.3,0.43,0.72,0.67,0.16,0.78,0.13,0.93,0.1,-0.66,-0.58,0.1,0.09,4.44,0.12,0.55,0.79,0.26,0.85,0.13,0.26,0.85,0.93
1,0.74,0.3,0.43,0.72,0.67,0.16,0.78,0.13,0.93,0.1,-0.66,-0.58,0.1,0.09,4.44,0.12,0.55,0.79,0.26,0.85,0.13,0.26,0.85,0.93
1,0.74,0.3,0.43,0.72,0.67,0.16,0.78,0.13,0.93,0.1,-0.66,-0.58,0.1,0.09,4.44,0.12,0.55,0.79,0.26,0.85,0.13,0.26,0.85,0.93
1,0.74,0.3,0.43,0.72,0.67,0.16,0.78,0.13,0.93,0.1,-0.66,-0.58,0.1,0.09,4.44,0.12,0.55,0.79,0.26,0.85,0.13,0.26,0.85,0.93
1,0.74,0.3,0.43,0.72,0.67,0.16,0.78,0.13,0.93,0.1,-0.66,-0.58,0.1,0.09,4.44,0.12,0.55,0.79,0.26,0.85,0.13,0.26,0.85,0.93
1,0.74,0.3,0.43,0.72,0.67,0.16,0.78,0.13,0.93,0.1,-0.66,-0.58,0.1,0.09,4.44,0.12,0.55,0.79,0.26,0.85,0.13,0.26,0.85,0.93
1,0.74,0.3,0.43,0.72,0.67,0.16,0.78,0.13,0.93,0.1,-0.66,-0.58,0.1,0.09,4.44,0.12,0.55,0.79,0.26,0.85,0.13,0.26,0.85,0.93
1,0.74,0.3,0.43,0.72,0.67,0.16,0.78,0.13,0.93,0.1,-0.66,-0.58,0.1,0.09,4.44,0.12,0.55,0.79,0.26,0.85,0.13,0.26,0.85,0.93
1,0.74,0.3,0.43,0.72,0.67,0.16,0.78,0.13,0.93,0.1,-0.66,-0.58,0.1,0.09,4.44,0.12,0.55,0.79,0.26,0.85,0.13,0.26,0.85,0.93
1,0.74,0.3,0.43,0.72,0.67,0.16,0.78,0.13,0.93,0.1,-0.66,-0.58,0.1,0.09,4.44,0.12,0.55,0.79,0.26,0.85,0.13,0.26,0.85,0.93
1,0.02,0.41,0.06,0.49,0.69,0.15,0.67,0.13,0.94,0.11,0.13,1.08,0.1,0.09,0.61,0.16,0.38,0.37,0.35,0.76,0.12,0.35,0.76,0.83
1,0.02,0.41,0.06,0.49,0.69,0.15,0.67,0.13,0.94,0.11,0.13,1.08,0.1,0.09,0.61,0.16,0.38,0.37,0.35,0.76,0.12,0.35,0.76,0.83
1,0.02,0.41,0.06,0.49,0.69,0.15,0.67,0.13,0.94,0.11,0.13,1.08,0.1,0.09,0.61,0.16,0.38,0.37,0.35,0.76,0.12,0.35,0.76,0.83
1,0.02,0.41,0.06,0.49,0.69,0.15,0.67,0.13,0.94,0.11,0.13,1.08,0.1,0.09,0.61,0.16,0.38,0.37,0.35,0.76,0.12,0.35,0.76,0.83
1,0.02,0.41,0.06,0.49,0.69,0.15,0.67,0.13,0.94,0.11,0.13,1.08,0.1,0.09,0.61,0.16,0.38,0.37,0.35,0.76,0.12,0.35,0.76,0.83
1,0.02,0.41,0.06,0.49,0.69,0.15,0.67,0.13,0.94,0.11,0.13,1.08,0.1,0.09,0.61,0.16,0.38,0.37,0.35,0.76,0.12,0.35,0.76,0.83
1,0.02,0.41,0.06,0.49,0.69,0.15,0.67,0.13,0.94,0.11,0.13,1.08,0.1,0.09,0.61,0.16,0.38,0.37,0.35,0.76,0.12,0.35,0.76,0.83
1,0.02,0.41,0.06,0.49,0.69,0.15,0.67,0.13,0.94,0.11,0.13,1.08,0.1,0.09,0.61,0.16,0.38,0.37,0.35,0.76,0.12,0.35,0.76,0.83
1,0.02,0.41,0.06,0.49,0.69,0.15,0.67,0.13,0.94,0.11,0.13,1.08,0.1,0.09,0.61,0.16,0.38,0.37,0.35,0.76,0.12,0.35,0.76,0.83
1,0.02,0.41,0.06,0.49,0.69,0.15,0.67,0.13,0.94,0.11,0.13,1.08,0.1,0.09,0.61,0.16,0.38,0.37,0.35,0.76,0.12,0.35,0.76,0.83
1,0.02,0.41,0.06,0.49,0.69,0.15,0.67,0.13,0.94,0.11,0.13,1.08,0.1,0.09,0.61,0.16,0.38,0.37,0.35,0.76,0.12,0.35,0.76,0.83
1,0.02,0.41,0.06,0.49,0.69,0.15,0.67,0.13,0.94,0.11,0.13,1.08,0.1,0.09,0.61,0.16,0.38,0.37,0.35,0.76,0.12,0.35,0.76,0.83
1,0.28,0.61,0.42,0.7,0.56,0.14,0.74,0.02,0.99,0.18,-0.06,-1.1,0.28,0.29,18.64,0.18,0.61,22.6,0.33,0.66,0.2,0.31,0.63,0.86
1,0.28,0.61,0.42,0.7,0.56,0.14,0.74,0.02,0.99,0.18,-0.06,-1.1,0.28,0.29,18.64,0.18,0.61,22.6,0.33,0.66,0.2,0.31,0.63,0.86
1,0.28,0.61,0.42,0.7,0.56,0.14,0.74,0.02,0.99,0.18,-0.06,-1.1,0.28,0.29,18.64,0.18,0.61,22.6,0.33,0.66,0.2,0.31,0.63,0.86
1,0.28,0.61,0.42,0.7,0.56,0.14,0.74,0.02,0.99,0.18,-0.06,-1.1,0.28,0.29,18.64,0.18,0.61,22.6,0.33,0.66,0.2,0.31,0.63,0.86
1,0.28,0.61,0.42,0.7,0.56,0.14,0.74,0.02,0.99,0.18,-0.06,-1.1,0.28,0.29,18.64,0.18,0.61,22.6,0.33,0.66,0.2,0.31,0.63,0.86
1,0.28,0.61,0.42,0.7,0.56,0.14,0.74,0.02,0.99,0.18,-0.06,-1.1,0.28,0.29,18.64,0.18,0.61,22.6,0.33,0.66,0.2,0.31,0.63,0.86
1,0.28,0.61,0.42,0.7,0.56,0.14,0.74,0.02,0.99,0.18,-0.06,-1.1,0.28,0.29,18.64,0.18,0.61,22.6,0.33,0.66,0.2,0.31,0.63,0.86
1,0.28,0.61,0.42,0.7,0.56,0.14,0.74,0.02,0.99,0.18,-0.06,-1.1,0.28,0.29,18.64,0.18,0.61,22.6,0.33,0.66,0.2,0.31,0.63,0.86
1,0.28,0.61,0.42,0.7,0.56,0.14,0.74,0.02,0.99,0.18,-0.06,-1.1,0.28,0.29,18.64,0.18,0.61,22.6,0.33,0.66,0.2,0.31,0.63,0.86
1,0.28,0.61,0.42,0.7,0.56,0.14,0.74,0.02,0.99,0.18,-0.06,-1.1,0.28,0.29,18.64,0.18,0.61,22.6,0.33,0.66,0.2,0.31,0.63,0.86
1,0.28,0.61,0.42,0.7,0.56,0.14,0.74,0.02,0.99,0.18,-0.06,-1.1,0.28,0.29,18.64,0.18,0.61,22.6,0.33,0.66,0.2,0.31,0.63,0.86
1,0.28,0.61,0.42,0.7,0.56,0.14,0.74,0.02,0.99,0.18,-0.06,-1.1,0.28,0.29,18.64,0.18,0.61,22.6,0.33,0.66,0.2,0.31,0.63,0.86
1,0.34,0.6,0.4,0.65,0.49,0.17,0.7,0.07,0.97,0.21,-0.26,-0.35,0.28,0.27,54.09,0.29,0.51,20.35,0.31,0.77,0.3,0.3,0.75,0.89
1,0.34,0.6,0.4,0.65,0.49,0.17,0.7,0.07,0.97,0.21,-0.26,-0.35,0.28,0.27,54.09,0.29,0.51,20.35,0.31,0.77,0.3,0.3,0.75,0.89
1,0.34,0.6,0.4,0.65,0.49,0.17,0.7,0.07,0.97,0.21,-0.26,-0.35,0.28,0.27,54.09,0.29,0.51,20.35,0.31,0.77,0.3,0.3,0.75,0.89
1,0.34,0.6,0.4,0.65,0.49,0.17,0.7,0.07,0.97,0.21,-0.26,-0.35,0.28,0.27,54.09,0.29,0.51,20.35,0.31,0.77,0.3,0.3,0.75,0.89
1,0.34,0.6,0.4,0.65,0.49,0.17,0.7,0.07,0.97,0.21,-0.26,-0.35,0.28,0.27,54.09,0.29,0.51,20.35,0.31,0.77,0.3,0.3,0.75,0.89
1,0.34,0.6,0.4,0.65,0.49,0.17,0.7,0.07,0.97,0.21,-0.26,-0.35,0.28,0.27,54.09,0.29,0.51,20.35,0.31,0.77,0.3,0.3,0.75,0.89
1,0.34,0.6,0.4,0.65,0.49,0.17,0.7,0.07,0.97,0.21,-0.26,-0.35,0.28,0.27,54.09,0.29,0.51,20.35,0.31,0.77,0.3,0.3,0.75,0.89
1,0.34,0.6,0.4,0.65,0.49,0.17,0.7,0.07,0.97,0.21,-0.26,-0.35,0.28,0.27,54.09,0.29,0.51,20.35,0.31,0.77,0.3,0.3,0.75,0.89
1,0.34,0.6,0.4,0.65,0.49,0.17,0.7,0.07,0.97,0.21,-0.26,-0.35,0.28,0.27,54.09,0.29,0.51,20.35,0.31,0.77,0.3,0.3,0.75,0.89
1,0.34,0.6,0.4,0.65,0.49,0.17,0.7,0.07,0.97,0.21,-0.26,-0.35,0.28,0.27,54.09,0.29,0.51,20.35,0.31,0.77,0.3,0.3,0.75,0.89
1,0.34,0.6,0.4,0.65,0.49,0.17,0.7,0.07,0.97,0.21,-0.26,-0.35,0.28,0.27,54.09,0.29,0.51,20.35,0.31,0.77,0.3,0.3,0.75,0.89
1,0.34,0.6,0.4,0.65,0.49,0.17,0.7,0.07,0.97,0.21,-0.26,-0.35,0.28,0.27,54.09,0.29,0.51,20.35,0.31,0.77,0.3,0.3,0.75,0.89
1,0.77,0.26,0.41,0.52,0.73,0.1,0.77,0.13,0.96,0.15,-0.18,-0.85,0.18,0.15,1.25,0.18,0.4,0.21,0.35,0.76,0.12,0.36,0.77,0.81
1,0.77,0.26,0.41,0.52,0.73,0.1,0.77,0.13,0.96,0.15,-0.18,-0.85,0.18,0.15,1.25,0.18,0.4,0.21,0.35,0.76,0.12,0.36,0.77,0.81
1,0.77,0.26,0.41,0.52,0.73,0.1,0.77,0.13,0.96,0.15,-0.18,-0.85,0.18,0.15,1.25,0.18,0.4,0.21,0.35,0.76,0.12,0.36,0.77,0.81
1,0.77,0.26,0.41,0.52,0.73,0.1,0.77,0.13,0.96,0.15,-0.18,-0.85,0.18,0.15,1.25,0.18,0.4,0.21,0.35,0.76,0.12,0.36,0.77,0.81
1,0.77,0.26,0.41,0.52,0.73,0.1,0.77,0.13,0.96,0.15,-0.18,-0.85,0.18,0.15,1.25,0.18,0.4,0.21,0.35,0.76,0.12,0.36,0.77,0.81
1,0.77,0.26,0.41,0.52,0.73,0.1,0.77,0.13,0.96,0.15,-0.18,-0.85,0.18,0.15,1.25,0.18,0.4,0.21,0.35,0.76,0.12,0.36,0.77,0.81
1,0.77,0.26,0.41,0.52,0.73,0.1,0.77,0.13,0.96,0.15,-0.18,-0.85,0.18,0.15,1.25,0.18,0.4,0.21,0.35,0.76,0.12,0.36,0.77,0.81
1,0.77,0.26,0.41,0.52,0.73,0.1,0.77,0.13,0.96,0.15,-0.18,-0.85,0.18,0.15,1.25,0.18,0.4,0.21,0.35,0.76,0.12,0.36,0.77,0.81
1,0.77,0.26,0.41,0.52,0.73,0.1,0.77,0.13,0.96,0.15,-0.18,-0.85,0.18,0.15,1.25,0.18,0.4,0.21,0.35,0.76,0.12,0.36,0.77,0.81
1,0.77,0.26,0.41,0.52,0.73,0.1,0.77,0.13,0.96,0.15,-0.18,-0.85,0.18,0.15,1.25,0.18,0.4,0.21,0.35,0.76,0.12,0.36,0.77,0.81
1,0.77,0.26,0.41,0.52,0.73,0.1,0.77,0.13,0.96,0.15,-0.18,-0.85,0.18,0.15,1.25,0.18,0.4,0.21,0.35,0.76,0.12,0.36,0.77,0.81
1,0.77,0.26,0.41,0.52,0.73,0.1,0.77,0.13,0.96,0.15,-0.18,-0.85,0.18,0.15,1.25,0.18,0.4,0.21,0.35,0.76,0.12,0.36,0.77,0.81
1,0.02,0.42,0.03,0.8,0.78,0.18,0.56,0.18,0.93,0.08,-0.82,-1.36,0.24,0.19,1.85,0.13,0.64,0.86,0.28,0.86,0.09,0.28,0.87,0.9
1,0.02,0.42,0.03,0.8,0.78,0.18,0.56,0.18,0.93,0.08,-0.82,-1.36,0.24,0.19,1.85,0.13,0.64,0.86,0.28,0.86,0.09,0.28,0.87,0.9
1,0.02,0.42,0.03,0.8,0.78,0.18,0.56,0.18,0.93,0.08,-0.82,-1.36,0.24,0.19,1.85,0.13,0.64,0.86,0.28,0.86,0.09,0.28,0.87,0.9
1,0.02,0.42,0.03,0.8,0.78,0.18,0.56,0.18,0.93,0.08,-0.82,-1.36,0.24,0.19,1.85,0.13,0.64,0.86,0.28,0.86,0.09,0.28,0.87,0.9
1,0.02,0.42,0.03,0.8,0.78,0.18,0.56,0.18,0.93,0.08,-0.82,-1.36,0.24,0.19,1.85,0.13,0.64,0.86,0.28,0.86,0.09,0.28,0.87,0.9
1,0.02,0.42,0.03,0.8,0.78,0.18,0.56,0.18,0.93,0.08,-0.82,-1.36,0.24,0.19,1.85,0.13,0.64,0.86,0.28,0.86,0.09,0.28,0.87,0.9
1,0.02,0.42,0.03,0.8,0.78,0.18,0.56,0.18,0.93,0.08,-0.82,-1.36,0.24,0.19,1.85,0.13,0.64,0.86,0.28,0.86,0.09,0.28,0.87,0.9
1,0.02,0.42,0.03,0.8,0.78,0.18,0.56,0.18,0.93,0.08,-0.82,-1.36,0.24,0.19,1.85,0.13,0.64,0.86,0.28,0.86,0.09,0.28,0.87,0.9
1,0.02,0.42,0.03,0.8,0.78,0.18,0.56,0.18,0.93,0.08,-0.82,-1.36,0.24,0.19,1.85,0.13,0.64,0.86,0.28,0.86,0.09,0.28,0.87,0.9
1,0.02,0.42,0.03,0.8,0.78,0.18,0.56,0.18,0.93,0.08,-0.82,-1.36,0.24,0.19,1.85,0.13,0.64,0.86,0.28,0.86,0.09,0.28,0.87,0.9
1,0.02,0.42,0.03,0.8,0.78,0.18,0.56,0.18,0.93,0.08,-0.82,-1.36,0.24,0.19,1.85,0.13,0.64,0.86,0.28,0.86,0.09,0.28,0.87,0.9
1,0.02,0.42,0.03,0.8,0.78,0.18,0.56,0.18,0.93,0.08,-0.82,-1.36,0.24,0.19,1.85,0.13,0.64,0.86,0.28,0.86,0.09,0.28,0.87,0.9
1,0.33,0.29,0.17,0.37,0.44,0.16,0.78,0.08,0.93,0.16,0.33,-0.07,0.16,0.16,1.54,0.14,0.26,1.59,0.25,0.86,0.19,0.24,0.86,0.95
1,0.33,0.29,0.17,0.37,0.44,0.16,0.78,0.08,0.93,0.16,0.33,-0.07,0.16,0.16,1.54,0.14,0.26,1.59,0.25,0.86,0.19,0.24,0.86,0.95
1,0.33,0.29,0.17,0.37,0.44,0.16,0.78,0.08,0.93,0.16,0.33,-0.07,0.16,0.16,1.54,0.14,0.26,1.59,0.25,0.86,0.19,0.24,0.86,0.95
1,0.33,0.29,0.17,0.37,0.44,0.16,0.78,0.08,0.93,0.16,0.33,-0.07,0.16,0.16,1.54,0.14,0.26,1.59,0.25,0.86,0.19,0.24,0.86,0.95
1,0.33,0.29,0.17,0.37,0.44,0.16,0.78,0.08,0.93,0.16,0.33,-0.07,0.16,0.16,1.54,0.14,0.26,1.59,0.25,0.86,0.19,0.24,0.86,0.95
1,0.33,0.29,0.17,0.37,0.44,0.16,0.78,0.08,0.93,0.16,0.33,-0.07,0.16,0.16,1.54,0.14,0.26,1.59,0.25,0.86,0.19,0.24,0.86,0.95
1,0.33,0.29,0.17,0.37,0.44,0.16,0.78,0.08,0.93,0.16,0.33,-0.07,0.16,0.16,1.54,0.14,0.26,1.59,0.25,0.86,0.19,0.24,0.86,0.95
1,0.33,0.29,0.17,0.37,0.44,0.16,0.78,0.08,0.93,0.16,0.33,-0.07,0.16,0.16,1.54,0.14,0.26,1.59,0.25,0.86,0.19,0.24,0.86,0.95
1,0.33,0.29,0.17,0.37,0.44,0.16,0.78,0.08,0.93,0.16,0.33,-0.07,0.16,0.16,1.54,0.14,0.26,1.59,0.25,0.86,0.19,0.24,0.86,0.95
1,0.33,0.29,0.17,0.37,0.44,0.16,0.78,0.08,0.93,0.16,0.33,-0.07,0.16,0.16,1.54,0.14,0.26,1.59,0.25,0.86,0.19,0.24,0.86,0.95
1,0.33,0.29,0.17,0.37,0.44,0.16,0.78,0.08,0.93,0.16,0.33,-0.07,0.16,0.16,1.54,0.14,0.26,1.59,0.25,0.86,0.19,0.24,0.86,0.95
1,0.33,0.29,0.17,0.37,0.44,0.16,0.78,0.08,0.93,0.16,0.33,-0.07,0.16,0.16,1.54,0.14,0.26,1.59,0.25,0.86,0.19,0.24,0.86,0.95
1,0.08,0.34,0.25,0.47,0.55,0.14,0.64,0.05,0.97,0.11,0.09,-0.13,0.18,0.17,1.01,0.18,0.43,1.03,0.35,0.68,0.2,0.34,0.67,0.85
1,0.08,0.34,0.25,0.47,0.55,0.14,0.64,0.05,0.97,0.11,0.09,-0.13,0.18,0.17,1.01,0.18,0.43,1.03,0.35,0.68,0.2,0.34,0.67,0.85
1,0.08,0.34,0.25,0.47,0.55,0.14,0.64,0.05,0.97,0.11,0.09,-0.13,0.18,0.17,1.01,0.18,0.43,1.03,0.35,0.68,0.2,0.34,0.67,0.85
1,0.08,0.34,0.25,0.47,0.55,0.14,0.64,0.05,0.97,0.11,0.09,-0.13,0.18,0.17,1.01,0.18,0.43,1.03,0.35,0.68,0.2,0.34,0.67,0.85
1,0.08,0.34,0.25,0.47,0.55,0.14,0.64,0.05,0.97,0.11,0.09,-0.13,0.18,0.17,1.01,0.18,0.43,1.03,0.35,0.68,0.2,0.34,0.67,0.85
1,0.08,0.34,0.25,0.47,0.55,0.14,0.64,0.05,0.97,0.11,0.09,-0.13,0.18,0.17,1.01,0.18,0.43,1.03,0.35,0.68,0.2,0.34,0.67,0.85
1,0.08,0.34,0.25,0.47,0.55,0.14,0.64,0.05,0.97,0.11,0.09,-0.13,0.18,0.17,1.01,0.18,0.43,1.03,0.35,0.68,0.2,0.34,0.67,0.85
1,0.08,0.34,0.25,0.47,0.55,0.14,0.64,0.05,0.97,0.11,0.09,-0.13,0.18,0.17,1.01,0.18,0.43,1.03,0.35,0.68,0.2,0.34,0.67,0.85
1,0.08,0.34,0.25,0.47,0.55,0.14,0.64,0.05,0.97,0.11,0.09,-0.13,0.18,0.17,1.01,0.18,0.43,1.03,0.35,0.68,0.2,0.34,0.67,0.85
1,0.08,0.34,0.25,0.47,0.55,0.14,0.64,0.05,0.97,0.11,0.09,-0.13,0.18,0.17,1.01,0.18,0.43,1.03,0.35,0.68,0.2,0.34,0.67,0.85
1,0.08,0.34,0.25,0.47,0.55,0.14,0.64,0.05,0.97,0.11,0.09,-0.13,0.18,0.17,1.01,0.18,0.43,1.03,0.35,0.68,0.2,0.34,0.67,0.85
1,0.08,0.34,0.25,0.47,0.55,0.14,0.64,0.05,0.97,0.11,0.09,-0.13,0.18,0.17,1.01,0.18,0.43,1.03,0.35,0.68,0.2,0.34,0.67,0.85
1,0.12,0.28,0.32,0.66,0.8,0.11,0.55,0.13,0.95,0.11,-3.12,-0.07,0.18,0.17,4.88,0.15,0.58,0.2,0.32,0.36,0.09,0.32,0.36,0.58
1,0.12,0.28,0.32,0.66,0.8,0.11,0.55,0.13,0.95,0.11,-3.12,-0.07,0.18,0.17,4.88,0.15,0.58,0.2,0.32,0.36,0.09,0.32,0.36,0.58
1,0.12,0.28,0.32,0.66,0.8,0.11,0.55,0.13,0.95,0.11,-3.12,-0.07,0.18,0.17,4.88,0.15,0.58,0.2,0.32,0.36,0.09,0.32,0.36,0.58
1,0.12,0.28,0.32,0.66,0.8,0.11,0.55,0.13,0.95,0.11,-3.12,-0.07,0.18,0.17,4.88,0.15,0.58,0.2,0.32,0.36,0.09,0.32,0.36,0.58
1,0.12,0.28,0.32,0.66,0.8,0.11,0.55,0.13,0.95,0.11,-3.12,-0.07,0.18,0.17,4.88,0.15,0.58,0.2,0.32,0.36,0.09,0.32,0.36,0.58
1,0.12,0.28,0.32,0.66,0.8,0.11,0.55,0.13,0.95,0.11,-3.12,-0.07,0.18,0.17,4.88,0.15,0.58,0.2,0.32,0.36,0.09,0.32,0.36,0.58
1,0.12,0.28,0.32,0.66,0.8,0.11,0.55,0.13,0.95,0.11,-3.12,-0.07,0.18,0.17,4.88,0.15,0.58,0.2,0.32,0.36,0.09,0.32,0.36,0.58
1,0.12,0.28,0.32,0.66,0.8,0.11,0.55,0.13,0.95,0.11,-3.12,-0.07,0.18,0.17,4.88,0.15,0.58,0.2,0.32,0.36,0.09,0.32,0.36,0.58
1,0.12,0.28,0.32,0.66,0.8,0.11,0.55,0.13,0.95,0.11,-3.12,-0.07,0.18,0.17,4.88,0.15,0.58,0.2,0.32,0.36,0.09,0.32,0.36,0.58
1,0.12,0.28,0.32,0.66,0.8,0.11,0.55,0.13,0.95,0.11,-3.12,-0.07,0.18,0.17,4.88,0.15,0.58,0.2,0.32,0.36,0.09,0.32,0.36,0.58
1,0.12,0.28,0.32,0.66,0.8,0.11,0.55,0.13,0.95,0.11,-3.12,-0.07,0.18,0.17,4.88,0.15,0.58,0.2,0.32,0.36,0.09,0.32,0.36,0.58
1,0.12,0.28,0.32,0.66,0.8,0.11,0.55,0.13,0.95,0.11,-3.12,-0.07,0.18,0.17,4.88,0.15,0.58,0.2,0.32,0.36,0.09,0.32,0.36,0.58
1,0.91,0.32,0.26,0.29,0.52,0.15,0.65,0.06,0.96,0.16,-0.43,0.96,0.14,0.15,0.39,0.12,0.31,1.9,0.3,0.77,0.14,0.34,0.8,0.91
1,0.91,0.32,0.26,0.29,0.52,0.15,0.65,0.06,0.96,0.16,-0.43,0.96,0.14,0.15,0.39,0.12,0.31,1.9,0.3,0.77,0.14,0.34,0.8,0.91
1,0.91,0.32,0.26,0.29,0.52,0.15,0.65,0.06,0.96,0.16,-0.43,0.96,0.14,0.15,0.39,0.12,0.31,1.9,0.3,0.77,0.14,0.34,0.8,0.91
1,0.91,0.32,0.26,0.29,0.52,0.15,0.65,0.06,0.96,0.16,-0.43,0.96,0.14,0.15,0.39,0.12,0.31,1.9,0.3,0.77,0.14,0.34,0.8,0.91
1,0.91,0.32,0.26,0.29,0.52,0.15,0.65,0.06,0.96,0.16,-0.43,0.96,0.14,0.15,0.39,0.12,0.31,1.9,0.3,0.77,0.14,0.34,0.8,0.91
1,0.91,0.32,0.26,0.29,0.52,0.15,0.65,0.06,0.96,0.16,-0.43,0.96,0.14,0.15,0.39,0.12,0.31,1.9,0.3,0.77,0.14,0.34,0.8,0.91
1,0.91,0.32,0.26,0.29,0.52,0.15,0.65,0.06,0.96,0.16,-0.43,0.96,0.14,0.15,0.39,0.12,0.31,1.9,0.3,0.77,0.14,0.34,0.8,0.91
1,0.91,0.32,0.26,0.29,0.52,0.15,0.65,0.06,0.96,0.16,-0.43,0.96,0.14,0.15,0.39,0.12,0.31,1.9,0.3,0.77,0.14,0.34,0.8,0.91
1,0.91,0.32,0.26,0.29,0.52,0.15,0.65,0.06,0.96,0.16,-0.43,0.96,0.14,0.15,0.39,0.12,0.31,1.9,0.3,0.77,0.14,0.34,0.8,0.91
1,0.91,0.32,0.26,0.29,0.52,0.15,0.65,0.06,0.96,0.16,-0.43,0.96,0.14,0.15,0.39,0.12,0.31,1.9,0.3,0.77,0.14,0.34,0.8,0.91
1,0.91,0.32,0.26,0.29,0.52,0.15,0.65,0.06,0.96,0.16,-0.43,0.96,0.14,0.15,0.39,0.12,0.31,1.9,0.3,0.77,0.14,0.34,0.8,0.91
1,0.91,0.32,0.26,0.29,0.52,0.15,0.65,0.06,0.96,0.16,-0.43,0.96,0.14,0.15,0.39,0.12,0.31,1.9,0.3,0.77,0.14,0.34,0.8,0.91
1,0.03,0.55,0.1,0.72,0.77,0.24,0.67,0.11,0.96,0.12,-0.32,-0.96,0.1,0.1,1.5,0.08,0.44,1.18,0.31,0.83,0.12,0.29,0.82,0.9
1,0.03,0.55,0.1,0.72,0.77,0.24,0.67,0.11,0.96,0.12,-0.32,-0.96,0.1,0.1,1.5,0.08,0.44,1.18,0.31,0.83,0.12,0.29,0.82,0.9
1,0.03,0.55,0.1,0.72,0.77,0.24,0.67,0.11,0.96,0.12,-0.32,-0.96,0.1,0.1,1.5,0.08,0.44,1.18,0.31,0.83,0.12,0.29,0.82,0.9
1,0.03,0.55,0.1,0.72,0.77,0.24,0.67,0.11,0.96,0.12,-0.32,-0.96,0.1,0.1,1.5,0.08,0.44,1.18,0.31,0.83,0.12,0.29,0.82,0.9
1,0.03,0.55,0.1,0.72,0.77,0.24,0.67,0.11,0.96,0.12,-0.32,-0.96,0.1,0.1,1.5,0.08,0.44,1.18,0.31,0.83,0.12,0.29,0.82,0.9
1,0.03,0.55,0.1,0.72,0.77,0.24,0.67,0.11,0.96,0.12,-0.32,-0.96,0.1,0.1,1.5,0.08,0.44,1.18,0.31,0.83,0.12,0.29,0.82,0.9
1,0.03,0.55,0.1,0.72,0.77,0.24,0.67,0.11,0.96,0.12,-0.32,-0.96,0.1,0.1,1.5,0.08,0.44,1.18,0.31,0.83,0.12,0.29,0.82,0.9
1,0.03,0.55,0.1,0.72,0.77,0.24,0.67,0.11,0.96,0.12,-0.32,-0.96,0.1,0.1,1.5,0.08,0.44,1.18,0.31,0.83,0.12,0.29,0.82,0.9
1,0.03,0.55,0.1,0.72,0.77,0.24,0.67,0.11,0.96,0.12,-0.32,-0.96,0.1,0.1,1.5,0.08,0.44,1.18,0.31,0.83,0.12,0.29,0.82,0.9
1,0.03,0.55,0.1,0.72,0.77,0.24,0.67,0.11,0.96,0.12,-0.32,-0.96,0.1,0.1,1.5,0.08,0.44,1.18,0.31,0.83,0.12,0.29,0.82,0.9
1,0.03,0.55,0.1,0.72,0.77,0.24,0.67,0.11,0.96,0.12,-0.32,-0.96,0.1,0.1,1.5,0.08,0.44,1.18,0.31,0.83,0.12,0.29,0.82,0.9
1,0.03,0.55,0.1,0.72,0.77,0.24,0.67,0.11,0.96,0.12,-0.32,-0.96,0.1,0.1,1.5,0.08,0.44,1.18,0.31,0.83,0.12,0.29,0.82,0.9
1,0.09,0.33,0.25,0.76,0.77,0.08,0.51,0.44,0.83,0.11,-1.6,-1.98,0.2,0.2,12.57,0.09,0.42,5.82,0.31,0.66,0.12,0.31,0.65,0.85
1,0.09,0.33,0.25,0.76,0.77,0.08,0.51,0.44,0.83,0.11,-1.6,-1.98,0.2,0.2,12.57,0.09,0.42,5.82,0.31,0.66,0.12,0.31,0.65,0.85
1,0.09,0.33,0.25,0.76,0.77,0.08,0.51,0.44,0.83,0.11,-1.6,-1.98,0.2,0.2,12.57,0.09,0.42,5.82,0.31,0.66,0.12,0.31,0.65,0.85
1,0.09,0.33,0.25,0.76,0.77,0.08,0.51,0.44,0.83,0.11,-1.6,-1.98,0.2,0.2,12.57,0.09,0.42,5.82,0.31,0.66,0.12,0.31,0.65,0.85
1,0.09,0.33,0.25,0.76,0.77,0.08,0.51,0.44,0.83,0.11,-1.6,-1.98,0.2,0.2,12.57,0.09,0.42,5.82,0.31,0.66,0.12,0.31,0.65,0.85
1,0.09,0.33,0.25,0.76,0.77,0.08,0.51,0.44,0.83,0.11,-1.6,-1.98,0.2,0.2,12.57,0.09,0.42,5.82,0.31,0.66,0.12,0.31,0.65,0.85
1,0.09,0.33,0.25,0.76,0.77,0.08,0.51,0.44,0.83,0.11,-1.6,-1.98,0.2,0.2,12.57,0.09,0.42,5.82,0.31,0.66,0.12,0.31,0.65,0.85
1,0.09,0.33,0.25,0.76,0.77,0.08,0.51,0.44,0.83,0.11,-1.6,-1.98,0.2,0.2,12.57,0.09,0.42,5.82,0.31,0.66,0.12,0.31,0.65,0.85
1,0.09,0.33,0.25,0.76,0.77,0.08,0.51,0.44,0.83,0.11,-1.6,-1.98,0.2,0.2,12.57,0.09,0.42,5.82,0.31,0.66,0.12,0.31,0.65,0.85
1,0.09,0.33,0.25,0.76,0.77,0.08,0.51,0.44,0.83,0.11,-1.6,-1.98,0.2,0.2,12.57,0.09,0.42,5.82,0.31,0.66,0.12,0.31,0.65,0.85
1,0.09,0.33,0.25,0.76,0.77,0.08,0.51,0.44,0.83,0.11,-1.6,-1.98,0.2,0.2,12.57,0.09,0.42,5.82,0.31,0.66,0.12,0.31,0.65,0.85
1,0.09,0.33,0.25,0.76,0.77,0.08,0.51,0.44,0.83,0.11,-1.6,-1.98,0.2,0.2,12.57,0.09,0.42,5.82,0.31,0.66,0.12,0.31,0.65,0.85
1,0.06,0.45,0.04,0.61,0.55,0.2,0.61,0.13,0.96,0.2,-0.15,-1.7,0.2,0.22,13.73,0.15,0.44,9.55,0.33,0.57,0.22,0.32,0.53,0.7
1,0.06,0.45,0.04,0.61,0.55,0.2,0.61,0.13,0.96,0.2,-0.15,-1.7,0.2,0.22,13.73,0.15,0.44,9.55,0.33,0.57,0.22,0.32,0.53,0.7
1,0.06,0.45,0.04,0.61,0.55,0.2,0.61,0.13,0.96,0.2,-0.15,-1.7,0.2,0.22,13.73,0.15,0.44,9.55,0.33,0.57,0.22,0.32,0.53,0.7
1,0.06,0.45,0.04,0.61,0.55,0.2,0.61,0.13,0.96,0.2,-0.15,-1.7,0.2,0.22,13.73,0.15,0.44,9.55,0.33,0.57,0.22,0.32,0.53,0.7
1,0.06,0.45,0.04,0.61,0.55,0.2,0.61,0.13,0.96,0.2,-0.15,-1.7,0.2,0.22,13.73,0.15,0.44,9.55,0.33,0.57,0.22,0.32,0.53,0.7
1,0.06,0.45,0.04,0.61,0.55,0.2,0.61,0.13,0.96,0.2,-0.15,-1.7,0.2,0.22,13.73,0.15,0.44,9.55,0.33,0.57,0.22,0.32,0.53,0.7
1,0.06,0.45,0.04,0.61,0.55,0.2,0.61,0.13,0.96,0.2,-0.15,-1.7,0.2,0.22,13.73,0.15,0.44,9.55,0.33,0.57,0.22,0.32,0.53,0.7
1,0.06,0.45,0.04,0.61,0.55,0.2,0.61,0.13,0.96,0.2,-0.15,-1.7,0.2,0.22,13.73,0.15,0.44,9.55,0.33,0.57,0.22,0.32,0.53,0.7
1,0.06,0.45,0.04,0.61,0.55,0.2,0.61,0.13,0.96,0.2,-0.15,-1.7,0.2,0.22,13.73,0.15,0.44,9.55,0.33,0.57,0.22,0.32,0.53,0.7
1,0.06,0.45,0.04,0.61,0.55,0.2,0.61,0.13,0.96,0.2,-0.15,-1.7,0.2,0.22,13.73,0.15,0.44,9.55,0.33,0.57,0.22,0.32,0.53,0.7
1,0.06,0.45,0.04,0.61,0.55,0.2,0.61,0.13,0.96,0.2,-0.15,-1.7,0.2,0.22,13.73,0.15,0.44,9.55,0.33,0.57,0.22,0.32,0.53,0.7
1,0.06,0.45,0.04,0.61,0.55,0.2,0.61,0.13,0.96,0.2,-0.15,-1.7,0.2,0.22,13.73,0.15,0.44,9.55,0.33,0.57,0.22,0.32,0.53,0.7
1,0.61,0.5,0.2,0.48,0.45,0.18,0.78,0.08,0.96,0.13,0.0,0.09,0.18,0.18,1.23,0.13,0.27,0.47,0.24,0.89,0.22,0.23,0.88,0.94
1,0.61,0.5,0.2,0.48,0.45,0.18,0.78,0.08,0.96,0.13,0.0,0.09,0.18,0.18,1.23,0.13,0.27,0.47,0.24,0.89,0.22,0.23,0.88,0.94
1,0.61,0.5,0.2,0.48,0.45,0.18,0.78,0.08,0.96,0.13,0.0,0.09,0.18,0.18,1.23,0.13,0.27,0.47,0.24,0.89,0.22,0.23,0.88,0.94
1,0.61,0.5,0.2,0.48,0.45,0.18,0.78,0.08,0.96,0.13,0.0,0.09,0.18,0.18,1.23,0.13,0.27,0.47,0.24,0.89,0.22,0.23,0.88,0.94
1,0.61,0.5,0.2,0.48,0.45,0.18,0.78,0.08,0.96,0.13,0.0,0.09,0.18,0.18,1.23,0.13,0.27,0.47,0.24,0.89,0.22,0.23,0.88,0.94
1,0.61,0.5,0.2,0.48,0.45,0.18,0.78,0.08,0.96,0.13,0.0,0.09,0.18,0.18,1.23,0.13,0.27,0.47,0.24,0.89,0.22,0.23,0.88,0.94
1,0.61,0.5,0.2,0.48,0.45,0.18,0.78,0.08,0.96,0.13,0.0,0.09,0.18,0.18,1.23,0.13,0.27,0.47,0.24,0.89,0.22,0.23,0.88,0.94
1,0.61,0.5,0.2,0.48,0.45,0.18,0.78,0.08,0.96,0.13,0.0,0.09,0.18,0.18,1.23,0.13,0.27,0.47,0.24,0.89,0.22,0.23,0.88,0.94
1,0.61,0.5,0.2,0.48,0.45,0.18,0.78,0.08,0.96,0.13,0.0,0.09,0.18,0.18,1.23,0.13,0.27,0.47,0.24,0.89,0.22,0.23,0.88,0.94
1,0.61,0.5,0.2,0.48,0.45,0.18,0.78,0.08,0.96,0.13,0.0,0.09,0.18,0.18,1.23,0.13,0.27,0.47,0.24,0.89,0.22,0.23,0.88,0.94
1,0.61,0.5,0.2,0.48,0.45,0.18,0.78,0.08,0.96,0.13,0.0,0.09,0.18,0.18,1.23,0.13,0.27,0.47,0.24,0.89,0.22,0.23,0.88,0.94
1,0.61,0.5,0.2,0.48,0.45,0.18,0.78,0.08,0.96,0.13,0.0,0.09,0.18,0.18,1.23,0.13,0.27,0.47,0.24,0.89,0.22,0.23,0.88,0.94
1,0.06,0.44,0.22,0.57,0.76,0.13,0.71,0.13,0.92,0.1,-1.76,0.01,0.11,0.09,9.86,0.08,0.56,1.93,0.3,0.78,0.09,0.29,0.77,0.93
1,0.06,0.44,0.22,0.57,0.76,0.13,0.71,0.13,0.92,0.1,-1.76,0.01,0.11,0.09,9.86,0.08,0.56,1.93,0.3,0.78,0.09,0.29,0.77,0.93
1,0.06,0.44,0.22,0.57,0.76,0.13,0.71,0.13,0.92,0.1,-1.76,0.01,0.11,0.09,9.86,0.08,0.56,1.93,0.3,0.78,0.09,0.29,0.77,0.93
1,0.06,0.44,0.22,0.57,0.76,0.13,0.71,0.13,0.92,0.1,-1.76,0.01,0.11,0.09,9.86,0.08,0.56,1.93,0.3,0.78,0.09,0.29,0.77,0.93
1,0.06,0.44,0.22,0.57,0.76,0.13,0.71,0.13,0.92,0.1,-1.76,0.01,0.11,0.09,9.86,0.08,0.56,1.93,0.3,0.78,0.09,0.29,0.77,0.93
1,0.06,0.44,0.22,0.57,0.76,0.13,0.71,0.13,0.92,0.1,-1.76,0.01,0.11,0.09,9.86,0.08,0.56,1.93,0.3,0.78,0.09,0.29,0.77,0.93
1,0.06,0.44,0.22,0.57,0.76,0.13,0.71,0.13,0.92,0.1,-1.76,0.01,0.11,0.09,9.86,0.08,0.56,1.93,0.3,0.78,0.09,0.29,0.77,0.93
1,0.06,0.44,0.22,0.57,0.76,0.13,0.71,0.13,0.92,0.1,-1.76,0.01,0.11,0.09,9.86,0.08,0.56,1.93,0.3,0.78,0.09,0.29,0.77,0.93
1,0.06,0.44,0.22,0.57,0.76,0.13,0.71,0.13,0.92,0.1,-1.76,0.01,0.11,0.09,9.86,0.08,0.56,1.93,0.3,0.78,0.09,0.29,0.77,0.93
1,0.06,0.44,0.22,0.57,0.76,0.13,0.71,0.13,0.92,0.1,-1.76,0.01,0.11,0.09,9.86,0.08,0.56,1.93,0.3,0.78,0.09,0.29,0.77,0.93
1,0.06,0.44,0.22,0.57,0.76,0.13,0.71,0.13,0.92,0.1,-1.76,0.01,0.11,0.09,9.86,0.08,0.56,1.93,0.3,0.78,0.09,0.29,0.77,0.93
1,0.06,0.44,0.22,0.57,0.76,0.13,0.71,0.13,0.92,0.1,-1.76,0.01,0.11,0.09,9.86,0.08,0.56,1.93,0.3,0.78,0.09,0.29,0.77,0.93
1,0.93,0.29,0.21,0.29,0.55,0.17,0.63,0.1,0.93,0.13,-0.03,1.84,0.13,0.12,0.48,0.13,0.22,1.9,0.28,0.79,0.21,0.3,0.8,0.94
1,0.93,0.29,0.21,0.29,0.55,0.17,0.63,0.1,0.93,0.13,-0.03,1.84,0.13,0.12,0.48,0.13,0.22,1.9,0.28,0.79,0.21,0.3,0.8,0.94
1,0.93,0.29,0.21,0.29,0.55,0.17,0.63,0.1,0.93,0.13,-0.03,1.84,0.13,0.12,0.48,0.13,0.22,1.9,0.28,0.79,0.21,0.3,0.8,0.94
1,0.93,0.29,0.21,0.29,0.55,0.17,0.63,0.1,0.93,0.13,-0.03,1.84,0.13,0.12,0.48,0.13,0.22,1.9,0.28,0.79,0.21,0.3,0.8,0.94
1,0.93,0.29,0.21,0.29,0.55,0.17,0.63,0.1,0.93,0.13,-0.03,1.84,0.13,0.12,0.48,0.13,0.22,1.9,0.28,0.79,0.21,0.3,0.8,0.94
1,0.93,0.29,0.21,0.29,0.55,0.17,0.63,0.1,0.93,0.13,-0.03,1.84,0.13,0.12,0.48,0.13,0.22,1.9,0.28,0.79,0.21,0.3,0.8,0.94
1,0.93,0.29,0.21,0.29,0.55,0.17,0.63,0.1,0.93,0.13,-0.03,1.84,0.13,0.12,0.48,0.13,0.22,1.9,0.28,0.79,0.21,0.3,0.8,0.94
1,0.93,0.29,0.21,0.29,0.55,0.17,0.63,0.1,0.93,0.13,-0.03,1.84,0.13,0.12,0.48,0.13,0.22,1.9,0.28,0.79,0.21,0.3,0.8,0.94
1,0.93,0.29,0.21,0.29,0.55,0.17,0.63,0.1,0.93,0.13,-0.03,1.84,0.13,0.12,0.48,0.13,0.22,1.9,0.28,0.79,0.21,0.3,0.8,0.94
1,0.93,0.29,0.21,0.29,0.55,0.17,0.63,0.1,0.93,0.13,-0.03,1.84,0.13,0.12,0.48,0.13,0.22,1.9,0.28,0.79,0.21,0.3,0.8,0.94
1,0.93,0.29,0.21,0.29,0.55,0.17,0.63,0.1,0.93,0.13,-0.03,1.84,0.13,0.12,0.48,0.13,0.22,1.9,0.28,0.79,0.21,0.3,0.8,0.94
1,0.93,0.29,0.21,0.29,0.55,0.17,0.63,0.1,0.93,0.13,-0.03,1.84,0.13,0.12,0.48,0.13,0.22,1.9,0.28,0.79,0.21,0.3,0.8,0.94
1,0.45,0.46,0.49,0.21,0.41,0.14,0.67,0.12,0.95,0.04,0.8,1.69,0.13,0.1,2.89,0.06,0.43,4.58,0.38,0.63,0.05,0.36,0.61,0.74
1,0.45,0.46,0.49,0.21,0.41,0.14,0.67,0.12,0.95,0.04,0.8,1.69,0.13,0.1,2.89,0.06,0.43,4.58,0.38,0.63,0.05,0.36,0.61,0.74
1,0.45,0.46,0.49,0.21,0.41,0.14,0.67,0.12,0.95,0.04,0.8,1.69,0.13,0.1,2.89,0.06,0.43,4.58,0.38,0.63,0.05,0.36,0.61,0.74
1,0.45,0.46,0.49,0.21,0.41,0.14,0.67,0.12,0.95,0.04,0.8,1.69,0.13,0.1,2.89,0.06,0.43,4.58,0.38,0.63,0.05,0.36,0.61,0.74
1,0.45,0.46,0.49,0.21,0.41,0.14,0.67,0.12,0.95,0.04,0.8,1.69,0.13,0.1,2.89,0.06,0.43,4.58,0.38,0.63,0.05,0.36,0.61,0.74
1,0.45,0.46,0.49,0.21,0.41,0.14,0.67,0.12,0.95,0.04,0.8,1.69,0.13,0.1,2.89,0.06,0.43,4.58,0.38,0.63,0.05,0.36,0.61,0.74
1,0.45,0.46,0.49,0.21,0.41,0.14,0.67,0.12,0.95,0.04,0.8,1.69,0.13,0.1,2.89,0.06,0.43,4.58,0.38,0.63,0.05,0.36,0.61,0.74
1,0.45,0.46,0.49,0.21,0.41,0.14,0.67,0.12,0.95,0.04,0.8,1.69,0.13,0.1,2.89,0.06,0.43,4.58,0.38,0.63,0.05,0.36,0.61,0.74
1,0.45,0.46,0.49,0.21,0.41,0.14,0.67,0.12,0.95,0.04,0.8,1.69,0.13,0.1,2.89,0.06,0.43,4.58,0.38,0.63,0.05,0.36,0.61,0.74
1,0.45,0.46,0.49,0.21,0.41,0.14,0.67,0.12,0.95,0.04,0.8,1.69,0.13,0.1,2.89,0.06,0.43,4.58,0.38,0.63,0.05,0.36,0.61,0.74
1,0.45,0.46,0.49,0.21,0.41,0.14,0.67,0.12,0.95,0.04,0.8,1.69,0.13,0.1,2.89,0.06,0.43,4.58,0.38,0.63,0.05,0.36,0.61,0.74
1,0.45,0.46,0.49,0.21,0.41,0.14,0.67,0.12,0.95,0.04,0.8,1.69,0.13,0.1,2.89,0.06,0.43,4.58,0.38,0.63,0.05,0.36,0.61,0.74
1,0.85,0.31,0.33,0.18,0.29,0.11,0.7,0.25,0.88,0.06,1.2,2.44,0.15,0.15,1.07,0.07,0.22,2.24,0.23,0.82,0.06,0.24,0.83,0.85
1,0.85,0.31,0.33,0.18,0.29,0.11,0.7,0.25,0.88,0.06,1.2,2.44,0.15,0.15,1.07,0.07,0.22,2.24,0.23,0.82,0.06,0.24,0.83,0.85
1,0.85,0.31,0.33,0.18,0.29,0.11,0.7,0.25,0.88,0.06,1.2,2.44,0.15,0.15,1.07,0.07,0.22,2.24,0.23,0.82,0.06,0.24,0.83,0.85
1,0.85,0.31,0.33,0.18,0.29,0.11,0.7,0.25,0.88,0.06,1.2,2.44,0.15,0.15,1.07,0.07,0.22,2.24,0.23,0.82,0.06,0.24,0.83,0.85
1,0.85,0.31,0.33,0.18,0.29,0.11,0.7,0.25,0.88,0.06,1.2,2.44,0.15,0.15,1.07,0.07,0.22,2.24,0.23,0.82,0.06,0.24,0.83,0.85
1,0.85,0.31,0.33,0.18,0.29,0.11,0.7,0.25,0.88,0.06,1.2,2.44,0.15,0.15,1.07,0.07,0.22,2.24,0.23,0.82,0.06,0.24,0.83,0.85
1,0.85,0.31,0.33,0.18,0.29,0.11,0.7,0.25,0.88,0.06,1.2,2.44,0.15,0.15,1.07,0.07,0.22,2.24,0.23,0.82,0.06,0.24,0.83,0.85
1,0.85,0.31,0.33,0.18,0.29,0.11,0.7,0.25,0.88,0.06,1.2,2.44,0.15,0.15,1.07,0.07,0.22,2.24,0.23,0.82,0.06,0.24,0.83,0.85
1,0.85,0.31,0.33,0.18,0.29,0.11,0.7,0.25,0.88,0.06,1.2,2.44,0.15,0.15,1.07,0.07,0.22,2.24,0.23,0.82,0.06,0.24,0.83,0.85
1,0.85,0.31,0.33,0.18,0.29,0.11,0.7,0.25,0.88,0.06,1.2,2.44,0.15,0.15,1.07,0.07,0.22,2.24,0.23,0.82,0.06,0.24,0.83,0.85
1,0.85,0.31,0.33,0.18,0.29,0.11,0.7,0.25,0.88,0.06,1.2,2.44,0.15,0.15,1.07,0.07,0.22,2.24,0.23,0.82,0.06,0.24,0.83,0.85
1,0.85,0.31,0.33,0.18,0.29,0.11,0.7,0.25,0.88,0.06,1.2,2.44,0.15,0.15,1.07,0.07,0.22,2.24,0.23,0.82,0.06,0.24,0.83,0.85
1,0.07,0.41,0.19,0.36,0.4,0.18,0.67,0.16,0.92,0.09,0.02,-0.33,0.13,0.13,22.18,0.11,0.43,5.73,0.27,0.86,0.13,0.25,0.85,0.94
1,0.07,0.41,0.19,0.36,0.4,0.18,0.67,0.16,0.92,0.09,0.02,-0.33,0.13,0.13,22.18,0.11,0.43,5.73,0.27,0.86,0.13,0.25,0.85,0.94
1,0.07,0.41,0.19,0.36,0.4,0.18,0.67,0.16,0.92,0.09,0.02,-0.33,0.13,0.13,22.18,0.11,0.43,5.73,0.27,0.86,0.13,0.25,0.85,0.94
1,0.07,0.41,0.19,0.36,0.4,0.18,0.67,0.16,0.92,0.09,0.02,-0.33,0.13,0.13,22.18,0.11,0.43,5.73,0.27,0.86,0.13,0.25,0.85,0.94
1,0.07,0.41,0.19,0.36,0.4,0.18,0.67,0.16,0.92,0.09,0.02,-0.33,0.13,0.13,22.18,0.11,0.43,5.73,0.27,0.86,0.13,0.25,0.85,0.94
1,0.07,0.41,0.19,0.36,0.4,0.18,0.67,0.16,0.92,0.09,0.02,-0.33,0.13,0.13,22.18,0.11,0.43,5.73,0.27,0.86,0.13,0.25,0.85,0.94
1,0.07,0.41,0.19,0.36,0.4,0.18,0.67,0.16,0.92,0.09,0.02,-0.33,0.13,0.13,22.18,0.11,0.43,5.73,0.27,0.86,0.13,0.25,0.85,0.94
1,0.07,0.41,0.19,0.36,0.4,0.18,0.67,0.16,0.92,0.09,0.02,-0.33,0.13,0.13,22.18,0.11,0.43,5.73,0.27,0.86,0.13,0.25,0.85,0.94
1,0.07,0.41,0.19,0.36,0.4,0.18,0.67,0.16,0.92,0.09,0.02,-0.33,0.13,0.13,22.18,0.11,0.43,5.73,0.27,0.86,0.13,0.25,0.85,0.94
1,0.07,0.41,0.19,0.36,0.4,0.18,0.67,0.16,0.92,0.09,0.02,-0.33,0.13,0.13,22.18,0.11,0.43,5.73,0.27,0.86,0.13,0.25,0.85,0.94
1,0.07,0.41,0.19,0.36,0.4,0.18,0.67,0.16,0.92,0.09,0.02,-0.33,0.13,0.13,22.18,0.11,0.43,5.73,0.27,0.86,0.13,0.25,0.85,0.94
1,0.07,0.41,0.19,0.36,0.4,0.18,0.67,0.16,0.92,0.09,0.02,-0.33,0.13,0.13,22.18,0.11,0.43,5.73,0.27,0.86,0.13,0.25,0.85,0.94
1,0.1,0.5,0.28,0.52,0.66,0.11,0.81,0.08,0.95,0.14,-0.58,-0.43,0.11,0.08,3.78,0.1,0.53,3.27,0.29,0.83,0.1,0.29,0.83,0.92
1,0.1,0.5,0.28,0.52,0.66,0.11,0.81,0.08,0.95,0.14,-0.58,-0.43,0.11,0.08,3.78,0.1,0.53,3.27,0.29,0.83,0.1,0.29,0.83,0.92
1,0.1,0.5,0.28,0.52,0.66,0.11,0.81,0.08,0.95,0.14,-0.58,-0.43,0.11,0.08,3.78,0.1,0.53,3.27,0.29,0.83,0.1,0.29,0.83,0.92
1,0.1,0.5,0.28,0.52,0.66,0.11,0.81,0.08,0.95,0.14,-0.58,-0.43,0.11,0.08,3.78,0.1,0.53,3.27,0.29,0.83,0.1,0.29,0.83,0.92
1,0.1,0.5,0.28,0.52,0.66,0.11,0.81,0.08,0.95,0.14,-0.58,-0.43,0.11,0.08,3.78,0.1,0.53,3.27,0.29,0.83,0.1,0.29,0.83,0.92
1,0.1,0.5,0.28,0.52,0.66,0.11,0.81,0.08,0.95,0.14,-0.58,-0.43,0.11,0.08,3.78,0.1,0.53,3.27,0.29,0.83,0.1,0.29,0.83,0.92
1,0.1,0.5,0.28,0.52,0.66,0.11,0.81,0.08,0.95,0.14,-0.58,-0.43,0.11,0.08,3.78,0.1,0.53,3.27,0.29,0.83,0.1,0.29,0.83,0.92
1,0.1,0.5,0.28,0.52,0.66,0.11,0.81,0.08,0.95,0.14,-0.58,-0.43,0.11,0.08,3.78,0.1,0.53,3.27,0.29,0.83,0.1,0.29,0.83,0.92
1,0.1,0.5,0.28,0.52,0.66,0.11,0.81,0.08,0.95,0.14,-0.58,-0.43,0.11,0.08,3.78,0.1,0.53,3.27,0.29,0.83,0.1,0.29,0.83,0.92
1,0.1,0.5,0.28,0.52,0.66,0.11,0.81,0.08,0.95,0.14,-0.58,-0.43,0.11,0.08,3.78,0.1,0.53,3.27,0.29,0.83,0.1,0.29,0.83,0.92
1,0.1,0.5,0.28,0.52,0.66,0.11,0.81,0.08,0.95,0.14,-0.58,-0.43,0.11,0.08,3.78,0.1,0.53,3.27,0.29,0.83,0.1,0.29,0.83,0.92
1,0.1,0.5,0.28,0.52,0.66,0.11,0.81,0.08,0.95,0.14,-0.58,-0.43,0.11,0.08,3.78,0.1,0.53,3.27,0.29,0.83,0.1,0.29,0.83,0.92
1,0.97,0.83,0.11,0.67,0.26,0.03,0.79,0.32,0.89,0.02,-1.83,-10.31,0.17,0.14,10.25,0.06,0.38,11.17,0.31,0.77,0.04,0.32,0.78,0.85
1,0.97,0.83,0.11,0.67,0.26,0.03,0.79,0.32,0.89,0.02,-1.83,-10.31,0.17,0.14,10.25,0.06,0.38,11.17,0.31,0.77,0.04,0.32,0.78,0.85
1,0.97,0.83,0.11,0.67,0.26,0.03,0.79,0.32,0.89,0.02,-1.83,-10.31,0.17,0.14,10.25,0.06,0.38,11.17,0.31,0.77,0.04,0.32,0.78,0.85
1,0.97,0.83,0.11,0.67,0.26,0.03,0.79,0.32,0.89,0.02,-1.83,-10.31,0.17,0.14,10.25,0.06,0.38,11.17,0.31,0.77,0.04,0.32,0.78,0.85
1,0.97,0.83,0.11,0.67,0.26,0.03,0.79,0.32,0.89,0.02,-1.83,-10.31,0.17,0.14,10.25,0.06,0.38,11.17,0.31,0.77,0.04,0.32,0.78,0.85
1,0.97,0.83,0.11,0.67,0.26,0.03,0.79,0.32,0.89,0.02,-1.83,-10.31,0.17,0.14,10.25,0.06,0.38,11.17,0.31,0.77,0.04,0.32,0.78,0.85
1,0.97,0.83,0.11,0.67,0.26,0.03,0.79,0.32,0.89,0.02,-1.83,-10.31,0.17,0.14,10.25,0.06,0.38,11.17,0.31,0.77,0.04,0.32,0.78,0.85
1,0.97,0.83,0.11,0.67,0.26,0.03,0.79,0.32,0.89,0.02,-1.83,-10.31,0.17,0.14,10.25,0.06,0.38,11.17,0.31,0.77,0.04,0.32,0.78,0.85
1,0.97,0.83,0.11,0.67,0.26,0.03,0.79,0.32,0.89,0.02,-1.83,-10.31,0.17,0.14,10.25,0.06,0.38,11.17,0.31,0.77,0.04,0.32,0.78,0.85
1,0.97,0.83,0.11,0.67,0.26,0.03,0.79,0.32,0.89,0.02,-1.83,-10.31,0.17,0.14,10.25,0.06,0.38,11.17,0.31,0.77,0.04,0.32,0.78,0.85
1,0.97,0.83,0.11,0.67,0.26,0.03,0.79,0.32,0.89,0.02,-1.83,-10.31,0.17,0.14,10.25,0.06,0.38,11.17,0.31,0.77,0.04,0.32,0.78,0.85
1,0.97,0.83,0.11,0.67,0.26,0.03,0.79,0.32,0.89,0.02,-1.83,-10.31,0.17,0.14,10.25,0.06,0.38,11.17,0.31,0.77,0.04,0.32,0.78,0.85
1,0.91,0.6,0.08,0.27,0.36,0.06,0.67,0.11,0.92,0.03,-3.34,1.98,0.11,0.1,9.63,0.04,0.3,6.05,0.26,0.72,0.05,0.32,0.79,0.84
1,0.91,0.6,0.08,0.27,0.36,0.06,0.67,0.11,0.92,0.03,-3.34,1.98,0.11,0.1,9.63,0.04,0.3,6.05,0.26,0.72,0.05,0.32,0.79,0.84
1,0.91,0.6,0.08,0.27,0.36,0.06,0.67,0.11,0.92,0.03,-3.34,1.98,0.11,0.1,9.63,0.04,0.3,6.05,0.26,0.72,0.05,0.32,0.79,0.84
1,0.91,0.6,0.08,0.27,0.36,0.06,0.67,0.11,0.92,0.03,-3.34,1.98,0.11,0.1,9.63,0.04,0.3,6.05,0.26,0.72,0.05,0.32,0.79,0.84
1,0.91,0.6,0.08,0.27,0.36,0.06,0.67,0.11,0.92,0.03,-3.34,1.98,0.11,0.1,9.63,0.04,0.3,6.05,0.26,0.72,0.05,0.32,0.79,0.84
1,0.91,0.6,0.08,0.27,0.36,0.06,0.67,0.11,0.92,0.03,-3.34,1.98,0.11,0.1,9.63,0.04,0.3,6.05,0.26,0.72,0.05,0.32,0.79,0.84
1,0.91,0.6,0.08,0.27,0.36,0.06,0.67,0.11,0.92,0.03,-3.34,1.98,0.11,0.1,9.63,0.04,0.3,6.05,0.26,0.72,0.05,0.32,0.79,0.84
1,0.91,0.6,0.08,0.27,0.36,0.06,0.67,0.11,0.92,0.03,-3.34,1.98,0.11,0.1,9.63,0.04,0.3,6.05,0.26,0.72,0.05,0.32,0.79,0.84
1,0.91,0.6,0.08,0.27,0.36,0.06,0.67,0.11,0.92,0.03,-3.34,1.98,0.11,0.1,9.63,0.04,0.3,6.05,0.26,0.72,0.05,0.32,0.79,0.84
1,0.91,0.6,0.08,0.27,0.36,0.06,0.67,0.11,0.92,0.03,-3.34,1.98,0.11,0.1,9.63,0.04,0.3,6.05,0.26,0.72,0.05,0.32,0.79,0.84
1,0.91,0.6,0.08,0.27,0.36,0.06,0.67,0.11,0.92,0.03,-3.34,1.98,0.11,0.1,9.63,0.04,0.3,6.05,0.26,0.72,0.05,0.32,0.79,0.84
1,0.91,0.6,0.08,0.27,0.36,0.06,0.67,0.11,0.92,0.03,-3.34,1.98,0.11,0.1,9.63,0.04,0.3,6.05,0.26,0.72,0.05,0.32,0.79,0.84
1,0.09,0.83,0.27,0.85,0.59,0.04,0.67,0.05,0.98,0.03,-1.33,-2.68,0.13,0.13,15.03,0.09,0.47,9.69,0.29,0.61,0.15,0.28,0.6,0.81
1,0.09,0.83,0.27,0.85,0.59,0.04,0.67,0.05,0.98,0.03,-1.33,-2.68,0.13,0.13,15.03,0.09,0.47,9.69,0.29,0.61,0.15,0.28,0.6,0.81
1,0.09,0.83,0.27,0.85,0.59,0.04,0.67,0.05,0.98,0.03,-1.33,-2.68,0.13,0.13,15.03,0.09,0.47,9.69,0.29,0.61,0.15,0.28,0.6,0.81
1,0.09,0.83,0.27,0.85,0.59,0.04,0.67,0.05,0.98,0.03,-1.33,-2.68,0.13,0.13,15.03,0.09,0.47,9.69,0.29,0.61,0.15,0.28,0.6,0.81
1,0.09,0.83,0.27,0.85,0.59,0.04,0.67,0.05,0.98,0.03,-1.33,-2.68,0.13,0.13,15.03,0.09,0.47,9.69,0.29,0.61,0.15,0.28,0.6,0.81
1,0.09,0.83,0.27,0.85,0.59,0.04,0.67,0.05,0.98,0.03,-1.33,-2.68,0.13,0.13,15.03,0.09,0.47,9.69,0.29,0.61,0.15,0.28,0.6,0.81
1,0.09,0.83,0.27,0.85,0.59,0.04,0.67,0.05,0.98,0.03,-1.33,-2.68,0.13,0.13,15.03,0.09,0.47,9.69,0.29,0.61,0.15,0.28,0.6,0.81
1,0.09,0.83,0.27,0.85,0.59,0.04,0.67,0.05,0.98,0.03,-1.33,-2.68,0.13,0.13,15.03,0.09,0.47,9.69,0.29,0.61,0.15,0.28,0.6,0.81
1,0.09,0.83,0.27,0.85,0.59,0.04,0.67,0.05,0.98,0.03,-1.33,-2.68,0.13,0.13,15.03,0.09,0.47,9.69,0.29,0.61,0.15,0.28,0.6,0.81
1,0.09,0.83,0.27,0.85,0.59,0.04,0.67,0.05,0.98,0.03,-1.33,-2.68,0.13,0.13,15.03,0.09,0.47,9.69,0.29,0.61,0.15,0.28,0.6,0.81
1,0.09,0.83,0.27,0.85,0.59,0.04,0.67,0.05,0.98,0.03,-1.33,-2.68,0.13,0.13,15.03,0.09,0.47,9.69,0.29,0.61,0.15,0.28,0.6,0.81
1,0.09,0.83,0.27,0.85,0.59,0.04,0.67,0.05,0.98,0.03,-1.33,-2.68,0.13,0.13,15.03,0.09,0.47,9.69,0.29,0.61,0.15,0.28,0.6,0.81
1,0.74,0.55,0.41,0.58,0.62,0.15,0.53,0.18,0.96,0.2,-0.35,-0.38,0.26,0.25,0.46,0.18,0.46,0.65,0.37,0.59,0.11,0.37,0.6,0.64
1,0.74,0.55,0.41,0.58,0.62,0.15,0.53,0.18,0.96,0.2,-0.35,-0.38,0.26,0.25,0.46,0.18,0.46,0.65,0.37,0.59,0.11,0.37,0.6,0.64
1,0.74,0.55,0.41,0.58,0.62,0.15,0.53,0.18,0.96,0.2,-0.35,-0.38,0.26,0.25,0.46,0.18,0.46,0.65,0.37,0.59,0.11,0.37,0.6,0.64
1,0.74,0.55,0.41,0.58,0.62,0.15,0.53,0.18,0.96,0.2,-0.35,-0.38,0.26,0.25,0.46,0.18,0.46,0.65,0.37,0.59,0.11,0.37,0.6,0.64
1,0.74,0.55,0.41,0.58,0.62,0.15,0.53,0.18,0.96,0.2,-0.35,-0.38,0.26,0.25,0.46,0.18,0.46,0.65,0.37,0.59,0.11,0.37,0.6,0.64
1,0.74,0.55,0.41,0.58,0.62,0.15,0.53,0.18,0.96,0.2,-0.35,-0.38,0.26,0.25,0.46,0.18,0.46,0.65,0.37,0.59,0.11,0.37,0.6,0.64
1,0.74,0.55,0.41,0.58,0.62,0.15,0.53,0.18,0.96,0.2,-0.35,-0.38,0.26,0.25,0.46,0.18,0.46,0.65,0.37,0.59,0.11,0.37,0.6,0.64
1,0.74,0.55,0.41,0.58,0.62,0.15,0.53,0.18,0.96,0.2,-0.35,-0.38,0.26,0.25,0.46,0.18,0.46,0.65,0.37,0.59,0.11,0.37,0.6,0.64
1,0.74,0.55,0.41,0.58,0.62,0.15,0.53,0.18,0.96,0.2,-0.35,-0.38,0.26,0.25,0.46,0.18,0.46,0.65,0.37,0.59,0.11,0.37,0.6,0.64
1,0.74,0.55,0.41,0.58,0.62,0.15,0.53,0.18,0.96,0.2,-0.35,-0.38,0.26,0.25,0.46,0.18,0.46,0.65,0.37,0.59,0.11,0.37,0.6,0.64
1,0.74,0.55,0.41,0.58,0.62,0.15,0.53,0.18,0.96,0.2,-0.35,-0.38,0.26,0.25,0.46,0.18,0.46,0.65,0.37,0.59,0.11,0.37,0.6,0.64
1,0.74,0.55,0.41,0.58,0.62,0.15,0.53,0.18,0.96,0.2,-0.35,-0.38,0.26,0.25,0.46,0.18,0.46,0.65,0.37,0.59,0.11,0.37,0.6,0.64
1,0.92,0.45,0.2,0.46,0.67,0.12,0.48,0.13,0.93,0.12,-0.45,0.64,0.15,0.14,2.74,0.15,0.33,5.11,0.27,0.66,0.13,0.28,0.68,0.85
1,0.92,0.45,0.2,0.46,0.67,0.12,0.48,0.13,0.93,0.12,-0.45,0.64,0.15,0.14,2.74,0.15,0.33,5.11,0.27,0.66,0.13,0.28,0.68,0.85
1,0.92,0.45,0.2,0.46,0.67,0.12,0.48,0.13,0.93,0.12,-0.45,0.64,0.15,0.14,2.74,0.15,0.33,5.11,0.27,0.66,0.13,0.28,0.68,0.85
1,0.92,0.45,0.2,0.46,0.67,0.12,0.48,0.13,0.93,0.12,-0.45,0.64,0.15,0.14,2.74,0.15,0.33,5.11,0.27,0.66,0.13,0.28,0.68,0.85
1,0.92,0.45,0.2,0.46,0.67,0.12,0.48,0.13,0.93,0.12,-0.45,0.64,0.15,0.14,2.74,0.15,0.33,5.11,0.27,0.66,0.13,0.28,0.68,0.85
1,0.92,0.45,0.2,0.46,0.67,0.12,0.48,0.13,0.93,0.12,-0.45,0.64,0.15,0.14,2.74,0.15,0.33,5.11,0.27,0.66,0.13,0.28,0.68,0.85
1,0.92,0.45,0.2,0.46,0.67,0.12,0.48,0.13,0.93,0.12,-0.45,0.64,0.15,0.14,2.74,0.15,0.33,5.11,0.27,0.66,0.13,0.28,0.68,0.85
1,0.92,0.45,0.2,0.46,0.67,0.12,0.48,0.13,0.93,0.12,-0.45,0.64,0.15,0.14,2.74,0.15,0.33,5.11,0.27,0.66,0.13,0.28,0.68,0.85
1,0.92,0.45,0.2,0.46,0.67,0.12,0.48,0.13,0.93,0.12,-0.45,0.64,0.15,0.14,2.74,0.15,0.33,5.11,0.27,0.66,0.13,0.28,0.68,0.85
1,0.92,0.45,0.2,0.46,0.67,0.12,0.48,0.13,0.93,0.12,-0.45,0.64,0.15,0.14,2.74,0.15,0.33,5.11,0.27,0.66,0.13,0.28,0.68,0.85
1,0.92,0.45,0.2,0.46,0.67,0.12,0.48,0.13,0.93,0.12,-0.45,0.64,0.15,0.14,2.74,0.15,0.33,5.11,0.27,0.66,0.13,0.28,0.68,0.85
1,0.92,0.45,0.2,0.46,0.67,0.12,0.48,0.13,0.93,0.12,-0.45,0.64,0.15,0.14,2.74,0.15,0.33,5.11,0.27,0.66,0.13,0.28,0.68,0.85
1,0.1,0.41,0.29,0.58,0.5,0.18,0.64,0.06,0.96,0.17,-0.0,-0.42,0.18,0.2,0.73,0.15,0.51,0.62,0.32,0.37,0.18,0.31,0.35,0.71
1,0.1,0.41,0.29,0.58,0.5,0.18,0.64,0.06,0.96,0.17,-0.0,-0.42,0.18,0.2,0.73,0.15,0.51,0.62,0.32,0.37,0.18,0.31,0.35,0.71
1,0.1,0.41,0.29,0.58,0.5,0.18,0.64,0.06,0.96,0.17,-0.0,-0.42,0.18,0.2,0.73,0.15,0.51,0.62,0.32,0.37,0.18,0.31,0.35,0.71
1,0.1,0.41,0.29,0.58,0.5,0.18,0.64,0.06,0.96,0.17,-0.0,-0.42,0.18,0.2,0.73,0.15,0.51,0.62,0.32,0.37,0.18,0.31,0.35,0.71
1,0.1,0.41,0.29,0.58,0.5,0.18,0.64,0.06,0.96,0.17,-0.0,-0.42,0.18,0.2,0.73,0.15,0.51,0.62,0.32,0.37,0.18,0.31,0.35,0.71
1,0.1,0.41,0.29,0.58,0.5,0.18,0.64,0.06,0.96,0.17,-0.0,-0.42,0.18,0.2,0.73,0.15,0.51,0.62,0.32,0.37,0.18,0.31,0.35,0.71
1,0.1,0.41,0.29,0.58,0.5,0.18,0.64,0.06,0.96,0.17,-0.0,-0.42,0.18,0.2,0.73,0.15,0.51,0.62,0.32,0.37,0.18,0.31,0.35,0.71
1,0.1,0.41,0.29,0.58,0.5,0.18,0.64,0.06,0.96,0.17,-0.0,-0.42,0.18,0.2,0.73,0.15,0.51,0.62,0.32,0.37,0.18,0.31,0.35,0.71
1,0.1,0.41,0.29,0.58,0.5,0.18,0.64,0.06,0.96,0.17,-0.0,-0.42,0.18,0.2,0.73,0.15,0.51,0.62,0.32,0.37,0.18,0.31,0.35,0.71
1,0.1,0.41,0.29,0.58,0.5,0.18,0.64,0.06,0.96,0.17,-0.0,-0.42,0.18,0.2,0.73,0.15,0.51,0.62,0.32,0.37,0.18,0.31,0.35,0.71
1,0.1,0.41,0.29,0.58,0.5,0.18,0.64,0.06,0.96,0.17,-0.0,-0.42,0.18,0.2,0.73,0.15,0.51,0.62,0.32,0.37,0.18,0.31,0.35,0.71
1,0.1,0.41,0.29,0.58,0.5,0.18,0.64,0.06,0.96,0.17,-0.0,-0.42,0.18,0.2,0.73,0.15,0.51,0.62,0.32,0.37,0.18,0.31,0.35,0.71
1,0.78,0.24,0.41,0.64,0.78,0.09,0.75,0.08,0.98,0.1,-0.75,-0.17,0.1,0.1,0.74,0.08,0.75,0.06,0.41,0.63,0.09,0.41,0.64,0.74
1,0.78,0.24,0.41,0.64,0.78,0.09,0.75,0.08,0.98,0.1,-0.75,-0.17,0.1,0.1,0.74,0.08,0.75,0.06,0.41,0.63,0.09,0.41,0.64,0.74
1,0.78,0.24,0.41,0.64,0.78,0.09,0.75,0.08,0.98,0.1,-0.75,-0.17,0.1,0.1,0.74,0.08,0.75,0.06,0.41,0.63,0.09,0.41,0.64,0.74
1,0.78,0.24,0.41,0.64,0.78,0.09,0.75,0.08,0.98,0.1,-0.75,-0.17,0.1,0.1,0.74,0.08,0.75,0.06,0.41,0.63,0.09,0.41,0.64,0.74
1,0.78,0.24,0.41,0.64,0.78,0.09,0.75,0.08,0.98,0.1,-0.75,-0.17,0.1,0.1,0.74,0.08,0.75,0.06,0.41,0.63,0.09,0.41,0.64,0.74
1,0.78,0.24,0.41,0.64,0.78,0.09,0.75,0.08,0.98,0.1,-0.75,-0.17,0.1,0.1,0.74,0.08,0.75,0.06,0.41,0.63,0.09,0.41,0.64,0.74
1,0.78,0.24,0.41,0.64,0.78,0.09,0.75,0.08,0.98,0.1,-0.75,-0.17,0.1,0.1,0.74,0.08,0.75,0.06,0.41,0.63,0.09,0.41,0.64,0.74
1,0.78,0.24,0.41,0.64,0.78,0.09,0.75,0.08,0.98,0.1,-0.75,-0.17,0.1,0.1,0.74,0.08,0.75,0.06,0.41,0.63,0.09,0.41,0.64,0.74
1,0.78,0.24,0.41,0.64,0.78,0.09,0.75,0.08,0.98,0.1,-0.75,-0.17,0.1,0.1,0.74,0.08,0.75,0.06,0.41,0.63,0.09,0.41,0.64,0.74
1,0.78,0.24,0.41,0.64,0.78,0.09,0.75,0.08,0.98,0.1,-0.75,-0.17,0.1,0.1,0.74,0.08,0.75,0.06,0.41,0.63,0.09,0.41,0.64,0.74
1,0.78,0.24,0.41,0.64,0.78,0.09,0.75,0.08,0.98,0.1,-0.75,-0.17,0.1,0.1,0.74,0.08,0.75,0.06,0.41,0.63,0.09,0.41,0.64,0.74
1,0.78,0.24,0.41,0.64,0.78,0.09,0.75,0.08,0.98,0.1,-0.75,-0.17,0.1,0.1,0.74,0.08,0.75,0.06,0.41,0.63,0.09,0.41,0.64,0.74
1,0.03,0.4,0.05,0.67,0.68,0.16,0.65,0.28,0.8,0.1,-1.49,-3.47,0.15,0.14,5.83,0.09,0.46,2.12,0.26,0.83,0.14,0.23,0.81,0.93
1,0.03,0.4,0.05,0.67,0.68,0.16,0.65,0.28,0.8,0.1,-1.49,-3.47,0.15,0.14,5.83,0.09,0.46,2.12,0.26,0.83,0.14,0.23,0.81,0.93
1,0.03,0.4,0.05,0.67,0.68,0.16,0.65,0.28,0.8,0.1,-1.49,-3.47,0.15,0.14,5.83,0.09,0.46,2.12,0.26,0.83,0.14,0.23,0.81,0.93
1,0.03,0.4,0.05,0.67,0.68,0.16,0.65,0.28,0.8,0.1,-1.49,-3.47,0.15,0.14,5.83,0.09,0.46,2.12,0.26,0.83,0.14,0.23,0.81,0.93
1,0.03,0.4,0.05,0.67,0.68,0.16,0.65,0.28,0.8,0.1,-1.49,-3.47,0.15,0.14,5.83,0.09,0.46,2.12,0.26,0.83,0.14,0.23,0.81,0.93
1,0.03,0.4,0.05,0.67,0.68,0.16,0.65,0.28,0.8,0.1,-1.49,-3.47,0.15,0.14,5.83,0.09,0.46,2.12,0.26,0.83,0.14,0.23,0.81,0.93
1,0.03,0.4,0.05,0.67,0.68,0.16,0.65,0.28,0.8,0.1,-1.49,-3.47,0.15,0.14,5.83,0.09,0.46,2.12,0.26,0.83,0.14,0.23,0.81,0.93
1,0.03,0.4,0.05,0.67,0.68,0.16,0.65,0.28,0.8,0.1,-1.49,-3.47,0.15,0.14,5.83,0.09,0.46,2.12,0.26,0.83,0.14,0.23,0.81,0.93
1,0.03,0.4,0.05,0.67,0.68,0.16,0.65,0.28,0.8,0.1,-1.49,-3.47,0.15,0.14,5.83,0.09,0.46,2.12,0.26,0.83,0.14,0.23,0.81,0.93
1,0.03,0.4,0.05,0.67,0.68,0.16,0.65,0.28,0.8,0.1,-1.49,-3.47,0.15,0.14,5.83,0.09,0.46,2.12,0.26,0.83,0.14,0.23,0.81,0.93
1,0.03,0.4,0.05,0.67,0.68,0.16,0.65,0.28,0.8,0.1,-1.49,-3.47,0.15,0.14,5.83,0.09,0.46,2.12,0.26,0.83,0.14,0.23,0.81,0.93
1,0.03,0.4,0.05,0.67,0.68,0.16,0.65,0.28,0.8,0.1,-1.49,-3.47,0.15,0.14,5.83,0.09,0.46,2.12,0.26,0.83,0.14,0.23,0.81,0.93
1,0.62,0.55,0.18,0.63,0.36,0.18,0.77,0.04,0.95,0.19,0.2,-0.42,0.21,0.22,0.91,0.22,0.5,0.63,0.21,0.93,0.17,0.21,0.93,0.97
1,0.62,0.55,0.18,0.63,0.36,0.18,0.77,0.04,0.95,0.19,0.2,-0.42,0.21,0.22,0.91,0.22,0.5,0.63,0.21,0.93,0.17,0.21,0.93,0.97
1,0.62,0.55,0.18,0.63,0.36,0.18,0.77,0.04,0.95,0.19,0.2,-0.42,0.21,0.22,0.91,0.22,0.5,0.63,0.21,0.93,0.17,0.21,0.93,0.97
1,0.62,0.55,0.18,0.63,0.36,0.18,0.77,0.04,0.95,0.19,0.2,-0.42,0.21,0.22,0.91,0.22,0.5,0.63,0.21,0.93,0.17,0.21,0.93,0.97
1,0.62,0.55,0.18,0.63,0.36,0.18,0.77,0.04,0.95,0.19,0.2,-0.42,0.21,0.22,0.91,0.22,0.5,0.63,0.21,0.93,0.17,0.21,0.93,0.97
1,0.62,0.55,0.18,0.63,0.36,0.18,0.77,0.04,0.95,0.19,0.2,-0.42,0.21,0.22,0.91,0.22,0.5,0.63,0.21,0.93,0.17,0.21,0.93,0.97
1,0.62,0.55,0.18,0.63,0.36,0.18,0.77,0.04,0.95,0.19,0.2,-0.42,0.21,0.22,0.91,0.22,0.5,0.63,0.21,0.93,0.17,0.21,0.93,0.97
1,0.62,0.55,0.18,0.63,0.36,0.18,0.77,0.04,0.95,0.19,0.2,-0.42,0.21,0.22,0.91,0.22,0.5,0.63,0.21,0.93,0.17,0.21,0.93,0.97
1,0.62,0.55,0.18,0.63,0.36,0.18,0.77,0.04,0.95,0.19,0.2,-0.42,0.21,0.22,0.91,0.22,0.5,0.63,0.21,0.93,0.17,0.21,0.93,0.97
1,0.62,0.55,0.18,0.63,0.36,0.18,0.77,0.04,0.95,0.19,0.2,-0.42,0.21,0.22,0.91,0.22,0.5,0.63,0.21,0.93,0.17,0.21,0.93,0.97
1,0.62,0.55,0.18,0.63,0.36,0.18,0.77,0.04,0.95,0.19,0.2,-0.42,0.21,0.22,0.91,0.22,0.5,0.63,0.21,0.93,0.17,0.21,0.93,0.97
1,0.62,0.55,0.18,0.63,0.36,0.18,0.77,0.04,0.95,0.19,0.2,-0.42,0.21,0.22,0.91,0.22,0.5,0.63,0.21,0.93,0.17,0.21,0.93,0.97
1,0.06,0.36,0.22,0.71,0.78,0.09,0.47,0.21,0.9,0.1,-1.23,-0.72,0.15,0.14,1.58,0.06,0.32,0.41,0.3,0.57,0.09,0.29,0.56,0.75
1,0.06,0.36,0.22,0.71,0.78,0.09,0.47,0.21,0.9,0.1,-1.23,-0.72,0.15,0.14,1.58,0.06,0.32,0.41,0.3,0.57,0.09,0.29,0.56,0.75
1,0.06,0.36,0.22,0.71,0.78,0.09,0.47,0.21,0.9,0.1,-1.23,-0.72,0.15,0.14,1.58,0.06,0.32,0.41,0.3,0.57,0.09,0.29,0.56,0.75
1,0.06,0.36,0.22,0.71,0.78,0.09,0.47,0.21,0.9,0.1,-1.23,-0.72,0.15,0.14,1.58,0.06,0.32,0.41,0.3,0.57,0.09,0.29,0.56,0.75
1,0.06,0.36,0.22,0.71,0.78,0.09,0.47,0.21,0.9,0.1,-1.23,-0.72,0.15,0.14,1.58,0.06,0.32,0.41,0.3,0.57,0.09,0.29,0.56,0.75
1,0.06,0.36,0.22,0.71,0.78,0.09,0.47,0.21,0.9,0.1,-1.23,-0.72,0.15,0.14,1.58,0.06,0.32,0.41,0.3,0.57,0.09,0.29,0.56,0.75
1,0.06,0.36,0.22,0.71,0.78,0.09,0.47,0.21,0.9,0.1,-1.23,-0.72,0.15,0.14,1.58,0.06,0.32,0.41,0.3,0.57,0.09,0.29,0.56,0.75
1,0.06,0.36,0.22,0.71,0.78,0.09,0.47,0.21,0.9,0.1,-1.23,-0.72,0.15,0.14,1.58,0.06,0.32,0.41,0.3,0.57,0.09,0.29,0.56,0.75
1,0.06,0.36,0.22,0.71,0.78,0.09,0.47,0.21,0.9,0.1,-1.23,-0.72,0.15,0.14,1.58,0.06,0.32,0.41,0.3,0.57,0.09,0.29,0.56,0.75
1,0.06,0.36,0.22,0.71,0.78,0.09,0.47,0.21,0.9,0.1,-1.23,-0.72,0.15,0.14,1.58,0.06,0.32,0.41,0.3,0.57,0.09,0.29,0.56,0.75
1,0.06,0.36,0.22,0.71,0.78,0.09,0.47,0.21,0.9,0.1,-1.23,-0.72,0.15,0.14,1.58,0.06,0.32,0.41,0.3,0.57,0.09,0.29,0.56,0.75
1,0.06,0.36,0.22,0.71,0.78,0.09,0.47,0.21,0.9,0.1,-1.23,-0.72,0.15,0.14,1.58,0.06,0.32,0.41,0.3,0.57,0.09,0.29,0.56,0.75
1,0.03,0.56,0.01,0.65,0.52,0.1,0.69,0.03,0.99,0.14,-0.32,-0.29,0.17,0.19,0.45,0.15,0.62,0.6,0.38,0.76,0.16,0.37,0.75,0.86
1,0.03,0.56,0.01,0.65,0.52,0.1,0.69,0.03,0.99,0.14,-0.32,-0.29,0.17,0.19,0.45,0.15,0.62,0.6,0.38,0.76,0.16,0.37,0.75,0.86
1,0.03,0.56,0.01,0.65,0.52,0.1,0.69,0.03,0.99,0.14,-0.32,-0.29,0.17,0.19,0.45,0.15,0.62,0.6,0.38,0.76,0.16,0.37,0.75,0.86
1,0.03,0.56,0.01,0.65,0.52,0.1,0.69,0.03,0.99,0.14,-0.32,-0.29,0.17,0.19,0.45,0.15,0.62,0.6,0.38,0.76,0.16,0.37,0.75,0.86
1,0.03,0.56,0.01,0.65,0.52,0.1,0.69,0.03,0.99,0.14,-0.32,-0.29,0.17,0.19,0.45,0.15,0.62,0.6,0.38,0.76,0.16,0.37,0.75,0.86
1,0.03,0.56,0.01,0.65,0.52,0.1,0.69,0.03,0.99,0.14,-0.32,-0.29,0.17,0.19,0.45,0.15,0.62,0.6,0.38,0.76,0.16,0.37,0.75,0.86
1,0.03,0.56,0.01,0.65,0.52,0.1,0.69,0.03,0.99,0.14,-0.32,-0.29,0.17,0.19,0.45,0.15,0.62,0.6,0.38,0.76,0.16,0.37,0.75,0.86
1,0.03,0.56,0.01,0.65,0.52,0.1,0.69,0.03,0.99,0.14,-0.32,-0.29,0.17,0.19,0.45,0.15,0.62,0.6,0.38,0.76,0.16,0.37,0.75,0.86
1,0.03,0.56,0.01,0.65,0.52,0.1,0.69,0.03,0.99,0.14,-0.32,-0.29,0.17,0.19,0.45,0.15,0.62,0.6,0.38,0.76,0.16,0.37,0.75,0.86
1,0.03,0.56,0.01,0.65,0.52,0.1,0.69,0.03,0.99,0.14,-0.32,-0.29,0.17,0.19,0.45,0.15,0.62,0.6,0.38,0.76,0.16,0.37,0.75,0.86
1,0.03,0.56,0.01,0.65,0.52,0.1,0.69,0.03,0.99,0.14,-0.32,-0.29,0.17,0.19,0.45,0.15,0.62,0.6,0.38,0.76,0.16,0.37,0.75,0.86
1,0.03,0.56,0.01,0.65,0.52,0.1,0.69,0.03,0.99,0.14,-0.32,-0.29,0.17,0.19,0.45,0.15,0.62,0.6,0.38,0.76,0.16,0.37,0.75,0.86
1,0.04,0.44,0.02,0.62,0.65,0.17,0.49,0.15,0.93,0.1,-0.37,-0.63,0.13,0.12,4.08,0.1,0.7,2.57,0.33,0.58,0.14,0.32,0.55,0.74
1,0.04,0.44,0.02,0.62,0.65,0.17,0.49,0.15,0.93,0.1,-0.37,-0.63,0.13,0.12,4.08,0.1,0.7,2.57,0.33,0.58,0.14,0.32,0.55,0.74
1,0.04,0.44,0.02,0.62,0.65,0.17,0.49,0.15,0.93,0.1,-0.37,-0.63,0.13,0.12,4.08,0.1,0.7,2.57,0.33,0.58,0.14,0.32,0.55,0.74
1,0.04,0.44,0.02,0.62,0.65,0.17,0.49,0.15,0.93,0.1,-0.37,-0.63,0.13,0.12,4.08,0.1,0.7,2.57,0.33,0.58,0.14,0.32,0.55,0.74
1,0.04,0.44,0.02,0.62,0.65,0.17,0.49,0.15,0.93,0.1,-0.37,-0.63,0.13,0.12,4.08,0.1,0.7,2.57,0.33,0.58,0.14,0.32,0.55,0.74
1,0.04,0.44,0.02,0.62,0.65,0.17,0.49,0.15,0.93,0.1,-0.37,-0.63,0.13,0.12,4.08,0.1,0.7,2.57,0.33,0.58,0.14,0.32,0.55,0.74
1,0.04,0.44,0.02,0.62,0.65,0.17,0.49,0.15,0.93,0.1,-0.37,-0.63,0.13,0.12,4.08,0.1,0.7,2.57,0.33,0.58,0.14,0.32,0.55,0.74
1,0.04,0.44,0.02,0.62,0.65,0.17,0.49,0.15,0.93,0.1,-0.37,-0.63,0.13,0.12,4.08,0.1,0.7,2.57,0.33,0.58,0.14,0.32,0.55,0.74
1,0.04,0.44,0.02,0.62,0.65,0.17,0.49,0.15,0.93,0.1,-0.37,-0.63,0.13,0.12,4.08,0.1,0.7,2.57,0.33,0.58,0.14,0.32,0.55,0.74
1,0.04,0.44,0.02,0.62,0.65,0.17,0.49,0.15,0.93,0.1,-0.37,-0.63,0.13,0.12,4.08,0.1,0.7,2.57,0.33,0.58,0.14,0.32,0.55,0.74
1,0.04,0.44,0.02,0.62,0.65,0.17,0.49,0.15,0.93,0.1,-0.37,-0.63,0.13,0.12,4.08,0.1,0.7,2.57,0.33,0.58,0.14,0.32,0.55,0.74
1,0.04,0.44,0.02,0.62,0.65,0.17,0.49,0.15,0.93,0.1,-0.37,-0.63,0.13,0.12,4.08,0.1,0.7,2.57,0.33,0.58,0.14,0.32,0.55,0.74
1,0.96,0.34,0.16,0.71,0.73,0.11,0.77,0.08,0.96,0.08,-0.21,-1.22,0.12,0.12,2.45,0.1,0.72,0.31,0.31,0.62,0.12,0.32,0.63,0.84
1,0.96,0.34,0.16,0.71,0.73,0.11,0.77,0.08,0.96,0.08,-0.21,-1.22,0.12,0.12,2.45,0.1,0.72,0.31,0.31,0.62,0.12,0.32,0.63,0.84
1,0.96,0.34,0.16,0.71,0.73,0.11,0.77,0.08,0.96,0.08,-0.21,-1.22,0.12,0.12,2.45,0.1,0.72,0.31,0.31,0.62,0.12,0.32,0.63,0.84
1,0.96,0.34,0.16,0.71,0.73,0.11,0.77,0.08,0.96,0.08,-0.21,-1.22,0.12,0.12,2.45,0.1,0.72,0.31,0.31,0.62,0.12,0.32,0.63,0.84
1,0.96,0.34,0.16,0.71,0.73,0.11,0.77,0.08,0.96,0.08,-0.21,-1.22,0.12,0.12,2.45,0.1,0.72,0.31,0.31,0.62,0.12,0.32,0.63,0.84
1,0.96,0.34,0.16,0.71,0.73,0.11,0.77,0.08,0.96,0.08,-0.21,-1.22,0.12,0.12,2.45,0.1,0.72,0.31,0.31,0.62,0.12,0.32,0.63,0.84
1,0.96,0.34,0.16,0.71,0.73,0.11,0.77,0.08,0.96,0.08,-0.21,-1.22,0.12,0.12,2.45,0.1,0.72,0.31,0.31,0.62,0.12,0.32,0.63,0.84
1,0.96,0.34,0.16,0.71,0.73,0.11,0.77,0.08,0.96,0.08,-0.21,-1.22,0.12,0.12,2.45,0.1,0.72,0.31,0.31,0.62,0.12,0.32,0.63,0.84
1,0.96,0.34,0.16,0.71,0.73,0.11,0.77,0.08,0.96,0.08,-0.21,-1.22,0.12,0.12,2.45,0.1,0.72,0.31,0.31,0.62,0.12,0.32,0.63,0.84
1,0.96,0.34,0.16,0.71,0.73,0.11,0.77,0.08,0.96,0.08,-0.21,-1.22,0.12,0.12,2.45,0.1,0.72,0.31,0.31,0.62,0.12,0.32,0.63,0.84
1,0.96,0.34,0.16,0.71,0.73,0.11,0.77,0.08,0.96,0.08,-0.21,-1.22,0.12,0.12,2.45,0.1,0.72,0.31,0.31,0.62,0.12,0.32,0.63,0.84
1,0.96,0.34,0.16,0.71,0.73,0.11,0.77,0.08,0.96,0.08,-0.21,-1.22,0.12,0.12,2.45,0.1,0.72,0.31,0.31,0.62,0.12,0.32,0.63,0.84
1,0.68,0.54,0.46,0.46,0.44,0.13,0.76,0.03,0.96,0.13,-0.06,-0.54,0.19,0.19,0.14,0.2,0.47,0.13,0.3,0.32,0.17,0.32,0.35,0.66
1,0.68,0.54,0.46,0.46,0.44,0.13,0.76,0.03,0.96,0.13,-0.06,-0.54,0.19,0.19,0.14,0.2,0.47,0.13,0.3,0.32,0.17,0.32,0.35,0.66
1,0.68,0.54,0.46,0.46,0.44,0.13,0.76,0.03,0.96,0.13,-0.06,-0.54,0.19,0.19,0.14,0.2,0.47,0.13,0.3,0.32,0.17,0.32,0.35,0.66
1,0.68,0.54,0.46,0.46,0.44,0.13,0.76,0.03,0.96,0.13,-0.06,-0.54,0.19,0.19,0.14,0.2,0.47,0.13,0.3,0.32,0.17,0.32,0.35,0.66
1,0.68,0.54,0.46,0.46,0.44,0.13,0.76,0.03,0.96,0.13,-0.06,-0.54,0.19,0.19,0.14,0.2,0.47,0.13,0.3,0.32,0.17,0.32,0.35,0.66
1,0.68,0.54,0.46,0.46,0.44,0.13,0.76,0.03,0.96,0.13,-0.06,-0.54,0.19,0.19,0.14,0.2,0.47,0.13,0.3,0.32,0.17,0.32,0.35,0.66
1,0.68,0.54,0.46,0.46,0.44,0.13,0.76,0.03,0.96,0.13,-0.06,-0.54,0.19,0.19,0.14,0.2,0.47,0.13,0.3,0.32,0.17,0.32,0.35,0.66
1,0.68,0.54,0.46,0.46,0.44,0.13,0.76,0.03,0.96,0.13,-0.06,-0.54,0.19,0.19,0.14,0.2,0.47,0.13,0.3,0.32,0.17,0.32,0.35,0.66
1,0.68,0.54,0.46,0.46,0.44,0.13,0.76,0.03,0.96,0.13,-0.06,-0.54,0.19,0.19,0.14,0.2,0.47,0.13,0.3,0.32,0.17,0.32,0.35,0.66
1,0.68,0.54,0.46,0.46,0.44,0.13,0.76,0.03,0.96,0.13,-0.06,-0.54,0.19,0.19,0.14,0.2,0.47,0.13,0.3,0.32,0.17,0.32,0.35,0.66
1,0.68,0.54,0.46,0.46,0.44,0.13,0.76,0.03,0.96,0.13,-0.06,-0.54,0.19,0.19,0.14,0.2,0.47,0.13,0.3,0.32,0.17,0.32,0.35,0.66
1,0.68,0.54,0.46,0.46,0.44,0.13,0.76,0.03,0.96,0.13,-0.06,-0.54,0.19,0.19,0.14,0.2,0.47,0.13,0.3,0.32,0.17,0.32,0.35,0.66
1,0.72,0.2,0.45,0.6,0.83,0.09,0.46,0.04,0.95,0.1,-0.96,-0.23,0.09,0.08,1.69,0.17,0.55,0.08,0.34,0.5,0.09,0.37,0.54,0.84
1,0.72,0.2,0.45,0.6,0.83,0.09,0.46,0.04,0.95,0.1,-0.96,-0.23,0.09,0.08,1.69,0.17,0.55,0.08,0.34,0.5,0.09,0.37,0.54,0.84
1,0.72,0.2,0.45,0.6,0.83,0.09,0.46,0.04,0.95,0.1,-0.96,-0.23,0.09,0.08,1.69,0.17,0.55,0.08,0.34,0.5,0.09,0.37,0.54,0.84
1,0.72,0.2,0.45,0.6,0.83,0.09,0.46,0.04,0.95,0.1,-0.96,-0.23,0.09,0.08,1.69,0.17,0.55,0.08,0.34,0.5,0.09,0.37,0.54,0.84
1,0.72,0.2,0.45,0.6,0.83,0.09,0.46,0.04,0.95,0.1,-0.96,-0.23,0.09,0.08,1.69,0.17,0.55,0.08,0.34,0.5,0.09,0.37,0.54,0.84
1,0.72,0.2,0.45,0.6,0.83,0.09,0.46,0.04,0.95,0.1,-0.96,-0.23,0.09,0.08,1.69,0.17,0.55,0.08,0.34,0.5,0.09,0.37,0.54,0.84
1,0.72,0.2,0.45,0.6,0.83,0.09,0.46,0.04,0.95,0.1,-0.96,-0.23,0.09,0.08,1.69,0.17,0.55,0.08,0.34,0.5,0.09,0.37,0.54,0.84
1,0.72,0.2,0.45,0.6,0.83,0.09,0.46,0.04,0.95,0.1,-0.96,-0.23,0.09,0.08,1.69,0.17,0.55,0.08,0.34,0.5,0.09,0.37,0.54,0.84
1,0.72,0.2,0.45,0.6,0.83,0.09,0.46,0.04,0.95,0.1,-0.96,-0.23,0.09,0.08,1.69,0.17,0.55,0.08,0.34,0.5,0.09,0.37,0.54,0.84
1,0.72,0.2,0.45,0.6,0.83,0.09,0.46,0.04,0.95,0.1,-0.96,-0.23,0.09,0.08,1.69,0.17,0.55,0.08,0.34,0.5,0.09,0.37,0.54,0.84
1,0.72,0.2,0.45,0.6,0.83,0.09,0.46,0.04,0.95,0.1,-0.96,-0.23,0.09,0.08,1.69,0.17,0.55,0.08,0.34,0.5,0.09,0.37,0.54,0.84
1,0.72,0.2,0.45,0.6,0.83,0.09,0.46,0.04,0.95,0.1,-0.96,-0.23,0.09,0.08,1.69,0.17,0.55,0.08,0.34,0.5,0.09,0.37,0.54,0.84
2,0.12,0.4,0.31,0.61,0.51,0.13,0.55,0.16,0.96,0.13,-0.34,-0.28,0.17,0.18,3.09,0.17,0.54,0.88,0.33,0.84,0.21,0.32,0.83,0.89
2,0.12,0.4,0.31,0.61,0.51,0.13,0.55,0.16,0.96,0.13,-0.34,-0.28,0.17,0.18,3.09,0.17,0.54,0.88,0.33,0.84,0.21,0.32,0.83,0.89
2,0.12,0.4,0.31,0.61,0.51,0.13,0.55,0.16,0.96,0.13,-0.34,-0.28,0.17,0.18,3.09,0.17,0.54,0.88,0.33,0.84,0.21,0.32,0.83,0.89
2,0.12,0.4,0.31,0.61,0.51,0.13,0.55,0.16,0.96,0.13,-0.34,-0.28,0.17,0.18,3.09,0.17,0.54,0.88,0.33,0.84,0.21,0.32,0.83,0.89
2,0.12,0.4,0.31,0.61,0.51,0.13,0.55,0.16,0.96,0.13,-0.34,-0.28,0.17,0.18,3.09,0.17,0.54,0.88,0.33,0.84,0.21,0.32,0.83,0.89
2,0.12,0.4,0.31,0.61,0.51,0.13,0.55,0.16,0.96,0.13,-0.34,-0.28,0.17,0.18,3.09,0.17,0.54,0.88,0.33,0.84,0.21,0.32,0.83,0.89
2,0.12,0.4,0.31,0.61,0.51,0.13,0.55,0.16,0.96,0.13,-0.34,-0.28,0.17,0.18,3.09,0.17,0.54,0.88,0.33,0.84,0.21,0.32,0.83,0.89
2,0.12,0.4,0.31,0.61,0.51,0.13,0.55,0.16,0.96,0.13,-0.34,-0.28,0.17,0.18,3.09,0.17,0.54,0.88,0.33,0.84,0.21,0.32,0.83,0.89
2,0.12,0.4,0.31,0.61,0.51,0.13,0.55,0.16,0.96,0.13,-0.34,-0.28,0.17,0.18,3.09,0.17,0.54,0.88,0.33,0.84,0.21,0.32,0.83,0.89
2,0.12,0.4,0.31,0.61,0.51,0.13,0.55,0.16,0.96,0.13,-0.34,-0.28,0.17,0.18,3.09,0.17,0.54,0.88,0.33,0.84,0.21,0.32,0.83,0.89
2,0.12,0.4,0.31,0.61,0.51,0.13,0.55,0.16,0.96,0.13,-0.34,-0.28,0.17,0.18,3.09,0.17,0.54,0.88,0.33,0.84,0.21,0.32,0.83,0.89
2,0.12,0.4,0.31,0.61,0.51,0.13,0.55,0.16,0.96,0.13,-0.34,-0.28,0.17,0.18,3.09,0.17,0.54,0.88,0.33,0.84,0.21,0.32,0.83,0.89
2,0.07,0.43,0.17,0.67,0.71,0.19,0.84,0.11,0.97,0.16,-0.67,-1.34,0.2,0.18,33.54,0.19,0.79,25.43,0.3,0.89,0.17,0.27,0.88,0.94
2,0.07,0.43,0.17,0.67,0.71,0.19,0.84,0.11,0.97,0.16,-0.67,-1.34,0.2,0.18,33.54,0.19,0.79,25.43,0.3,0.89,0.17,0.27,0.88,0.94
2,0.07,0.43,0.17,0.67,0.71,0.19,0.84,0.11,0.97,0.16,-0.67,-1.34,0.2,0.18,33.54,0.19,0.79,25.43,0.3,0.89,0.17,0.27,0.88,0.94
2,0.07,0.43,0.17,0.67,0.71,0.19,0.84,0.11,0.97,0.16,-0.67,-1.34,0.2,0.18,33.54,0.19,0.79,25.43,0.3,0.89,0.17,0.27,0.88,0.94
2,0.07,0.43,0.17,0.67,0.71,0.19,0.84,0.11,0.97,0.16,-0.67,-1.34,0.2,0.18,33.54,0.19,0.79,25.43,0.3,0.89,0.17,0.27,0.88,0.94
2,0.07,0.43,0.17,0.67,0.71,0.19,0.84,0.11,0.97,0.16,-0.67,-1.34,0.2,0.18,33.54,0.19,0.79,25.43,0.3,0.89,0.17,0.27,0.88,0.94
2,0.07,0.43,0.17,0.67,0.71,0.19,0.84,0.11,0.97,0.16,-0.67,-1.34,0.2,0.18,33.54,0.19,0.79,25.43,0.3,0.89,0.17,0.27,0.88,0.94
2,0.07,0.43,0.17,0.67,0.71,0.19,0.84,0.11,0.97,0.16,-0.67,-1.34,0.2,0.18,33.54,0.19,0.79,25.43,0.3,0.89,0.17,0.27,0.88,0.94
2,0.07,0.43,0.17,0.67,0.71,0.19,0.84,0.11,0.97,0.16,-0.67,-1.34,0.2,0.18,33.54,0.19,0.79,25.43,0.3,0.89,0.17,0.27,0.88,0.94
2,0.07,0.43,0.17,0.67,0.71,0.19,0.84,0.11,0.97,0.16,-0.67,-1.34,0.2,0.18,33.54,0.19,0.79,25.43,0.3,0.89,0.17,0.27,0.88,0.94
2,0.07,0.43,0.17,0.67,0.71,0.19,0.84,0.11,0.97,0.16,-0.67,-1.34,0.2,0.18,33.54,0.19,0.79,25.43,0.3,0.89,0.17,0.27,0.88,0.94
2,0.07,0.43,0.17,0.67,0.71,0.19,0.84,0.11,0.97,0.16,-0.67,-1.34,0.2,0.18,33.54,0.19,0.79,25.43,0.3,0.89,0.17,0.27,0.88,0.94
2,0.05,0.37,0.12,0.72,0.72,0.15,0.63,0.12,0.97,0.14,-0.18,-0.59,0.17,0.14,14.72,0.16,0.79,11.45,0.42,0.67,0.12,0.36,0.6,0.89
2,0.05,0.37,0.12,0.72,0.72,0.15,0.63,0.12,0.97,0.14,-0.18,-0.59,0.17,0.14,14.72,0.16,0.79,11.45,0.42,0.67,0.12,0.36,0.6,0.89
2,0.05,0.37,0.12,0.72,0.72,0.15,0.63,0.12,0.97,0.14,-0.18,-0.59,0.17,0.14,14.72,0.16,0.79,11.45,0.42,0.67,0.12,0.36,0.6,0.89
2,0.05,0.37,0.12,0.72,0.72,0.15,0.63,0.12,0.97,0.14,-0.18,-0.59,0.17,0.14,14.72,0.16,0.79,11.45,0.42,0.67,0.12,0.36,0.6,0.89
2,0.05,0.37,0.12,0.72,0.72,0.15,0.63,0.12,0.97,0.14,-0.18,-0.59,0.17,0.14,14.72,0.16,0.79,11.45,0.42,0.67,0.12,0.36,0.6,0.89
2,0.05,0.37,0.12,0.72,0.72,0.15,0.63,0.12,0.97,0.14,-0.18,-0.59,0.17,0.14,14.72,0.16,0.79,11.45,0.42,0.67,0.12,0.36,0.6,0.89
2,0.05,0.37,0.12,0.72,0.72,0.15,0.63,0.12,0.97,0.14,-0.18,-0.59,0.17,0.14,14.72,0.16,0.79,11.45,0.42,0.67,0.12,0.36,0.6,0.89
2,0.05,0.37,0.12,0.72,0.72,0.15,0.63,0.12,0.97,0.14,-0.18,-0.59,0.17,0.14,14.72,0.16,0.79,11.45,0.42,0.67,0.12,0.36,0.6,0.89
2,0.05,0.37,0.12,0.72,0.72,0.15,0.63,0.12,0.97,0.14,-0.18,-0.59,0.17,0.14,14.72,0.16,0.79,11.45,0.42,0.67,0.12,0.36,0.6,0.89
2,0.05,0.37,0.12,0.72,0.72,0.15,0.63,0.12,0.97,0.14,-0.18,-0.59,0.17,0.14,14.72,0.16,0.79,11.45,0.42,0.67,0.12,0.36,0.6,0.89
2,0.05,0.37,0.12,0.72,0.72,0.15,0.63,0.12,0.97,0.14,-0.18,-0.59,0.17,0.14,14.72,0.16,0.79,11.45,0.42,0.67,0.12,0.36,0.6,0.89
2,0.05,0.37,0.12,0.72,0.72,0.15,0.63,0.12,0.97,0.14,-0.18,-0.59,0.17,0.14,14.72,0.16,0.79,11.45,0.42,0.67,0.12,0.36,0.6,0.89
2,0.88,0.28,0.25,0.53,0.72,0.14,0.75,0.1,0.97,0.16,-0.92,-0.28,0.14,0.15,30.1,0.14,0.65,4.87,0.3,0.82,0.15,0.33,0.84,0.92
2,0.88,0.28,0.25,0.53,0.72,0.14,0.75,0.1,0.97,0.16,-0.92,-0.28,0.14,0.15,30.1,0.14,0.65,4.87,0.3,0.82,0.15,0.33,0.84,0.92
2,0.88,0.28,0.25,0.53,0.72,0.14,0.75,0.1,0.97,0.16,-0.92,-0.28,0.14,0.15,30.1,0.14,0.65,4.87,0.3,0.82,0.15,0.33,0.84,0.92
2,0.88,0.28,0.25,0.53,0.72,0.14,0.75,0.1,0.97,0.16,-0.92,-0.28,0.14,0.15,30.1,0.14,0.65,4.87,0.3,0.82,0.15,0.33,0.84,0.92
2,0.88,0.28,0.25,0.53,0.72,0.14,0.75,0.1,0.97,0.16,-0.92,-0.28,0.14,0.15,30.1,0.14,0.65,4.87,0.3,0.82,0.15,0.33,0.84,0.92
2,0.88,0.28,0.25,0.53,0.72,0.14,0.75,0.1,0.97,0.16,-0.92,-0.28,0.14,0.15,30.1,0.14,0.65,4.87,0.3,0.82,0.15,0.33,0.84,0.92
2,0.88,0.28,0.25,0.53,0.72,0.14,0.75,0.1,0.97,0.16,-0.92,-0.28,0.14,0.15,30.1,0.14,0.65,4.87,0.3,0.82,0.15,0.33,0.84,0.92
2,0.88,0.28,0.25,0.53,0.72,0.14,0.75,0.1,0.97,0.16,-0.92,-0.28,0.14,0.15,30.1,0.14,0.65,4.87,0.3,0.82,0.15,0.33,0.84,0.92
2,0.88,0.28,0.25,0.53,0.72,0.14,0.75,0.1,0.97,0.16,-0.92,-0.28,0.14,0.15,30.1,0.14,0.65,4.87,0.3,0.82,0.15,0.33,0.84,0.92
2,0.88,0.28,0.25,0.53,0.72,0.14,0.75,0.1,0.97,0.16,-0.92,-0.28,0.14,0.15,30.1,0.14,0.65,4.87,0.3,0.82,0.15,0.33,0.84,0.92
2,0.88,0.28,0.25,0.53,0.72,0.14,0.75,0.1,0.97,0.16,-0.92,-0.28,0.14,0.15,30.1,0.14,0.65,4.87,0.3,0.82,0.15,0.33,0.84,0.92
2,0.88,0.28,0.25,0.53,0.72,0.14,0.75,0.1,0.97,0.16,-0.92,-0.28,0.14,0.15,30.1,0.14,0.65,4.87,0.3,0.82,0.15,0.33,0.84,0.92
2,0.47,0.38,0.49,0.54,0.7,0.17,0.67,0.09,0.97,0.15,-0.72,-0.02,0.13,0.12,5.11,0.11,0.61,1.67,0.36,0.72,0.14,0.37,0.73,0.81
2,0.47,0.38,0.49,0.54,0.7,0.17,0.67,0.09,0.97,0.15,-0.72,-0.02,0.13,0.12,5.11,0.11,0.61,1.67,0.36,0.72,0.14,0.37,0.73,0.81
2,0.47,0.38,0.49,0.54,0.7,0.17,0.67,0.09,0.97,0.15,-0.72,-0.02,0.13,0.12,5.11,0.11,0.61,1.67,0.36,0.72,0.14,0.37,0.73,0.81
2,0.47,0.38,0.49,0.54,0.7,0.17,0.67,0.09,0.97,0.15,-0.72,-0.02,0.13,0.12,5.11,0.11,0.61,1.67,0.36,0.72,0.14,0.37,0.73,0.81
2,0.47,0.38,0.49,0.54,0.7,0.17,0.67,0.09,0.97,0.15,-0.72,-0.02,0.13,0.12,5.11,0.11,0.61,1.67,0.36,0.72,0.14,0.37,0.73,0.81
2,0.47,0.38,0.49,0.54,0.7,0.17,0.67,0.09,0.97,0.15,-0.72,-0.02,0.13,0.12,5.11,0.11,0.61,1.67,0.36,0.72,0.14,0.37,0.73,0.81
2,0.47,0.38,0.49,0.54,0.7,0.17,0.67,0.09,0.97,0.15,-0.72,-0.02,0.13,0.12,5.11,0.11,0.61,1.67,0.36,0.72,0.14,0.37,0.73,0.81
2,0.47,0.38,0.49,0.54,0.7,0.17,0.67,0.09,0.97,0.15,-0.72,-0.02,0.13,0.12,5.11,0.11,0.61,1.67,0.36,0.72,0.14,0.37,0.73,0.81
2,0.47,0.38,0.49,0.54,0.7,0.17,0.67,0.09,0.97,0.15,-0.72,-0.02,0.13,0.12,5.11,0.11,0.61,1.67,0.36,0.72,0.14,0.37,0.73,0.81
2,0.47,0.38,0.49,0.54,0.7,0.17,0.67,0.09,0.97,0.15,-0.72,-0.02,0.13,0.12,5.11,0.11,0.61,1.67,0.36,0.72,0.14,0.37,0.73,0.81
2,0.47,0.38,0.49,0.54,0.7,0.17,0.67,0.09,0.97,0.15,-0.72,-0.02,0.13,0.12,5.11,0.11,0.61,1.67,0.36,0.72,0.14,0.37,0.73,0.81
2,0.47,0.38,0.49,0.54,0.7,0.17,0.67,0.09,0.97,0.15,-0.72,-0.02,0.13,0.12,5.11,0.11,0.61,1.67,0.36,0.72,0.14,0.37,0.73,0.81
2,0.03,0.29,0.1,0.76,0.69,0.12,0.68,0.08,0.97,0.09,-0.82,-2.18,0.14,0.16,20.48,0.07,0.49,2.26,0.34,0.65,0.14,0.33,0.64,0.85
2,0.03,0.29,0.1,0.76,0.69,0.12,0.68,0.08,0.97,0.09,-0.82,-2.18,0.14,0.16,20.48,0.07,0.49,2.26,0.34,0.65,0.14,0.33,0.64,0.85
2,0.03,0.29,0.1,0.76,0.69,0.12,0.68,0.08,0.97,0.09,-0.82,-2.18,0.14,0.16,20.48,0.07,0.49,2.26,0.34,0.65,0.14,0.33,0.64,0.85
2,0.03,0.29,0.1,0.76,0.69,0.12,0.68,0.08,0.97,0.09,-0.82,-2.18,0.14,0.16,20.48,0.07,0.49,2.26,0.34,0.65,0.14,0.33,0.64,0.85
2,0.03,0.29,0.1,0.76,0.69,0.12,0.68,0.08,0.97,0.09,-0.82,-2.18,0.14,0.16,20.48,0.07,0.49,2.26,0.34,0.65,0.14,0.33,0.64,0.85
2,0.03,0.29,0.1,0.76,0.69,0.12,0.68,0.08,0.97,0.09,-0.82,-2.18,0.14,0.16,20.48,0.07,0.49,2.26,0.34,0.65,0.14,0.33,0.64,0.85
2,0.03,0.29,0.1,0.76,0.69,0.12,0.68,0.08,0.97,0.09,-0.82,-2.18,0.14,0.16,20.48,0.07,0.49,2.26,0.34,0.65,0.14,0.33,0.64,0.85
2,0.03,0.29,0.1,0.76,0.69,0.12,0.68,0.08,0.97,0.09,-0.82,-2.18,0.14,0.16,20.48,0.07,0.49,2.26,0.34,0.65,0.14,0.33,0.64,0.85
2,0.03,0.29,0.1,0.76,0.69,0.12,0.68,0.08,0.97,0.09,-0.82,-2.18,0.14,0.16,20.48,0.07,0.49,2.26,0.34,0.65,0.14,0.33,0.64,0.85
2,0.03,0.29,0.1,0.76,0.69,0.12,0.68,0.08,0.97,0.09,-0.82,-2.18,0.14,0.16,20.48,0.07,0.49,2.26,0.34,0.65,0.14,0.33,0.64,0.85
2,0.03,0.29,0.1,0.76,0.69,0.12,0.68,0.08,0.97,0.09,-0.82,-2.18,0.14,0.16,20.48,0.07,0.49,2.26,0.34,0.65,0.14,0.33,0.64,0.85
2,0.03,0.29,0.1,0.76,0.69,0.12,0.68,0.08,0.97,0.09,-0.82,-2.18,0.14,0.16,20.48,0.07,0.49,2.26,0.34,0.65,0.14,0.33,0.64,0.85
2,0.05,0.44,0.1,0.61,0.57,0.15,0.76,0.14,0.96,0.15,-0.48,-1.47,0.17,0.17,16.92,0.15,0.5,9.05,0.34,0.75,0.18,0.31,0.72,0.85
2,0.05,0.44,0.1,0.61,0.57,0.15,0.76,0.14,0.96,0.15,-0.48,-1.47,0.17,0.17,16.92,0.15,0.5,9.05,0.34,0.75,0.18,0.31,0.72,0.85
2,0.05,0.44,0.1,0.61,0.57,0.15,0.76,0.14,0.96,0.15,-0.48,-1.47,0.17,0.17,16.92,0.15,0.5,9.05,0.34,0.75,0.18,0.31,0.72,0.85
2,0.05,0.44,0.1,0.61,0.57,0.15,0.76,0.14,0.96,0.15,-0.48,-1.47,0.17,0.17,16.92,0.15,0.5,9.05,0.34,0.75,0.18,0.31,0.72,0.85
2,0.05,0.44,0.1,0.61,0.57,0.15,0.76,0.14,0.96,0.15,-0.48,-1.47,0.17,0.17,16.92,0.15,0.5,9.05,0.34,0.75,0.18,0.31,0.72,0.85
2,0.05,0.44,0.1,0.61,0.57,0.15,0.76,0.14,0.96,0.15,-0.48,-1.47,0.17,0.17,16.92,0.15,0.5,9.05,0.34,0.75,0.18,0.31,0.72,0.85
2,0.05,0.44,0.1,0.61,0.57,0.15,0.76,0.14,0.96,0.15,-0.48,-1.47,0.17,0.17,16.92,0.15,0.5,9.05,0.34,0.75,0.18,0.31,0.72,0.85
2,0.05,0.44,0.1,0.61,0.57,0.15,0.76,0.14,0.96,0.15,-0.48,-1.47,0.17,0.17,16.92,0.15,0.5,9.05,0.34,0.75,0.18,0.31,0.72,0.85
2,0.05,0.44,0.1,0.61,0.57,0.15,0.76,0.14,0.96,0.15,-0.48,-1.47,0.17,0.17,16.92,0.15,0.5,9.05,0.34,0.75,0.18,0.31,0.72,0.85
2,0.05,0.44,0.1,0.61,0.57,0.15,0.76,0.14,0.96,0.15,-0.48,-1.47,0.17,0.17,16.92,0.15,0.5,9.05,0.34,0.75,0.18,0.31,0.72,0.85
2,0.05,0.44,0.1,0.61,0.57,0.15,0.76,0.14,0.96,0.15,-0.48,-1.47,0.17,0.17,16.92,0.15,0.5,9.05,0.34,0.75,0.18,0.31,0.72,0.85
2,0.05,0.44,0.1,0.61,0.57,0.15,0.76,0.14,0.96,0.15,-0.48,-1.47,0.17,0.17,16.92,0.15,0.5,9.05,0.34,0.75,0.18,0.31,0.72,0.85
2,0.04,0.32,0.11,0.64,0.67,0.17,0.91,0.14,0.91,0.16,-1.2,-2.1,0.14,0.17,48.64,0.16,0.77,22.2,0.18,0.96,0.23,0.17,0.95,0.98
2,0.04,0.32,0.11,0.64,0.67,0.17,0.91,0.14,0.91,0.16,-1.2,-2.1,0.14,0.17,48.64,0.16,0.77,22.2,0.18,0.96,0.23,0.17,0.95,0.98
2,0.04,0.32,0.11,0.64,0.67,0.17,0.91,0.14,0.91,0.16,-1.2,-2.1,0.14,0.17,48.64,0.16,0.77,22.2,0.18,0.96,0.23,0.17,0.95,0.98
2,0.04,0.32,0.11,0.64,0.67,0.17,0.91,0.14,0.91,0.16,-1.2,-2.1,0.14,0.17,48.64,0.16,0.77,22.2,0.18,0.96,0.23,0.17,0.95,0.98
2,0.04,0.32,0.11,0.64,0.67,0.17,0.91,0.14,0.91,0.16,-1.2,-2.1,0.14,0.17,48.64,0.16,0.77,22.2,0.18,0.96,0.23,0.17,0.95,0.98
2,0.04,0.32,0.11,0.64,0.67,0.17,0.91,0.14,0.91,0.16,-1.2,-2.1,0.14,0.17,48.64,0.16,0.77,22.2,0.18,0.96,0.23,0.17,0.95,0.98
2,0.04,0.32,0.11,0.64,0.67,0.17,0.91,0.14,0.91,0.16,-1.2,-2.1,0.14,0.17,48.64,0.16,0.77,22.2,0.18,0.96,0.23,0.17,0.95,0.98
2,0.04,0.32,0.11,0.64,0.67,0.17,0.91,0.14,0.91,0.16,-1.2,-2.1,0.14,0.17,48.64,0.16,0.77,22.2,0.18,0.96,0.23,0.17,0.95,0.98
2,0.04,0.32,0.11,0.64,0.67,0.17,0.91,0.14,0.91,0.16,-1.2,-2.1,0.14,0.17,48.64,0.16,0.77,22.2,0.18,0.96,0.23,0.17,0.95,0.98
2,0.04,0.32,0.11,0.64,0.67,0.17,0.91,0.14,0.91,0.16,-1.2,-2.1,0.14,0.17,48.64,0.16,0.77,22.2,0.18,0.96,0.23,0.17,0.95,0.98
2,0.04,0.32,0.11,0.64,0.67,0.17,0.91,0.14,0.91,0.16,-1.2,-2.1,0.14,0.17,48.64,0.16,0.77,22.2,0.18,0.96,0.23,0.17,0.95,0.98
2,0.04,0.32,0.11,0.64,0.67,0.17,0.91,0.14,0.91,0.16,-1.2,-2.1,0.14,0.17,48.64,0.16,0.77,22.2,0.18,0.96,0.23,0.17,0.95,0.98
2,0.32,0.4,0.44,0.37,0.59,0.17,0.8,0.04,0.95,0.18,0.3,1.1,0.1,0.1,0.67,0.1,0.32,13.71,0.18,0.92,0.11,0.16,0.92,0.97
2,0.32,0.4,0.44,0.37,0.59,0.17,0.8,0.04,0.95,0.18,0.3,1.1,0.1,0.1,0.67,0.1,0.32,13.71,0.18,0.92,0.11,0.16,0.92,0.97
2,0.32,0.4,0.44,0.37,0.59,0.17,0.8,0.04,0.95,0.18,0.3,1.1,0.1,0.1,0.67,0.1,0.32,13.71,0.18,0.92,0.11,0.16,0.92,0.97
2,0.32,0.4,0.44,0.37,0.59,0.17,0.8,0.04,0.95,0.18,0.3,1.1,0.1,0.1,0.67,0.1,0.32,13.71,0.18,0.92,0.11,0.16,0.92,0.97
2,0.32,0.4,0.44,0.37,0.59,0.17,0.8,0.04,0.95,0.18,0.3,1.1,0.1,0.1,0.67,0.1,0.32,13.71,0.18,0.92,0.11,0.16,0.92,0.97
2,0.32,0.4,0.44,0.37,0.59,0.17,0.8,0.04,0.95,0.18,0.3,1.1,0.1,0.1,0.67,0.1,0.32,13.71,0.18,0.92,0.11,0.16,0.92,0.97
2,0.32,0.4,0.44,0.37,0.59,0.17,0.8,0.04,0.95,0.18,0.3,1.1,0.1,0.1,0.67,0.1,0.32,13.71,0.18,0.92,0.11,0.16,0.92,0.97
2,0.32,0.4,0.44,0.37,0.59,0.17,0.8,0.04,0.95,0.18,0.3,1.1,0.1,0.1,0.67,0.1,0.32,13.71,0.18,0.92,0.11,0.16,0.92,0.97
2,0.32,0.4,0.44,0.37,0.59,0.17,0.8,0.04,0.95,0.18,0.3,1.1,0.1,0.1,0.67,0.1,0.32,13.71,0.18,0.92,0.11,0.16,0.92,0.97
2,0.32,0.4,0.44,0.37,0.59,0.17,0.8,0.04,0.95,0.18,0.3,1.1,0.1,0.1,0.67,0.1,0.32,13.71,0.18,0.92,0.11,0.16,0.92,0.97
2,0.32,0.4,0.44,0.37,0.59,0.17,0.8,0.04,0.95,0.18,0.3,1.1,0.1,0.1,0.67,0.1,0.32,13.71,0.18,0.92,0.11,0.16,0.92,0.97
2,0.32,0.4,0.44,0.37,0.59,0.17,0.8,0.04,0.95,0.18,0.3,1.1,0.1,0.1,0.67,0.1,0.32,13.71,0.18,0.92,0.11,0.16,0.92,0.97
2,0.06,0.45,0.13,0.63,0.59,0.1,0.81,0.18,0.93,0.17,-1.3,-0.88,0.18,0.18,5.93,0.15,0.52,1.71,0.23,0.92,0.13,0.22,0.92,0.94
2,0.06,0.45,0.13,0.63,0.59,0.1,0.81,0.18,0.93,0.17,-1.3,-0.88,0.18,0.18,5.93,0.15,0.52,1.71,0.23,0.92,0.13,0.22,0.92,0.94
2,0.06,0.45,0.13,0.63,0.59,0.1,0.81,0.18,0.93,0.17,-1.3,-0.88,0.18,0.18,5.93,0.15,0.52,1.71,0.23,0.92,0.13,0.22,0.92,0.94
2,0.06,0.45,0.13,0.63,0.59,0.1,0.81,0.18,0.93,0.17,-1.3,-0.88,0.18,0.18,5.93,0.15,0.52,1.71,0.23,0.92,0.13,0.22,0.92,0.94
2,0.06,0.45,0.13,0.63,0.59,0.1,0.81,0.18,0.93,0.17,-1.3,-0.88,0.18,0.18,5.93,0.15,0.52,1.71,0.23,0.92,0.13,0.22,0.92,0.94
2,0.06,0.45,0.13,0.63,0.59,0.1,0.81,0.18,0.93,0.17,-1.3,-0.88,0.18,0.18,5.93,0.15,0.52,1.71,0.23,0.92,0.13,0.22,0.92,0.94
2,0.06,0.45,0.13,0.63,0.59,0.1,0.81,0.18,0.93,0.17,-1.3,-0.88,0.18,0.18,5.93,0.15,0.52,1.71,0.23,0.92,0.13,0.22,0.92,0.94
2,0.06,0.45,0.13,0.63,0.59,0.1,0.81,0.18,0.93,0.17,-1.3,-0.88,0.18,0.18,5.93,0.15,0.52,1.71,0.23,0.92,0.13,0.22,0.92,0.94
2,0.06,0.45,0.13,0.63,0.59,0.1,0.81,0.18,0.93,0.17,-1.3,-0.88,0.18,0.18,5.93,0.15,0.52,1.71,0.23,0.92,0.13,0.22,0.92,0.94
2,0.06,0.45,0.13,0.63,0.59,0.1,0.81,0.18,0.93,0.17,-1.3,-0.88,0.18,0.18,5.93,0.15,0.52,1.71,0.23,0.92,0.13,0.22,0.92,0.94
2,0.06,0.45,0.13,0.63,0.59,0.1,0.81,0.18,0.93,0.17,-1.3,-0.88,0.18,0.18,5.93,0.15,0.52,1.71,0.23,0.92,0.13,0.22,0.92,0.94
2,0.06,0.45,0.13,0.63,0.59,0.1,0.81,0.18,0.93,0.17,-1.3,-0.88,0.18,0.18,5.93,0.15,0.52,1.71,0.23,0.92,0.13,0.22,0.92,0.94
2,0.04,0.53,0.01,0.8,0.61,0.14,0.62,0.11,0.95,0.06,0.27,-0.42,0.11,0.09,3.42,0.06,0.72,1.5,0.35,0.81,0.1,0.3,0.78,0.9
2,0.04,0.53,0.01,0.8,0.61,0.14,0.62,0.11,0.95,0.06,0.27,-0.42,0.11,0.09,3.42,0.06,0.72,1.5,0.35,0.81,0.1,0.3,0.78,0.9
2,0.04,0.53,0.01,0.8,0.61,0.14,0.62,0.11,0.95,0.06,0.27,-0.42,0.11,0.09,3.42,0.06,0.72,1.5,0.35,0.81,0.1,0.3,0.78,0.9
2,0.04,0.53,0.01,0.8,0.61,0.14,0.62,0.11,0.95,0.06,0.27,-0.42,0.11,0.09,3.42,0.06,0.72,1.5,0.35,0.81,0.1,0.3,0.78,0.9
2,0.04,0.53,0.01,0.8,0.61,0.14,0.62,0.11,0.95,0.06,0.27,-0.42,0.11,0.09,3.42,0.06,0.72,1.5,0.35,0.81,0.1,0.3,0.78,0.9
2,0.04,0.53,0.01,0.8,0.61,0.14,0.62,0.11,0.95,0.06,0.27,-0.42,0.11,0.09,3.42,0.06,0.72,1.5,0.35,0.81,0.1,0.3,0.78,0.9
2,0.04,0.53,0.01,0.8,0.61,0.14,0.62,0.11,0.95,0.06,0.27,-0.42,0.11,0.09,3.42,0.06,0.72,1.5,0.35,0.81,0.1,0.3,0.78,0.9
2,0.04,0.53,0.01,0.8,0.61,0.14,0.62,0.11,0.95,0.06,0.27,-0.42,0.11,0.09,3.42,0.06,0.72,1.5,0.35,0.81,0.1,0.3,0.78,0.9
2,0.04,0.53,0.01,0.8,0.61,0.14,0.62,0.11,0.95,0.06,0.27,-0.42,0.11,0.09,3.42,0.06,0.72,1.5,0.35,0.81,0.1,0.3,0.78,0.9
2,0.04,0.53,0.01,0.8,0.61,0.14,0.62,0.11,0.95,0.06,0.27,-0.42,0.11,0.09,3.42,0.06,0.72,1.5,0.35,0.81,0.1,0.3,0.78,0.9
2,0.04,0.53,0.01,0.8,0.61,0.14,0.62,0.11,0.95,0.06,0.27,-0.42,0.11,0.09,3.42,0.06,0.72,1.5,0.35,0.81,0.1,0.3,0.78,0.9
2,0.04,0.53,0.01,0.8,0.61,0.14,0.62,0.11,0.95,0.06,0.27,-0.42,0.11,0.09,3.42,0.06,0.72,1.5,0.35,0.81,0.1,0.3,0.78,0.9
2,0.97,0.26,0.06,0.59,0.75,0.08,0.7,0.08,0.98,0.11,-1.15,-0.45,0.09,0.09,10.18,0.14,0.72,0.43,0.35,0.61,0.11,0.39,0.65,0.82
2,0.97,0.26,0.06,0.59,0.75,0.08,0.7,0.08,0.98,0.11,-1.15,-0.45,0.09,0.09,10.18,0.14,0.72,0.43,0.35,0.61,0.11,0.39,0.65,0.82
2,0.97,0.26,0.06,0.59,0.75,0.08,0.7,0.08,0.98,0.11,-1.15,-0.45,0.09,0.09,10.18,0.14,0.72,0.43,0.35,0.61,0.11,0.39,0.65,0.82
2,0.97,0.26,0.06,0.59,0.75,0.08,0.7,0.08,0.98,0.11,-1.15,-0.45,0.09,0.09,10.18,0.14,0.72,0.43,0.35,0.61,0.11,0.39,0.65,0.82
2,0.97,0.26,0.06,0.59,0.75,0.08,0.7,0.08,0.98,0.11,-1.15,-0.45,0.09,0.09,10.18,0.14,0.72,0.43,0.35,0.61,0.11,0.39,0.65,0.82
2,0.97,0.26,0.06,0.59,0.75,0.08,0.7,0.08,0.98,0.11,-1.15,-0.45,0.09,0.09,10.18,0.14,0.72,0.43,0.35,0.61,0.11,0.39,0.65,0.82
2,0.97,0.26,0.06,0.59,0.75,0.08,0.7,0.08,0.98,0.11,-1.15,-0.45,0.09,0.09,10.18,0.14,0.72,0.43,0.35,0.61,0.11,0.39,0.65,0.82
2,0.97,0.26,0.06,0.59,0.75,0.08,0.7,0.08,0.98,0.11,-1.15,-0.45,0.09,0.09,10.18,0.14,0.72,0.43,0.35,0.61,0.11,0.39,0.65,0.82
2,0.97,0.26,0.06,0.59,0.75,0.08,0.7,0.08,0.98,0.11,-1.15,-0.45,0.09,0.09,10.18,0.14,0.72,0.43,0.35,0.61,0.11,0.39,0.65,0.82
2,0.97,0.26,0.06,0.59,0.75,0.08,0.7,0.08,0.98,0.11,-1.15,-0.45,0.09,0.09,10.18,0.14,0.72,0.43,0.35,0.61,0.11,0.39,0.65,0.82
2,0.97,0.26,0.06,0.59,0.75,0.08,0.7,0.08,0.98,0.11,-1.15,-0.45,0.09,0.09,10.18,0.14,0.72,0.43,0.35,0.61,0.11,0.39,0.65,0.82
2,0.97,0.26,0.06,0.59,0.75,0.08,0.7,0.08,0.98,0.11,-1.15,-0.45,0.09,0.09,10.18,0.14,0.72,0.43,0.35,0.61,0.11,0.39,0.65,0.82
2,0.87,0.44,0.26,0.27,0.49,0.11,0.56,0.08,0.96,0.13,0.79,2.33,0.15,0.14,10.45,0.11,0.26,8.81,0.25,0.76,0.13,0.27,0.78,0.83
2,0.87,0.44,0.26,0.27,0.49,0.11,0.56,0.08,0.96,0.13,0.79,2.33,0.15,0.14,10.45,0.11,0.26,8.81,0.25,0.76,0.13,0.27,0.78,0.83
2,0.87,0.44,0.26,0.27,0.49,0.11,0.56,0.08,0.96,0.13,0.79,2.33,0.15,0.14,10.45,0.11,0.26,8.81,0.25,0.76,0.13,0.27,0.78,0.83
2,0.87,0.44,0.26,0.27,0.49,0.11,0.56,0.08,0.96,0.13,0.79,2.33,0.15,0.14,10.45,0.11,0.26,8.81,0.25,0.76,0.13,0.27,0.78,0.83
2,0.87,0.44,0.26,0.27,0.49,0.11,0.56,0.08,0.96,0.13,0.79,2.33,0.15,0.14,10.45,0.11,0.26,8.81,0.25,0.76,0.13,0.27,0.78,0.83
2,0.87,0.44,0.26,0.27,0.49,0.11,0.56,0.08,0.96,0.13,0.79,2.33,0.15,0.14,10.45,0.11,0.26,8.81,0.25,0.76,0.13,0.27,0.78,0.83
2,0.87,0.44,0.26,0.27,0.49,0.11,0.56,0.08,0.96,0.13,0.79,2.33,0.15,0.14,10.45,0.11,0.26,8.81,0.25,0.76,0.13,0.27,0.78,0.83
2,0.87,0.44,0.26,0.27,0.49,0.11,0.56,0.08,0.96,0.13,0.79,2.33,0.15,0.14,10.45,0.11,0.26,8.81,0.25,0.76,0.13,0.27,0.78,0.83
2,0.87,0.44,0.26,0.27,0.49,0.11,0.56,0.08,0.96,0.13,0.79,2.33,0.15,0.14,10.45,0.11,0.26,8.81,0.25,0.76,0.13,0.27,0.78,0.83
2,0.87,0.44,0.26,0.27,0.49,0.11,0.56,0.08,0.96,0.13,0.79,2.33,0.15,0.14,10.45,0.11,0.26,8.81,0.25,0.76,0.13,0.27,0.78,0.83
2,0.87,0.44,0.26,0.27,0.49,0.11,0.56,0.08,0.96,0.13,0.79,2.33,0.15,0.14,10.45,0.11,0.26,8.81,0.25,0.76,0.13,0.27,0.78,0.83
2,0.87,0.44,0.26,0.27,0.49,0.11,0.56,0.08,0.96,0.13,0.79,2.33,0.15,0.14,10.45,0.11,0.26,8.81,0.25,0.76,0.13,0.27,0.78,0.83
2,0.87,0.44,0.26,0.27,0.49,0.11,0.56,0.08,0.96,0.13,0.79,2.33,0.15,0.14,10.46,0.11,0.26,8.81,0.25,0.76,0.13,0.27,0.78,0.83
2,0.87,0.44,0.26,0.27,0.49,0.11,0.56,0.08,0.96,0.13,0.79,2.33,0.15,0.14,10.46,0.11,0.26,8.81,0.25,0.76,0.13,0.27,0.78,0.83
2,0.87,0.44,0.26,0.27,0.49,0.11,0.56,0.08,0.96,0.13,0.79,2.33,0.15,0.14,10.46,0.11,0.26,8.81,0.25,0.76,0.13,0.27,0.78,0.83
2,0.87,0.44,0.26,0.27,0.49,0.11,0.56,0.08,0.96,0.13,0.79,2.33,0.15,0.14,10.46,0.11,0.26,8.81,0.25,0.76,0.13,0.27,0.78,0.83
2,0.87,0.44,0.26,0.27,0.49,0.11,0.56,0.08,0.96,0.13,0.79,2.33,0.15,0.14,10.46,0.11,0.26,8.81,0.25,0.76,0.13,0.27,0.78,0.83
2,0.87,0.44,0.26,0.27,0.49,0.11,0.56,0.08,0.96,0.13,0.79,2.33,0.15,0.14,10.46,0.11,0.26,8.81,0.25,0.76,0.13,0.27,0.78,0.83
2,0.87,0.44,0.26,0.27,0.49,0.11,0.56,0.08,0.96,0.13,0.79,2.33,0.15,0.14,10.46,0.11,0.26,8.81,0.25,0.76,0.13,0.27,0.78,0.83
2,0.87,0.44,0.26,0.27,0.49,0.11,0.56,0.08,0.96,0.13,0.79,2.33,0.15,0.14,10.46,0.11,0.26,8.81,0.25,0.76,0.13,0.27,0.78,0.83
2,0.87,0.44,0.26,0.27,0.49,0.11,0.56,0.08,0.96,0.13,0.79,2.33,0.15,0.14,10.46,0.11,0.26,8.81,0.25,0.76,0.13,0.27,0.78,0.83
2,0.87,0.44,0.26,0.27,0.49,0.11,0.56,0.08,0.96,0.13,0.79,2.33,0.15,0.14,10.46,0.11,0.26,8.81,0.25,0.76,0.13,0.27,0.78,0.83
2,0.87,0.44,0.26,0.27,0.49,0.11,0.56,0.08,0.96,0.13,0.79,2.33,0.15,0.14,10.46,0.11,0.26,8.81,0.25,0.76,0.13,0.27,0.78,0.83
2,0.87,0.44,0.26,0.27,0.49,0.11,0.56,0.08,0.96,0.13,0.79,2.33,0.15,0.14,10.46,0.11,0.26,8.81,0.25,0.76,0.13,0.27,0.78,0.83
2,0.02,0.5,0.04,0.7,0.68,0.14,0.59,0.1,0.96,0.1,0.2,-0.13,0.12,0.09,4.06,0.11,0.57,3.25,0.38,0.65,0.11,0.35,0.63,0.9
2,0.02,0.5,0.04,0.7,0.68,0.14,0.59,0.1,0.96,0.1,0.2,-0.13,0.12,0.09,4.06,0.11,0.57,3.25,0.38,0.65,0.11,0.35,0.63,0.9
2,0.02,0.5,0.04,0.7,0.68,0.14,0.59,0.1,0.96,0.1,0.2,-0.13,0.12,0.09,4.06,0.11,0.57,3.25,0.38,0.65,0.11,0.35,0.63,0.9
2,0.02,0.5,0.04,0.7,0.68,0.14,0.59,0.1,0.96,0.1,0.2,-0.13,0.12,0.09,4.06,0.11,0.57,3.25,0.38,0.65,0.11,0.35,0.63,0.9
2,0.02,0.5,0.04,0.7,0.68,0.14,0.59,0.1,0.96,0.1,0.2,-0.13,0.12,0.09,4.06,0.11,0.57,3.25,0.38,0.65,0.11,0.35,0.63,0.9
2,0.02,0.5,0.04,0.7,0.68,0.14,0.59,0.1,0.96,0.1,0.2,-0.13,0.12,0.09,4.06,0.11,0.57,3.25,0.38,0.65,0.11,0.35,0.63,0.9
2,0.02,0.5,0.04,0.7,0.68,0.14,0.59,0.1,0.96,0.1,0.2,-0.13,0.12,0.09,4.06,0.11,0.57,3.25,0.38,0.65,0.11,0.35,0.63,0.9
2,0.02,0.5,0.04,0.7,0.68,0.14,0.59,0.1,0.96,0.1,0.2,-0.13,0.12,0.09,4.06,0.11,0.57,3.25,0.38,0.65,0.11,0.35,0.63,0.9
2,0.02,0.5,0.04,0.7,0.68,0.14,0.59,0.1,0.96,0.1,0.2,-0.13,0.12,0.09,4.06,0.11,0.57,3.25,0.38,0.65,0.11,0.35,0.63,0.9
2,0.02,0.5,0.04,0.7,0.68,0.14,0.59,0.1,0.96,0.1,0.2,-0.13,0.12,0.09,4.06,0.11,0.57,3.25,0.38,0.65,0.11,0.35,0.63,0.9
2,0.02,0.5,0.04,0.7,0.68,0.14,0.59,0.1,0.96,0.1,0.2,-0.13,0.12,0.09,4.06,0.11,0.57,3.25,0.38,0.65,0.11,0.35,0.63,0.9
2,0.02,0.5,0.04,0.7,0.68,0.14,0.59,0.1,0.96,0.1,0.2,-0.13,0.12,0.09,4.06,0.11,0.57,3.25,0.38,0.65,0.11,0.35,0.63,0.9
2,0.05,0.54,0.09,0.47,0.22,0.22,0.9,0.04,0.94,0.16,1.27,-0.3,0.2,0.2,8.85,0.14,0.36,3.05,0.2,0.94,0.15,0.18,0.93,0.96
2,0.05,0.54,0.09,0.47,0.22,0.22,0.9,0.04,0.94,0.16,1.27,-0.3,0.2,0.2,8.85,0.14,0.36,3.05,0.2,0.94,0.15,0.18,0.93,0.96
2,0.05,0.54,0.09,0.47,0.22,0.22,0.9,0.04,0.94,0.16,1.27,-0.3,0.2,0.2,8.85,0.14,0.36,3.05,0.2,0.94,0.15,0.18,0.93,0.96
2,0.05,0.54,0.09,0.47,0.22,0.22,0.9,0.04,0.94,0.16,1.27,-0.3,0.2,0.2,8.85,0.14,0.36,3.05,0.2,0.94,0.15,0.18,0.93,0.96
2,0.05,0.54,0.09,0.47,0.22,0.22,0.9,0.04,0.94,0.16,1.27,-0.3,0.2,0.2,8.85,0.14,0.36,3.05,0.2,0.94,0.15,0.18,0.93,0.96
2,0.05,0.54,0.09,0.47,0.22,0.22,0.9,0.04,0.94,0.16,1.27,-0.3,0.2,0.2,8.85,0.14,0.36,3.05,0.2,0.94,0.15,0.18,0.93,0.96
2,0.05,0.54,0.09,0.47,0.22,0.22,0.9,0.04,0.94,0.16,1.27,-0.3,0.2,0.2,8.85,0.14,0.36,3.05,0.2,0.94,0.15,0.18,0.93,0.96
2,0.05,0.54,0.09,0.47,0.22,0.22,0.9,0.04,0.94,0.16,1.27,-0.3,0.2,0.2,8.85,0.14,0.36,3.05,0.2,0.94,0.15,0.18,0.93,0.96
2,0.05,0.54,0.09,0.47,0.22,0.22,0.9,0.04,0.94,0.16,1.27,-0.3,0.2,0.2,8.85,0.14,0.36,3.05,0.2,0.94,0.15,0.18,0.93,0.96
2,0.05,0.54,0.09,0.47,0.22,0.22,0.9,0.04,0.94,0.16,1.27,-0.3,0.2,0.2,8.85,0.14,0.36,3.05,0.2,0.94,0.15,0.18,0.93,0.96
2,0.05,0.54,0.09,0.47,0.22,0.22,0.9,0.04,0.94,0.16,1.27,-0.3,0.2,0.2,8.85,0.14,0.36,3.05,0.2,0.94,0.15,0.18,0.93,0.96
2,0.05,0.54,0.09,0.47,0.22,0.22,0.9,0.04,0.94,0.16,1.27,-0.3,0.2,0.2,8.85,0.14,0.36,3.05,0.2,0.94,0.15,0.18,0.93,0.96
2,0.75,0.64,0.13,0.6,0.39,0.15,0.72,0.13,0.96,0.13,0.64,-0.14,0.18,0.17,1.49,0.22,0.56,1.54,0.4,0.75,0.17,0.33,0.69,0.81
2,0.75,0.64,0.13,0.6,0.39,0.15,0.72,0.13,0.96,0.13,0.64,-0.14,0.18,0.17,1.49,0.22,0.56,1.54,0.4,0.75,0.17,0.33,0.69,0.81
2,0.75,0.64,0.13,0.6,0.39,0.15,0.72,0.13,0.96,0.13,0.64,-0.14,0.18,0.17,1.49,0.22,0.56,1.54,0.4,0.75,0.17,0.33,0.69,0.81
2,0.75,0.64,0.13,0.6,0.39,0.15,0.72,0.13,0.96,0.13,0.64,-0.14,0.18,0.17,1.49,0.22,0.56,1.54,0.4,0.75,0.17,0.33,0.69,0.81
2,0.75,0.64,0.13,0.6,0.39,0.15,0.72,0.13,0.96,0.13,0.64,-0.14,0.18,0.17,1.49,0.22,0.56,1.54,0.4,0.75,0.17,0.33,0.69,0.81
2,0.75,0.64,0.13,0.6,0.39,0.15,0.72,0.13,0.96,0.13,0.64,-0.14,0.18,0.17,1.49,0.22,0.56,1.54,0.4,0.75,0.17,0.33,0.69,0.81
2,0.75,0.64,0.13,0.6,0.39,0.15,0.72,0.13,0.96,0.13,0.64,-0.14,0.18,0.17,1.49,0.22,0.56,1.54,0.4,0.75,0.17,0.33,0.69,0.81
2,0.75,0.64,0.13,0.6,0.39,0.15,0.72,0.13,0.96,0.13,0.64,-0.14,0.18,0.17,1.49,0.22,0.56,1.54,0.4,0.75,0.17,0.33,0.69,0.81
2,0.75,0.64,0.13,0.6,0.39,0.15,0.72,0.13,0.96,0.13,0.64,-0.14,0.18,0.17,1.49,0.22,0.56,1.54,0.4,0.75,0.17,0.33,0.69,0.81
2,0.75,0.64,0.13,0.6,0.39,0.15,0.72,0.13,0.96,0.13,0.64,-0.14,0.18,0.17,1.49,0.22,0.56,1.54,0.4,0.75,0.17,0.33,0.69,0.81
2,0.75,0.64,0.13,0.6,0.39,0.15,0.72,0.13,0.96,0.13,0.64,-0.14,0.18,0.17,1.49,0.22,0.56,1.54,0.4,0.75,0.17,0.33,0.69,0.81
2,0.75,0.64,0.13,0.6,0.39,0.15,0.72,0.13,0.96,0.13,0.64,-0.14,0.18,0.17,1.49,0.22,0.56,1.54,0.4,0.75,0.17,0.33,0.69,0.81
2,0.07,0.56,0.03,0.52,0.49,0.13,0.69,0.09,0.95,0.12,0.61,1.06,0.21,0.2,6.5,0.15,0.56,23.65,0.31,0.84,0.14,0.24,0.78,0.92
2,0.07,0.56,0.03,0.52,0.49,0.13,0.69,0.09,0.95,0.12,0.61,1.06,0.21,0.2,6.5,0.15,0.56,23.65,0.31,0.84,0.14,0.24,0.78,0.92
2,0.07,0.56,0.03,0.52,0.49,0.13,0.69,0.09,0.95,0.12,0.61,1.06,0.21,0.2,6.5,0.15,0.56,23.65,0.31,0.84,0.14,0.24,0.78,0.92
2,0.07,0.56,0.03,0.52,0.49,0.13,0.69,0.09,0.95,0.12,0.61,1.06,0.21,0.2,6.5,0.15,0.56,23.65,0.31,0.84,0.14,0.24,0.78,0.92
2,0.07,0.56,0.03,0.52,0.49,0.13,0.69,0.09,0.95,0.12,0.61,1.06,0.21,0.2,6.5,0.15,0.56,23.65,0.31,0.84,0.14,0.24,0.78,0.92
2,0.07,0.56,0.03,0.52,0.49,0.13,0.69,0.09,0.95,0.12,0.61,1.06,0.21,0.2,6.5,0.15,0.56,23.65,0.31,0.84,0.14,0.24,0.78,0.92
2,0.07,0.56,0.03,0.52,0.49,0.13,0.69,0.09,0.95,0.12,0.61,1.06,0.21,0.2,6.5,0.15,0.56,23.65,0.31,0.84,0.14,0.24,0.78,0.92
2,0.07,0.56,0.03,0.52,0.49,0.13,0.69,0.09,0.95,0.12,0.61,1.06,0.21,0.2,6.5,0.15,0.56,23.65,0.31,0.84,0.14,0.24,0.78,0.92
2,0.07,0.56,0.03,0.52,0.49,0.13,0.69,0.09,0.95,0.12,0.61,1.06,0.21,0.2,6.5,0.15,0.56,23.65,0.31,0.84,0.14,0.24,0.78,0.92
2,0.07,0.56,0.03,0.52,0.49,0.13,0.69,0.09,0.95,0.12,0.61,1.06,0.21,0.2,6.5,0.15,0.56,23.65,0.31,0.84,0.14,0.24,0.78,0.92
2,0.07,0.56,0.03,0.52,0.49,0.13,0.69,0.09,0.95,0.12,0.61,1.06,0.21,0.2,6.5,0.15,0.56,23.65,0.31,0.84,0.14,0.24,0.78,0.92
2,0.07,0.56,0.03,0.52,0.49,0.13,0.69,0.09,0.95,0.12,0.61,1.06,0.21,0.2,6.5,0.15,0.56,23.65,0.31,0.84,0.14,0.24,0.78,0.92
2,0.2,0.46,0.36,0.46,0.46,0.21,0.75,0.12,0.97,0.21,0.17,0.09,0.13,0.14,1.53,0.21,0.52,21.2,0.37,0.76,0.15,0.35,0.74,0.83
2,0.2,0.46,0.36,0.46,0.46,0.21,0.75,0.12,0.97,0.21,0.17,0.09,0.13,0.14,1.53,0.21,0.52,21.2,0.37,0.76,0.15,0.35,0.74,0.83
2,0.2,0.46,0.36,0.46,0.46,0.21,0.75,0.12,0.97,0.21,0.17,0.09,0.13,0.14,1.53,0.21,0.52,21.2,0.37,0.76,0.15,0.35,0.74,0.83
2,0.2,0.46,0.36,0.46,0.46,0.21,0.75,0.12,0.97,0.21,0.17,0.09,0.13,0.14,1.53,0.21,0.52,21.2,0.37,0.76,0.15,0.35,0.74,0.83
2,0.2,0.46,0.36,0.46,0.46,0.21,0.75,0.12,0.97,0.21,0.17,0.09,0.13,0.14,1.53,0.21,0.52,21.2,0.37,0.76,0.15,0.35,0.74,0.83
2,0.2,0.46,0.36,0.46,0.46,0.21,0.75,0.12,0.97,0.21,0.17,0.09,0.13,0.14,1.53,0.21,0.52,21.2,0.37,0.76,0.15,0.35,0.74,0.83
2,0.2,0.46,0.36,0.46,0.46,0.21,0.75,0.12,0.97,0.21,0.17,0.09,0.13,0.14,1.53,0.21,0.52,21.2,0.37,0.76,0.15,0.35,0.74,0.83
2,0.2,0.46,0.36,0.46,0.46,0.21,0.75,0.12,0.97,0.21,0.17,0.09,0.13,0.14,1.53,0.21,0.52,21.2,0.37,0.76,0.15,0.35,0.74,0.83
2,0.2,0.46,0.36,0.46,0.46,0.21,0.75,0.12,0.97,0.21,0.17,0.09,0.13,0.14,1.53,0.21,0.52,21.2,0.37,0.76,0.15,0.35,0.74,0.83
2,0.2,0.46,0.36,0.46,0.46,0.21,0.75,0.12,0.97,0.21,0.17,0.09,0.13,0.14,1.53,0.21,0.52,21.2,0.37,0.76,0.15,0.35,0.74,0.83
2,0.2,0.46,0.36,0.46,0.46,0.21,0.75,0.12,0.97,0.21,0.17,0.09,0.13,0.14,1.53,0.21,0.52,21.2,0.37,0.76,0.15,0.35,0.74,0.83
2,0.2,0.46,0.36,0.46,0.46,0.21,0.75,0.12,0.97,0.21,0.17,0.09,0.13,0.14,1.53,0.21,0.52,21.2,0.37,0.76,0.15,0.35,0.74,0.83
2,0.54,0.47,0.12,0.66,0.68,0.13,0.89,0.01,0.97,0.13,-0.42,-0.29,0.11,0.09,1.18,0.16,0.6,1.61,0.23,0.92,0.15,0.19,0.9,0.98
2,0.54,0.47,0.12,0.66,0.68,0.13,0.89,0.01,0.97,0.13,-0.42,-0.29,0.11,0.09,1.18,0.16,0.6,1.61,0.23,0.92,0.15,0.19,0.9,0.98
2,0.54,0.47,0.12,0.66,0.68,0.13,0.89,0.01,0.97,0.13,-0.42,-0.29,0.11,0.09,1.18,0.16,0.6,1.61,0.23,0.92,0.15,0.19,0.9,0.98
2,0.54,0.47,0.12,0.66,0.68,0.13,0.89,0.01,0.97,0.13,-0.42,-0.29,0.11,0.09,1.18,0.16,0.6,1.61,0.23,0.92,0.15,0.19,0.9,0.98
2,0.54,0.47,0.12,0.66,0.68,0.13,0.89,0.01,0.97,0.13,-0.42,-0.29,0.11,0.09,1.18,0.16,0.6,1.61,0.23,0.92,0.15,0.19,0.9,0.98
2,0.54,0.47,0.12,0.66,0.68,0.13,0.89,0.01,0.97,0.13,-0.42,-0.29,0.11,0.09,1.18,0.16,0.6,1.61,0.23,0.92,0.15,0.19,0.9,0.98
2,0.54,0.47,0.12,0.66,0.68,0.13,0.89,0.01,0.97,0.13,-0.42,-0.29,0.11,0.09,1.18,0.16,0.6,1.61,0.23,0.92,0.15,0.19,0.9,0.98
2,0.54,0.47,0.12,0.66,0.68,0.13,0.89,0.01,0.97,0.13,-0.42,-0.29,0.11,0.09,1.18,0.16,0.6,1.61,0.23,0.92,0.15,0.19,0.9,0.98
2,0.54,0.47,0.12,0.66,0.68,0.13,0.89,0.01,0.97,0.13,-0.42,-0.29,0.11,0.09,1.18,0.16,0.6,1.61,0.23,0.92,0.15,0.19,0.9,0.98
2,0.54,0.47,0.12,0.66,0.68,0.13,0.89,0.01,0.97,0.13,-0.42,-0.29,0.11,0.09,1.18,0.16,0.6,1.61,0.23,0.92,0.15,0.19,0.9,0.98
2,0.54,0.47,0.12,0.66,0.68,0.13,0.89,0.01,0.97,0.13,-0.42,-0.29,0.11,0.09,1.18,0.16,0.6,1.61,0.23,0.92,0.15,0.19,0.9,0.98
2,0.54,0.47,0.12,0.66,0.68,0.13,0.89,0.01,0.97,0.13,-0.42,-0.29,0.11,0.09,1.18,0.16,0.6,1.61,0.23,0.92,0.15,0.19,0.9,0.98
2,0.06,0.39,0.02,0.66,0.71,0.15,0.72,0.05,0.97,0.1,0.08,0.18,0.08,0.07,2.33,0.08,0.63,1.85,0.29,0.79,0.1,0.24,0.75,0.94
2,0.06,0.39,0.02,0.66,0.71,0.15,0.72,0.05,0.97,0.1,0.08,0.18,0.08,0.07,2.33,0.08,0.63,1.85,0.29,0.79,0.1,0.24,0.75,0.94
2,0.06,0.39,0.02,0.66,0.71,0.15,0.72,0.05,0.97,0.1,0.08,0.18,0.08,0.07,2.33,0.08,0.63,1.85,0.29,0.79,0.1,0.24,0.75,0.94
2,0.06,0.39,0.02,0.66,0.71,0.15,0.72,0.05,0.97,0.1,0.08,0.18,0.08,0.07,2.33,0.08,0.63,1.85,0.29,0.79,0.1,0.24,0.75,0.94
2,0.06,0.39,0.02,0.66,0.71,0.15,0.72,0.05,0.97,0.1,0.08,0.18,0.08,0.07,2.33,0.08,0.63,1.85,0.29,0.79,0.1,0.24,0.75,0.94
2,0.06,0.39,0.02,0.66,0.71,0.15,0.72,0.05,0.97,0.1,0.08,0.18,0.08,0.07,2.33,0.08,0.63,1.85,0.29,0.79,0.1,0.24,0.75,0.94
2,0.06,0.39,0.02,0.66,0.71,0.15,0.72,0.05,0.97,0.1,0.08,0.18,0.08,0.07,2.33,0.08,0.63,1.85,0.29,0.79,0.1,0.24,0.75,0.94
2,0.06,0.39,0.02,0.66,0.71,0.15,0.72,0.05,0.97,0.1,0.08,0.18,0.08,0.07,2.33,0.08,0.63,1.85,0.29,0.79,0.1,0.24,0.75,0.94
2,0.06,0.39,0.02,0.66,0.71,0.15,0.72,0.05,0.97,0.1,0.08,0.18,0.08,0.07,2.33,0.08,0.63,1.85,0.29,0.79,0.1,0.24,0.75,0.94
2,0.06,0.39,0.02,0.66,0.71,0.15,0.72,0.05,0.97,0.1,0.08,0.18,0.08,0.07,2.33,0.08,0.63,1.85,0.29,0.79,0.1,0.24,0.75,0.94
2,0.06,0.39,0.02,0.66,0.71,0.15,0.72,0.05,0.97,0.1,0.08,0.18,0.08,0.07,2.33,0.08,0.63,1.85,0.29,0.79,0.1,0.24,0.75,0.94
2,0.06,0.39,0.02,0.66,0.71,0.15,0.72,0.05,0.97,0.1,0.08,0.18,0.08,0.07,2.33,0.08,0.63,1.85,0.29,0.79,0.1,0.24,0.75,0.94
2,0.51,0.46,0.16,0.51,0.41,0.15,0.81,0.06,0.97,0.13,0.39,0.47,0.12,0.11,2.54,0.12,0.42,1.15,0.32,0.84,0.18,0.29,0.82,0.89
2,0.51,0.46,0.16,0.51,0.41,0.15,0.81,0.06,0.97,0.13,0.39,0.47,0.12,0.11,2.54,0.12,0.42,1.15,0.32,0.84,0.18,0.29,0.82,0.89
2,0.51,0.46,0.16,0.51,0.41,0.15,0.81,0.06,0.97,0.13,0.39,0.47,0.12,0.11,2.54,0.12,0.42,1.15,0.32,0.84,0.18,0.29,0.82,0.89
2,0.51,0.46,0.16,0.51,0.41,0.15,0.81,0.06,0.97,0.13,0.39,0.47,0.12,0.11,2.54,0.12,0.42,1.15,0.32,0.84,0.18,0.29,0.82,0.89
2,0.51,0.46,0.16,0.51,0.41,0.15,0.81,0.06,0.97,0.13,0.39,0.47,0.12,0.11,2.54,0.12,0.42,1.15,0.32,0.84,0.18,0.29,0.82,0.89
2,0.51,0.46,0.16,0.51,0.41,0.15,0.81,0.06,0.97,0.13,0.39,0.47,0.12,0.11,2.54,0.12,0.42,1.15,0.32,0.84,0.18,0.29,0.82,0.89
2,0.51,0.46,0.16,0.51,0.41,0.15,0.81,0.06,0.97,0.13,0.39,0.47,0.12,0.11,2.54,0.12,0.42,1.15,0.32,0.84,0.18,0.29,0.82,0.89
2,0.51,0.46,0.16,0.51,0.41,0.15,0.81,0.06,0.97,0.13,0.39,0.47,0.12,0.11,2.54,0.12,0.42,1.15,0.32,0.84,0.18,0.29,0.82,0.89
2,0.51,0.46,0.16,0.51,0.41,0.15,0.81,0.06,0.97,0.13,0.39,0.47,0.12,0.11,2.54,0.12,0.42,1.15,0.32,0.84,0.18,0.29,0.82,0.89
2,0.51,0.46,0.16,0.51,0.41,0.15,0.81,0.06,0.97,0.13,0.39,0.47,0.12,0.11,2.54,0.12,0.42,1.15,0.32,0.84,0.18,0.29,0.82,0.89
2,0.51,0.46,0.16,0.51,0.41,0.15,0.81,0.06,0.97,0.13,0.39,0.47,0.12,0.11,2.54,0.12,0.42,1.15,0.32,0.84,0.18,0.29,0.82,0.89
2,0.51,0.46,0.16,0.51,0.41,0.15,0.81,0.06,0.97,0.13,0.39,0.47,0.12,0.11,2.54,0.12,0.42,1.15,0.32,0.84,0.18,0.29,0.82,0.89
2,0.51,0.46,0.16,0.51,0.42,0.15,0.81,0.06,0.97,0.13,0.39,0.46,0.12,0.11,2.55,0.12,0.42,1.15,0.32,0.84,0.18,0.29,0.82,0.89
2,0.51,0.46,0.16,0.51,0.42,0.15,0.81,0.06,0.97,0.13,0.39,0.46,0.12,0.11,2.55,0.12,0.42,1.15,0.32,0.84,0.18,0.29,0.82,0.89
2,0.51,0.46,0.16,0.51,0.42,0.15,0.81,0.06,0.97,0.13,0.39,0.46,0.12,0.11,2.55,0.12,0.42,1.15,0.32,0.84,0.18,0.29,0.82,0.89
2,0.51,0.46,0.16,0.51,0.42,0.15,0.81,0.06,0.97,0.13,0.39,0.46,0.12,0.11,2.55,0.12,0.42,1.15,0.32,0.84,0.18,0.29,0.82,0.89
2,0.51,0.46,0.16,0.51,0.42,0.15,0.81,0.06,0.97,0.13,0.39,0.46,0.12,0.11,2.55,0.12,0.42,1.15,0.32,0.84,0.18,0.29,0.82,0.89
2,0.51,0.46,0.16,0.51,0.42,0.15,0.81,0.06,0.97,0.13,0.39,0.46,0.12,0.11,2.55,0.12,0.42,1.15,0.32,0.84,0.18,0.29,0.82,0.89
2,0.51,0.46,0.16,0.51,0.42,0.15,0.81,0.06,0.97,0.13,0.39,0.46,0.12,0.11,2.55,0.12,0.42,1.15,0.32,0.84,0.18,0.29,0.82,0.89
2,0.51,0.46,0.16,0.51,0.42,0.15,0.81,0.06,0.97,0.13,0.39,0.46,0.12,0.11,2.55,0.12,0.42,1.15,0.32,0.84,0.18,0.29,0.82,0.89
2,0.51,0.46,0.16,0.51,0.42,0.15,0.81,0.06,0.97,0.13,0.39,0.46,0.12,0.11,2.55,0.12,0.42,1.15,0.32,0.84,0.18,0.29,0.82,0.89
2,0.51,0.46,0.16,0.51,0.42,0.15,0.81,0.06,0.97,0.13,0.39,0.46,0.12,0.11,2.55,0.12,0.42,1.15,0.32,0.84,0.18,0.29,0.82,0.89
2,0.51,0.46,0.16,0.51,0.42,0.15,0.81,0.06,0.97,0.13,0.39,0.46,0.12,0.11,2.55,0.12,0.42,1.15,0.32,0.84,0.18,0.29,0.82,0.89
2,0.51,0.46,0.16,0.51,0.42,0.15,0.81,0.06,0.97,0.13,0.39,0.46,0.12,0.11,2.55,0.12,0.42,1.15,0.32,0.84,0.18,0.29,0.82,0.89
2,0.82,0.44,0.38,0.66,0.79,0.08,0.52,0.07,0.98,0.09,-0.71,-0.16,0.1,0.08,2.7,0.11,0.67,2.05,0.37,0.77,0.08,0.37,0.76,0.84
2,0.82,0.44,0.38,0.66,0.79,0.08,0.52,0.07,0.98,0.09,-0.71,-0.16,0.1,0.08,2.7,0.11,0.67,2.05,0.37,0.77,0.08,0.37,0.76,0.84
2,0.82,0.44,0.38,0.66,0.79,0.08,0.52,0.07,0.98,0.09,-0.71,-0.16,0.1,0.08,2.7,0.11,0.67,2.05,0.37,0.77,0.08,0.37,0.76,0.84
2,0.82,0.44,0.38,0.66,0.79,0.08,0.52,0.07,0.98,0.09,-0.71,-0.16,0.1,0.08,2.7,0.11,0.67,2.05,0.37,0.77,0.08,0.37,0.76,0.84
2,0.82,0.44,0.38,0.66,0.79,0.08,0.52,0.07,0.98,0.09,-0.71,-0.16,0.1,0.08,2.7,0.11,0.67,2.05,0.37,0.77,0.08,0.37,0.76,0.84
2,0.82,0.44,0.38,0.66,0.79,0.08,0.52,0.07,0.98,0.09,-0.71,-0.16,0.1,0.08,2.7,0.11,0.67,2.05,0.37,0.77,0.08,0.37,0.76,0.84
2,0.82,0.44,0.38,0.66,0.79,0.08,0.52,0.07,0.98,0.09,-0.71,-0.16,0.1,0.08,2.7,0.11,0.67,2.05,0.37,0.77,0.08,0.37,0.76,0.84
2,0.82,0.44,0.38,0.66,0.79,0.08,0.52,0.07,0.98,0.09,-0.71,-0.16,0.1,0.08,2.7,0.11,0.67,2.05,0.37,0.77,0.08,0.37,0.76,0.84
2,0.82,0.44,0.38,0.66,0.79,0.08,0.52,0.07,0.98,0.09,-0.71,-0.16,0.1,0.08,2.7,0.11,0.67,2.05,0.37,0.77,0.08,0.37,0.76,0.84
2,0.82,0.44,0.38,0.66,0.79,0.08,0.52,0.07,0.98,0.09,-0.71,-0.16,0.1,0.08,2.7,0.11,0.67,2.05,0.37,0.77,0.08,0.37,0.76,0.84
2,0.82,0.44,0.38,0.66,0.79,0.08,0.52,0.07,0.98,0.09,-0.71,-0.16,0.1,0.08,2.7,0.11,0.67,2.05,0.37,0.77,0.08,0.37,0.76,0.84
2,0.82,0.44,0.38,0.66,0.79,0.08,0.52,0.07,0.98,0.09,-0.71,-0.16,0.1,0.08,2.7,0.11,0.67,2.05,0.37,0.77,0.08,0.37,0.76,0.84
2,0.84,0.25,0.36,0.65,0.81,0.05,0.53,0.08,0.98,0.1,-0.77,-0.15,0.07,0.06,3.32,0.1,0.72,1.97,0.37,0.77,0.07,0.37,0.77,0.9
2,0.84,0.25,0.36,0.65,0.81,0.05,0.53,0.08,0.98,0.1,-0.77,-0.15,0.07,0.06,3.32,0.1,0.72,1.97,0.37,0.77,0.07,0.37,0.77,0.9
2,0.84,0.25,0.36,0.65,0.81,0.05,0.53,0.08,0.98,0.1,-0.77,-0.15,0.07,0.06,3.32,0.1,0.72,1.97,0.37,0.77,0.07,0.37,0.77,0.9
2,0.84,0.25,0.36,0.65,0.81,0.05,0.53,0.08,0.98,0.1,-0.77,-0.15,0.07,0.06,3.32,0.1,0.72,1.97,0.37,0.77,0.07,0.37,0.77,0.9
2,0.84,0.25,0.36,0.65,0.81,0.05,0.53,0.08,0.98,0.1,-0.77,-0.15,0.07,0.06,3.32,0.1,0.72,1.97,0.37,0.77,0.07,0.37,0.77,0.9
2,0.84,0.25,0.36,0.65,0.81,0.05,0.53,0.08,0.98,0.1,-0.77,-0.15,0.07,0.06,3.32,0.1,0.72,1.97,0.37,0.77,0.07,0.37,0.77,0.9
2,0.84,0.25,0.36,0.65,0.81,0.05,0.53,0.08,0.98,0.1,-0.77,-0.15,0.07,0.06,3.32,0.1,0.72,1.97,0.37,0.77,0.07,0.37,0.77,0.9
2,0.84,0.25,0.36,0.65,0.81,0.05,0.53,0.08,0.98,0.1,-0.77,-0.15,0.07,0.06,3.32,0.1,0.72,1.97,0.37,0.77,0.07,0.37,0.77,0.9
2,0.84,0.25,0.36,0.65,0.81,0.05,0.53,0.08,0.98,0.1,-0.77,-0.15,0.07,0.06,3.32,0.1,0.72,1.97,0.37,0.77,0.07,0.37,0.77,0.9
2,0.84,0.25,0.36,0.65,0.81,0.05,0.53,0.08,0.98,0.1,-0.77,-0.15,0.07,0.06,3.32,0.1,0.72,1.97,0.37,0.77,0.07,0.37,0.77,0.9
2,0.84,0.25,0.36,0.65,0.81,0.05,0.53,0.08,0.98,0.1,-0.77,-0.15,0.07,0.06,3.32,0.1,0.72,1.97,0.37,0.77,0.07,0.37,0.77,0.9
2,0.84,0.25,0.36,0.65,0.81,0.05,0.53,0.08,0.98,0.1,-0.77,-0.15,0.07,0.06,3.32,0.1,0.72,1.97,0.37,0.77,0.07,0.37,0.77,0.9
2,0.54,0.56,0.49,0.53,0.65,0.11,0.83,0.13,0.95,0.16,-0.02,-0.04,0.1,0.08,1.93,0.16,0.49,4.85,0.29,0.87,0.12,0.3,0.87,0.89
2,0.54,0.56,0.49,0.53,0.65,0.11,0.83,0.13,0.95,0.16,-0.02,-0.04,0.1,0.08,1.93,0.16,0.49,4.85,0.29,0.87,0.12,0.3,0.87,0.89
2,0.54,0.56,0.49,0.53,0.65,0.11,0.83,0.13,0.95,0.16,-0.02,-0.04,0.1,0.08,1.93,0.16,0.49,4.85,0.29,0.87,0.12,0.3,0.87,0.89
2,0.54,0.56,0.49,0.53,0.65,0.11,0.83,0.13,0.95,0.16,-0.02,-0.04,0.1,0.08,1.93,0.16,0.49,4.85,0.29,0.87,0.12,0.3,0.87,0.89
2,0.54,0.56,0.49,0.53,0.65,0.11,0.83,0.13,0.95,0.16,-0.02,-0.04,0.1,0.08,1.93,0.16,0.49,4.85,0.29,0.87,0.12,0.3,0.87,0.89
2,0.54,0.56,0.49,0.53,0.65,0.11,0.83,0.13,0.95,0.16,-0.02,-0.04,0.1,0.08,1.93,0.16,0.49,4.85,0.29,0.87,0.12,0.3,0.87,0.89
2,0.54,0.56,0.49,0.53,0.65,0.11,0.83,0.13,0.95,0.16,-0.02,-0.04,0.1,0.08,1.93,0.16,0.49,4.85,0.29,0.87,0.12,0.3,0.87,0.89
2,0.54,0.56,0.49,0.53,0.65,0.11,0.83,0.13,0.95,0.16,-0.02,-0.04,0.1,0.08,1.93,0.16,0.49,4.85,0.29,0.87,0.12,0.3,0.87,0.89
2,0.54,0.56,0.49,0.53,0.65,0.11,0.83,0.13,0.95,0.16,-0.02,-0.04,0.1,0.08,1.93,0.16,0.49,4.85,0.29,0.87,0.12,0.3,0.87,0.89
2,0.54,0.56,0.49,0.53,0.65,0.11,0.83,0.13,0.95,0.16,-0.02,-0.04,0.1,0.08,1.93,0.16,0.49,4.85,0.29,0.87,0.12,0.3,0.87,0.89
2,0.54,0.56,0.49,0.53,0.65,0.11,0.83,0.13,0.95,0.16,-0.02,-0.04,0.1,0.08,1.93,0.16,0.49,4.85,0.29,0.87,0.12,0.3,0.87,0.89
2,0.54,0.56,0.49,0.53,0.65,0.11,0.83,0.13,0.95,0.16,-0.02,-0.04,0.1,0.08,1.93,0.16,0.49,4.85,0.29,0.87,0.12,0.3,0.87,0.89
2,0.18,0.65,0.37,0.63,0.7,0.12,0.82,0.03,0.98,0.15,-1.24,-0.74,0.08,0.07,2.59,0.12,0.61,2.46,0.28,0.83,0.09,0.26,0.81,0.93
2,0.18,0.65,0.37,0.63,0.7,0.12,0.82,0.03,0.98,0.15,-1.24,-0.74,0.08,0.07,2.59,0.12,0.61,2.46,0.28,0.83,0.09,0.26,0.81,0.93
2,0.18,0.65,0.37,0.63,0.7,0.12,0.82,0.03,0.98,0.15,-1.24,-0.74,0.08,0.07,2.59,0.12,0.61,2.46,0.28,0.83,0.09,0.26,0.81,0.93
2,0.18,0.65,0.37,0.63,0.7,0.12,0.82,0.03,0.98,0.15,-1.24,-0.74,0.08,0.07,2.59,0.12,0.61,2.46,0.28,0.83,0.09,0.26,0.81,0.93
2,0.18,0.65,0.37,0.63,0.7,0.12,0.82,0.03,0.98,0.15,-1.24,-0.74,0.08,0.07,2.59,0.12,0.61,2.46,0.28,0.83,0.09,0.26,0.81,0.93
2,0.18,0.65,0.37,0.63,0.7,0.12,0.82,0.03,0.98,0.15,-1.24,-0.74,0.08,0.07,2.59,0.12,0.61,2.46,0.28,0.83,0.09,0.26,0.81,0.93
2,0.18,0.65,0.37,0.63,0.7,0.12,0.82,0.03,0.98,0.15,-1.24,-0.74,0.08,0.07,2.59,0.12,0.61,2.46,0.28,0.83,0.09,0.26,0.81,0.93
2,0.18,0.65,0.37,0.63,0.7,0.12,0.82,0.03,0.98,0.15,-1.24,-0.74,0.08,0.07,2.59,0.12,0.61,2.46,0.28,0.83,0.09,0.26,0.81,0.93
2,0.18,0.65,0.37,0.63,0.7,0.12,0.82,0.03,0.98,0.15,-1.24,-0.74,0.08,0.07,2.59,0.12,0.61,2.46,0.28,0.83,0.09,0.26,0.81,0.93
2,0.18,0.65,0.37,0.63,0.7,0.12,0.82,0.03,0.98,0.15,-1.24,-0.74,0.08,0.07,2.59,0.12,0.61,2.46,0.28,0.83,0.09,0.26,0.81,0.93
2,0.18,0.65,0.37,0.63,0.7,0.12,0.82,0.03,0.98,0.15,-1.24,-0.74,0.08,0.07,2.59,0.12,0.61,2.46,0.28,0.83,0.09,0.26,0.81,0.93
2,0.18,0.65,0.37,0.63,0.7,0.12,0.82,0.03,0.98,0.15,-1.24,-0.74,0.08,0.07,2.59,0.12,0.61,2.46,0.28,0.83,0.09,0.26,0.81,0.93
2,0.25,0.49,0.39,0.54,0.58,0.14,0.73,0.13,0.96,0.16,-0.48,-0.28,0.13,0.1,27.98,0.17,0.5,15.23,0.29,0.85,0.17,0.29,0.85,0.91
2,0.25,0.49,0.39,0.54,0.58,0.14,0.73,0.13,0.96,0.16,-0.48,-0.28,0.13,0.1,27.98,0.17,0.5,15.23,0.29,0.85,0.17,0.29,0.85,0.91
2,0.25,0.49,0.39,0.54,0.58,0.14,0.73,0.13,0.96,0.16,-0.48,-0.28,0.13,0.1,27.98,0.17,0.5,15.23,0.29,0.85,0.17,0.29,0.85,0.91
2,0.25,0.49,0.39,0.54,0.58,0.14,0.73,0.13,0.96,0.16,-0.48,-0.28,0.13,0.1,27.98,0.17,0.5,15.23,0.29,0.85,0.17,0.29,0.85,0.91
2,0.25,0.49,0.39,0.54,0.58,0.14,0.73,0.13,0.96,0.16,-0.48,-0.28,0.13,0.1,27.98,0.17,0.5,15.23,0.29,0.85,0.17,0.29,0.85,0.91
2,0.25,0.49,0.39,0.54,0.58,0.14,0.73,0.13,0.96,0.16,-0.48,-0.28,0.13,0.1,27.98,0.17,0.5,15.23,0.29,0.85,0.17,0.29,0.85,0.91
2,0.25,0.49,0.39,0.54,0.58,0.14,0.73,0.13,0.96,0.16,-0.48,-0.28,0.13,0.1,27.98,0.17,0.5,15.23,0.29,0.85,0.17,0.29,0.85,0.91
2,0.25,0.49,0.39,0.54,0.58,0.14,0.73,0.13,0.96,0.16,-0.48,-0.28,0.13,0.1,27.98,0.17,0.5,15.23,0.29,0.85,0.17,0.29,0.85,0.91
2,0.25,0.49,0.39,0.54,0.58,0.14,0.73,0.13,0.96,0.16,-0.48,-0.28,0.13,0.1,27.98,0.17,0.5,15.23,0.29,0.85,0.17,0.29,0.85,0.91
2,0.25,0.49,0.39,0.54,0.58,0.14,0.73,0.13,0.96,0.16,-0.48,-0.28,0.13,0.1,27.98,0.17,0.5,15.23,0.29,0.85,0.17,0.29,0.85,0.91
2,0.25,0.49,0.39,0.54,0.58,0.14,0.73,0.13,0.96,0.16,-0.48,-0.28,0.13,0.1,27.98,0.17,0.5,15.23,0.29,0.85,0.17,0.29,0.85,0.91
2,0.25,0.49,0.39,0.54,0.58,0.14,0.73,0.13,0.96,0.16,-0.48,-0.28,0.13,0.1,27.98,0.17,0.5,15.23,0.29,0.85,0.17,0.29,0.85,0.91
2,0.96,0.31,0.01,0.47,0.69,0.08,0.6,0.12,0.96,0.11,-0.22,0.36,0.15,0.12,2.28,0.12,0.5,2.12,0.24,0.88,0.08,0.26,0.9,0.94
2,0.96,0.31,0.01,0.47,0.69,0.08,0.6,0.12,0.96,0.11,-0.22,0.36,0.15,0.12,2.28,0.12,0.5,2.12,0.24,0.88,0.08,0.26,0.9,0.94
2,0.96,0.31,0.01,0.47,0.69,0.08,0.6,0.12,0.96,0.11,-0.22,0.36,0.15,0.12,2.28,0.12,0.5,2.12,0.24,0.88,0.08,0.26,0.9,0.94
2,0.96,0.31,0.01,0.47,0.69,0.08,0.6,0.12,0.96,0.11,-0.22,0.36,0.15,0.12,2.28,0.12,0.5,2.12,0.24,0.88,0.08,0.26,0.9,0.94
2,0.96,0.31,0.01,0.47,0.69,0.08,0.6,0.12,0.96,0.11,-0.22,0.36,0.15,0.12,2.28,0.12,0.5,2.12,0.24,0.88,0.08,0.26,0.9,0.94
2,0.96,0.31,0.01,0.47,0.69,0.08,0.6,0.12,0.96,0.11,-0.22,0.36,0.15,0.12,2.28,0.12,0.5,2.12,0.24,0.88,0.08,0.26,0.9,0.94
2,0.96,0.31,0.01,0.47,0.69,0.08,0.6,0.12,0.96,0.11,-0.22,0.36,0.15,0.12,2.28,0.12,0.5,2.12,0.24,0.88,0.08,0.26,0.9,0.94
2,0.96,0.31,0.01,0.47,0.69,0.08,0.6,0.12,0.96,0.11,-0.22,0.36,0.15,0.12,2.28,0.12,0.5,2.12,0.24,0.88,0.08,0.26,0.9,0.94
2,0.96,0.31,0.01,0.47,0.69,0.08,0.6,0.12,0.96,0.11,-0.22,0.36,0.15,0.12,2.28,0.12,0.5,2.12,0.24,0.88,0.08,0.26,0.9,0.94
2,0.96,0.31,0.01,0.47,0.69,0.08,0.6,0.12,0.96,0.11,-0.22,0.36,0.15,0.12,2.28,0.12,0.5,2.12,0.24,0.88,0.08,0.26,0.9,0.94
2,0.96,0.31,0.01,0.47,0.69,0.08,0.6,0.12,0.96,0.11,-0.22,0.36,0.15,0.12,2.28,0.12,0.5,2.12,0.24,0.88,0.08,0.26,0.9,0.94
2,0.96,0.31,0.01,0.47,0.69,0.08,0.6,0.12,0.96,0.11,-0.22,0.36,0.15,0.12,2.28,0.12,0.5,2.12,0.24,0.88,0.08,0.26,0.9,0.94
2,0.13,0.34,0.31,0.49,0.64,0.11,0.55,0.28,0.93,0.11,-1.43,-0.12,0.15,0.13,16.46,0.13,0.5,2.04,0.36,0.74,0.09,0.35,0.73,0.84
2,0.13,0.34,0.31,0.49,0.64,0.11,0.55,0.28,0.93,0.11,-1.43,-0.12,0.15,0.13,16.46,0.13,0.5,2.04,0.36,0.74,0.09,0.35,0.73,0.84
2,0.13,0.34,0.31,0.49,0.64,0.11,0.55,0.28,0.93,0.11,-1.43,-0.12,0.15,0.13,16.46,0.13,0.5,2.04,0.36,0.74,0.09,0.35,0.73,0.84
2,0.13,0.34,0.31,0.49,0.64,0.11,0.55,0.28,0.93,0.11,-1.43,-0.12,0.15,0.13,16.46,0.13,0.5,2.04,0.36,0.74,0.09,0.35,0.73,0.84
2,0.13,0.34,0.31,0.49,0.64,0.11,0.55,0.28,0.93,0.11,-1.43,-0.12,0.15,0.13,16.46,0.13,0.5,2.04,0.36,0.74,0.09,0.35,0.73,0.84
2,0.13,0.34,0.31,0.49,0.64,0.11,0.55,0.28,0.93,0.11,-1.43,-0.12,0.15,0.13,16.46,0.13,0.5,2.04,0.36,0.74,0.09,0.35,0.73,0.84
2,0.13,0.34,0.31,0.49,0.64,0.11,0.55,0.28,0.93,0.11,-1.43,-0.12,0.15,0.13,16.46,0.13,0.5,2.04,0.36,0.74,0.09,0.35,0.73,0.84
2,0.13,0.34,0.31,0.49,0.64,0.11,0.55,0.28,0.93,0.11,-1.43,-0.12,0.15,0.13,16.46,0.13,0.5,2.04,0.36,0.74,0.09,0.35,0.73,0.84
2,0.13,0.34,0.31,0.49,0.64,0.11,0.55,0.28,0.93,0.11,-1.43,-0.12,0.15,0.13,16.46,0.13,0.5,2.04,0.36,0.74,0.09,0.35,0.73,0.84
2,0.13,0.34,0.31,0.49,0.64,0.11,0.55,0.28,0.93,0.11,-1.43,-0.12,0.15,0.13,16.46,0.13,0.5,2.04,0.36,0.74,0.09,0.35,0.73,0.84
2,0.13,0.34,0.31,0.49,0.64,0.11,0.55,0.28,0.93,0.11,-1.43,-0.12,0.15,0.13,16.46,0.13,0.5,2.04,0.36,0.74,0.09,0.35,0.73,0.84
2,0.13,0.34,0.31,0.49,0.64,0.11,0.55,0.28,0.93,0.11,-1.43,-0.12,0.15,0.13,16.46,0.13,0.5,2.04,0.36,0.74,0.09,0.35,0.73,0.84
2,0.13,0.34,0.31,0.49,0.64,0.11,0.55,0.28,0.93,0.11,-1.43,-0.12,0.15,0.13,16.46,0.13,0.5,2.04,0.36,0.74,0.09,0.35,0.73,0.84
2,0.13,0.34,0.31,0.49,0.64,0.11,0.55,0.28,0.93,0.11,-1.43,-0.12,0.15,0.13,16.46,0.13,0.5,2.04,0.36,0.74,0.09,0.35,0.73,0.84
2,0.13,0.34,0.31,0.49,0.64,0.11,0.55,0.28,0.93,0.11,-1.43,-0.12,0.15,0.13,16.46,0.13,0.5,2.04,0.36,0.74,0.09,0.35,0.73,0.84
2,0.13,0.34,0.31,0.49,0.64,0.11,0.55,0.28,0.93,0.11,-1.43,-0.12,0.15,0.13,16.46,0.13,0.5,2.04,0.36,0.74,0.09,0.35,0.73,0.84
2,0.13,0.34,0.31,0.49,0.64,0.11,0.55,0.28,0.93,0.11,-1.43,-0.12,0.15,0.13,16.46,0.13,0.5,2.04,0.36,0.74,0.09,0.35,0.73,0.84
2,0.13,0.34,0.31,0.49,0.64,0.11,0.55,0.28,0.93,0.11,-1.43,-0.12,0.15,0.13,16.46,0.13,0.5,2.04,0.36,0.74,0.09,0.35,0.73,0.84
2,0.13,0.34,0.31,0.49,0.64,0.11,0.55,0.28,0.93,0.11,-1.43,-0.12,0.15,0.13,16.46,0.13,0.5,2.04,0.36,0.74,0.09,0.35,0.73,0.84
2,0.13,0.34,0.31,0.49,0.64,0.11,0.55,0.28,0.93,0.11,-1.43,-0.12,0.15,0.13,16.46,0.13,0.5,2.04,0.36,0.74,0.09,0.35,0.73,0.84
2,0.13,0.34,0.31,0.49,0.64,0.11,0.55,0.28,0.93,0.11,-1.43,-0.12,0.15,0.13,16.46,0.13,0.5,2.04,0.36,0.74,0.09,0.35,0.73,0.84
2,0.13,0.34,0.31,0.49,0.64,0.11,0.55,0.28,0.93,0.11,-1.43,-0.12,0.15,0.13,16.46,0.13,0.5,2.04,0.36,0.74,0.09,0.35,0.73,0.84
2,0.13,0.34,0.31,0.49,0.64,0.11,0.55,0.28,0.93,0.11,-1.43,-0.12,0.15,0.13,16.46,0.13,0.5,2.04,0.36,0.74,0.09,0.35,0.73,0.84
2,0.13,0.34,0.31,0.49,0.64,0.11,0.55,0.28,0.93,0.11,-1.43,-0.12,0.15,0.13,16.46,0.13,0.5,2.04,0.36,0.74,0.09,0.35,0.73,0.84
2,0.38,0.42,0.43,0.48,0.46,0.14,0.51,0.19,0.95,0.13,0.35,0.17,0.23,0.22,15.91,0.15,0.38,11.85,0.33,0.55,0.17,0.31,0.54,0.65
2,0.38,0.42,0.43,0.48,0.46,0.14,0.51,0.19,0.95,0.13,0.35,0.17,0.23,0.22,15.91,0.15,0.38,11.85,0.33,0.55,0.17,0.31,0.54,0.65
2,0.38,0.42,0.43,0.48,0.46,0.14,0.51,0.19,0.95,0.13,0.35,0.17,0.23,0.22,15.91,0.15,0.38,11.85,0.33,0.55,0.17,0.31,0.54,0.65
2,0.38,0.42,0.43,0.48,0.46,0.14,0.51,0.19,0.95,0.13,0.35,0.17,0.23,0.22,15.91,0.15,0.38,11.85,0.33,0.55,0.17,0.31,0.54,0.65
2,0.38,0.42,0.43,0.48,0.46,0.14,0.51,0.19,0.95,0.13,0.35,0.17,0.23,0.22,15.91,0.15,0.38,11.85,0.33,0.55,0.17,0.31,0.54,0.65
2,0.38,0.42,0.43,0.48,0.46,0.14,0.51,0.19,0.95,0.13,0.35,0.17,0.23,0.22,15.91,0.15,0.38,11.85,0.33,0.55,0.17,0.31,0.54,0.65
2,0.38,0.42,0.43,0.48,0.46,0.14,0.51,0.19,0.95,0.13,0.35,0.17,0.23,0.22,15.91,0.15,0.38,11.85,0.33,0.55,0.17,0.31,0.54,0.65
2,0.38,0.42,0.43,0.48,0.46,0.14,0.51,0.19,0.95,0.13,0.35,0.17,0.23,0.22,15.91,0.15,0.38,11.85,0.33,0.55,0.17,0.31,0.54,0.65
2,0.38,0.42,0.43,0.48,0.46,0.14,0.51,0.19,0.95,0.13,0.35,0.17,0.23,0.22,15.91,0.15,0.38,11.85,0.33,0.55,0.17,0.31,0.54,0.65
2,0.38,0.42,0.43,0.48,0.46,0.14,0.51,0.19,0.95,0.13,0.35,0.17,0.23,0.22,15.91,0.15,0.38,11.85,0.33,0.55,0.17,0.31,0.54,0.65
2,0.38,0.42,0.43,0.48,0.46,0.14,0.51,0.19,0.95,0.13,0.35,0.17,0.23,0.22,15.91,0.15,0.38,11.85,0.33,0.55,0.17,0.31,0.54,0.65
2,0.38,0.42,0.43,0.48,0.46,0.14,0.51,0.19,0.95,0.13,0.35,0.17,0.23,0.22,15.91,0.15,0.38,11.85,0.33,0.55,0.17,0.31,0.54,0.65
2,0.38,0.42,0.43,0.48,0.46,0.14,0.51,0.19,0.95,0.13,0.35,0.17,0.23,0.22,15.91,0.15,0.38,11.85,0.33,0.55,0.17,0.31,0.54,0.65
2,0.38,0.42,0.43,0.48,0.46,0.14,0.51,0.19,0.95,0.13,0.35,0.17,0.23,0.22,15.91,0.15,0.38,11.85,0.33,0.55,0.17,0.31,0.54,0.65
2,0.38,0.42,0.43,0.48,0.46,0.14,0.51,0.19,0.95,0.13,0.35,0.17,0.23,0.22,15.91,0.15,0.38,11.85,0.33,0.55,0.17,0.31,0.54,0.65
2,0.38,0.42,0.43,0.48,0.46,0.14,0.51,0.19,0.95,0.13,0.35,0.17,0.23,0.22,15.91,0.15,0.38,11.85,0.33,0.55,0.17,0.31,0.54,0.65
2,0.38,0.42,0.43,0.48,0.46,0.14,0.51,0.19,0.95,0.13,0.35,0.17,0.23,0.22,15.91,0.15,0.38,11.85,0.33,0.55,0.17,0.31,0.54,0.65
2,0.38,0.42,0.43,0.48,0.46,0.14,0.51,0.19,0.95,0.13,0.35,0.17,0.23,0.22,15.91,0.15,0.38,11.85,0.33,0.55,0.17,0.31,0.54,0.65
2,0.38,0.42,0.43,0.48,0.46,0.14,0.51,0.19,0.95,0.13,0.35,0.17,0.23,0.22,15.91,0.15,0.38,11.85,0.33,0.55,0.17,0.31,0.54,0.65
2,0.38,0.42,0.43,0.48,0.46,0.14,0.51,0.19,0.95,0.13,0.35,0.17,0.23,0.22,15.91,0.15,0.38,11.85,0.33,0.55,0.17,0.31,0.54,0.65
2,0.38,0.42,0.43,0.48,0.46,0.14,0.51,0.19,0.95,0.13,0.35,0.17,0.23,0.22,15.91,0.15,0.38,11.85,0.33,0.55,0.17,0.31,0.54,0.65
2,0.38,0.42,0.43,0.48,0.46,0.14,0.51,0.19,0.95,0.13,0.35,0.17,0.23,0.22,15.91,0.15,0.38,11.85,0.33,0.55,0.17,0.31,0.54,0.65
2,0.38,0.42,0.43,0.48,0.46,0.14,0.51,0.19,0.95,0.13,0.35,0.17,0.23,0.22,15.91,0.15,0.38,11.85,0.33,0.55,0.17,0.31,0.54,0.65
2,0.38,0.42,0.43,0.48,0.46,0.14,0.51,0.19,0.95,0.13,0.35,0.17,0.23,0.22,15.91,0.15,0.38,11.85,0.33,0.55,0.17,0.31,0.54,0.65
2,0.44,0.39,0.48,0.43,0.53,0.12,0.76,0.2,0.93,0.13,0.26,0.04,0.1,0.08,1.93,0.14,0.4,0.54,0.31,0.83,0.13,0.31,0.83,0.85
2,0.44,0.39,0.48,0.43,0.53,0.12,0.76,0.2,0.93,0.13,0.26,0.04,0.1,0.08,1.93,0.14,0.4,0.54,0.31,0.83,0.13,0.31,0.83,0.85
2,0.44,0.39,0.48,0.43,0.53,0.12,0.76,0.2,0.93,0.13,0.26,0.04,0.1,0.08,1.93,0.14,0.4,0.54,0.31,0.83,0.13,0.31,0.83,0.85
2,0.44,0.39,0.48,0.43,0.53,0.12,0.76,0.2,0.93,0.13,0.26,0.04,0.1,0.08,1.93,0.14,0.4,0.54,0.31,0.83,0.13,0.31,0.83,0.85
2,0.44,0.39,0.48,0.43,0.53,0.12,0.76,0.2,0.93,0.13,0.26,0.04,0.1,0.08,1.93,0.14,0.4,0.54,0.31,0.83,0.13,0.31,0.83,0.85
2,0.44,0.39,0.48,0.43,0.53,0.12,0.76,0.2,0.93,0.13,0.26,0.04,0.1,0.08,1.93,0.14,0.4,0.54,0.31,0.83,0.13,0.31,0.83,0.85
2,0.44,0.39,0.48,0.43,0.53,0.12,0.76,0.2,0.93,0.13,0.26,0.04,0.1,0.08,1.93,0.14,0.4,0.54,0.31,0.83,0.13,0.31,0.83,0.85
2,0.44,0.39,0.48,0.43,0.53,0.12,0.76,0.2,0.93,0.13,0.26,0.04,0.1,0.08,1.93,0.14,0.4,0.54,0.31,0.83,0.13,0.31,0.83,0.85
2,0.44,0.39,0.48,0.43,0.53,0.12,0.76,0.2,0.93,0.13,0.26,0.04,0.1,0.08,1.93,0.14,0.4,0.54,0.31,0.83,0.13,0.31,0.83,0.85
2,0.44,0.39,0.48,0.43,0.53,0.12,0.76,0.2,0.93,0.13,0.26,0.04,0.1,0.08,1.93,0.14,0.4,0.54,0.31,0.83,0.13,0.31,0.83,0.85
2,0.44,0.39,0.48,0.43,0.53,0.12,0.76,0.2,0.93,0.13,0.26,0.04,0.1,0.08,1.93,0.14,0.4,0.54,0.31,0.83,0.13,0.31,0.83,0.85
2,0.44,0.39,0.48,0.43,0.53,0.12,0.76,0.2,0.93,0.13,0.26,0.04,0.1,0.08,1.93,0.14,0.4,0.54,0.31,0.83,0.13,0.31,0.83,0.85
2,0.21,0.43,0.39,0.56,0.69,0.11,0.75,0.23,0.95,0.13,-1.58,-0.98,0.14,0.12,28.7,0.16,0.7,12.78,0.35,0.81,0.16,0.34,0.81,0.88
2,0.21,0.43,0.39,0.56,0.69,0.11,0.75,0.23,0.95,0.13,-1.58,-0.98,0.14,0.12,28.7,0.16,0.7,12.78,0.35,0.81,0.16,0.34,0.81,0.88
2,0.21,0.43,0.39,0.56,0.69,0.11,0.75,0.23,0.95,0.13,-1.58,-0.98,0.14,0.12,28.7,0.16,0.7,12.78,0.35,0.81,0.16,0.34,0.81,0.88
2,0.21,0.43,0.39,0.56,0.69,0.11,0.75,0.23,0.95,0.13,-1.58,-0.98,0.14,0.12,28.7,0.16,0.7,12.78,0.35,0.81,0.16,0.34,0.81,0.88
2,0.21,0.43,0.39,0.56,0.69,0.11,0.75,0.23,0.95,0.13,-1.58,-0.98,0.14,0.12,28.7,0.16,0.7,12.78,0.35,0.81,0.16,0.34,0.81,0.88
2,0.21,0.43,0.39,0.56,0.69,0.11,0.75,0.23,0.95,0.13,-1.58,-0.98,0.14,0.12,28.7,0.16,0.7,12.78,0.35,0.81,0.16,0.34,0.81,0.88
2,0.21,0.43,0.39,0.56,0.69,0.11,0.75,0.23,0.95,0.13,-1.58,-0.98,0.14,0.12,28.7,0.16,0.7,12.78,0.35,0.81,0.16,0.34,0.81,0.88
2,0.21,0.43,0.39,0.56,0.69,0.11,0.75,0.23,0.95,0.13,-1.58,-0.98,0.14,0.12,28.7,0.16,0.7,12.78,0.35,0.81,0.16,0.34,0.81,0.88
2,0.21,0.43,0.39,0.56,0.69,0.11,0.75,0.23,0.95,0.13,-1.58,-0.98,0.14,0.12,28.7,0.16,0.7,12.78,0.35,0.81,0.16,0.34,0.81,0.88
2,0.21,0.43,0.39,0.56,0.69,0.11,0.75,0.23,0.95,0.13,-1.58,-0.98,0.14,0.12,28.7,0.16,0.7,12.78,0.35,0.81,0.16,0.34,0.81,0.88
2,0.21,0.43,0.39,0.56,0.69,0.11,0.75,0.23,0.95,0.13,-1.58,-0.98,0.14,0.12,28.7,0.16,0.7,12.78,0.35,0.81,0.16,0.34,0.81,0.88
2,0.21,0.43,0.39,0.56,0.69,0.11,0.75,0.23,0.95,0.13,-1.58,-0.98,0.14,0.12,28.7,0.16,0.7,12.78,0.35,0.81,0.16,0.34,0.81,0.88
2,0.24,0.48,0.39,0.5,0.47,0.18,0.74,0.06,0.97,0.13,0.58,0.29,0.15,0.14,17.83,0.14,0.39,5.27,0.28,0.81,0.15,0.26,0.8,0.91
2,0.24,0.48,0.39,0.5,0.47,0.18,0.74,0.06,0.97,0.13,0.58,0.29,0.15,0.14,17.83,0.14,0.39,5.27,0.28,0.81,0.15,0.26,0.8,0.91
2,0.24,0.48,0.39,0.5,0.47,0.18,0.74,0.06,0.97,0.13,0.58,0.29,0.15,0.14,17.83,0.14,0.39,5.27,0.28,0.81,0.15,0.26,0.8,0.91
2,0.24,0.48,0.39,0.5,0.47,0.18,0.74,0.06,0.97,0.13,0.58,0.29,0.15,0.14,17.83,0.14,0.39,5.27,0.28,0.81,0.15,0.26,0.8,0.91
2,0.24,0.48,0.39,0.5,0.47,0.18,0.74,0.06,0.97,0.13,0.58,0.29,0.15,0.14,17.83,0.14,0.39,5.27,0.28,0.81,0.15,0.26,0.8,0.91
2,0.24,0.48,0.39,0.5,0.47,0.18,0.74,0.06,0.97,0.13,0.58,0.29,0.15,0.14,17.83,0.14,0.39,5.27,0.28,0.81,0.15,0.26,0.8,0.91
2,0.24,0.48,0.39,0.5,0.47,0.18,0.74,0.06,0.97,0.13,0.58,0.29,0.15,0.14,17.83,0.14,0.39,5.27,0.28,0.81,0.15,0.26,0.8,0.91
2,0.24,0.48,0.39,0.5,0.47,0.18,0.74,0.06,0.97,0.13,0.58,0.29,0.15,0.14,17.83,0.14,0.39,5.27,0.28,0.81,0.15,0.26,0.8,0.91
2,0.24,0.48,0.39,0.5,0.47,0.18,0.74,0.06,0.97,0.13,0.58,0.29,0.15,0.14,17.83,0.14,0.39,5.27,0.28,0.81,0.15,0.26,0.8,0.91
2,0.24,0.48,0.39,0.5,0.47,0.18,0.74,0.06,0.97,0.13,0.58,0.29,0.15,0.14,17.83,0.14,0.39,5.27,0.28,0.81,0.15,0.26,0.8,0.91
2,0.24,0.48,0.39,0.5,0.47,0.18,0.74,0.06,0.97,0.13,0.58,0.29,0.15,0.14,17.83,0.14,0.39,5.27,0.28,0.81,0.15,0.26,0.8,0.91
2,0.24,0.48,0.39,0.5,0.47,0.18,0.74,0.06,0.97,0.13,0.58,0.29,0.15,0.14,17.83,0.14,0.39,5.27,0.28,0.81,0.15,0.26,0.8,0.91
2,0.54,0.54,0.21,0.43,0.35,0.2,0.66,0.05,0.98,0.12,0.47,0.05,0.17,0.16,5.5,0.13,0.32,0.71,0.3,0.82,0.21,0.27,0.8,0.88
2,0.54,0.54,0.21,0.43,0.35,0.2,0.66,0.05,0.98,0.12,0.47,0.05,0.17,0.16,5.5,0.13,0.32,0.71,0.3,0.82,0.21,0.27,0.8,0.88
2,0.54,0.54,0.21,0.43,0.35,0.2,0.66,0.05,0.98,0.12,0.47,0.05,0.17,0.16,5.5,0.13,0.32,0.71,0.3,0.82,0.21,0.27,0.8,0.88
2,0.54,0.54,0.21,0.43,0.35,0.2,0.66,0.05,0.98,0.12,0.47,0.05,0.17,0.16,5.5,0.13,0.32,0.71,0.3,0.82,0.21,0.27,0.8,0.88
2,0.54,0.54,0.21,0.43,0.35,0.2,0.66,0.05,0.98,0.12,0.47,0.05,0.17,0.16,5.5,0.13,0.32,0.71,0.3,0.82,0.21,0.27,0.8,0.88
2,0.54,0.54,0.21,0.43,0.35,0.2,0.66,0.05,0.98,0.12,0.47,0.05,0.17,0.16,5.5,0.13,0.32,0.71,0.3,0.82,0.21,0.27,0.8,0.88
2,0.54,0.54,0.21,0.43,0.35,0.2,0.66,0.05,0.98,0.12,0.47,0.05,0.17,0.16,5.5,0.13,0.32,0.71,0.3,0.82,0.21,0.27,0.8,0.88
2,0.54,0.54,0.21,0.43,0.35,0.2,0.66,0.05,0.98,0.12,0.47,0.05,0.17,0.16,5.5,0.13,0.32,0.71,0.3,0.82,0.21,0.27,0.8,0.88
2,0.54,0.54,0.21,0.43,0.35,0.2,0.66,0.05,0.98,0.12,0.47,0.05,0.17,0.16,5.5,0.13,0.32,0.71,0.3,0.82,0.21,0.27,0.8,0.88
2,0.54,0.54,0.21,0.43,0.35,0.2,0.66,0.05,0.98,0.12,0.47,0.05,0.17,0.16,5.5,0.13,0.32,0.71,0.3,0.82,0.21,0.27,0.8,0.88
2,0.54,0.54,0.21,0.43,0.35,0.2,0.66,0.05,0.98,0.12,0.47,0.05,0.17,0.16,5.5,0.13,0.32,0.71,0.3,0.82,0.21,0.27,0.8,0.88
2,0.54,0.54,0.21,0.43,0.35,0.2,0.66,0.05,0.98,0.12,0.47,0.05,0.17,0.16,5.5,0.13,0.32,0.71,0.3,0.82,0.21,0.27,0.8,0.88
2,0.04,0.36,0.08,0.61,0.68,0.11,0.91,0.1,0.94,0.16,-0.99,-0.5,0.18,0.18,10.75,0.17,0.62,1.92,0.18,0.95,0.15,0.18,0.95,0.96
2,0.04,0.36,0.08,0.61,0.68,0.11,0.91,0.1,0.94,0.16,-0.99,-0.5,0.18,0.18,10.75,0.17,0.62,1.92,0.18,0.95,0.15,0.18,0.95,0.96
2,0.04,0.36,0.08,0.61,0.68,0.11,0.91,0.1,0.94,0.16,-0.99,-0.5,0.18,0.18,10.75,0.17,0.62,1.92,0.18,0.95,0.15,0.18,0.95,0.96
2,0.04,0.36,0.08,0.61,0.68,0.11,0.91,0.1,0.94,0.16,-0.99,-0.5,0.18,0.18,10.75,0.17,0.62,1.92,0.18,0.95,0.15,0.18,0.95,0.96
2,0.04,0.36,0.08,0.61,0.68,0.11,0.91,0.1,0.94,0.16,-0.99,-0.5,0.18,0.18,10.75,0.17,0.62,1.92,0.18,0.95,0.15,0.18,0.95,0.96
2,0.04,0.36,0.08,0.61,0.68,0.11,0.91,0.1,0.94,0.16,-0.99,-0.5,0.18,0.18,10.75,0.17,0.62,1.92,0.18,0.95,0.15,0.18,0.95,0.96
2,0.04,0.36,0.08,0.61,0.68,0.11,0.91,0.1,0.94,0.16,-0.99,-0.5,0.18,0.18,10.75,0.17,0.62,1.92,0.18,0.95,0.15,0.18,0.95,0.96
2,0.04,0.36,0.08,0.61,0.68,0.11,0.91,0.1,0.94,0.16,-0.99,-0.5,0.18,0.18,10.75,0.17,0.62,1.92,0.18,0.95,0.15,0.18,0.95,0.96
2,0.04,0.36,0.08,0.61,0.68,0.11,0.91,0.1,0.94,0.16,-0.99,-0.5,0.18,0.18,10.75,0.17,0.62,1.92,0.18,0.95,0.15,0.18,0.95,0.96
2,0.04,0.36,0.08,0.61,0.68,0.11,0.91,0.1,0.94,0.16,-0.99,-0.5,0.18,0.18,10.75,0.17,0.62,1.92,0.18,0.95,0.15,0.18,0.95,0.96
2,0.04,0.36,0.08,0.61,0.68,0.11,0.91,0.1,0.94,0.16,-0.99,-0.5,0.18,0.18,10.75,0.17,0.62,1.92,0.18,0.95,0.15,0.18,0.95,0.96
2,0.04,0.36,0.08,0.61,0.68,0.11,0.91,0.1,0.94,0.16,-0.99,-0.5,0.18,0.18,10.75,0.17,0.62,1.92,0.18,0.95,0.15,0.18,0.95,0.96
2,0.04,0.41,0.05,0.69,0.71,0.13,0.76,0.17,0.95,0.12,-0.74,-0.73,0.12,0.09,7.02,0.12,0.66,2.07,0.28,0.89,0.11,0.28,0.89,0.92
2,0.04,0.41,0.05,0.69,0.71,0.13,0.76,0.17,0.95,0.12,-0.74,-0.73,0.12,0.09,7.02,0.12,0.66,2.07,0.28,0.89,0.11,0.28,0.89,0.92
2,0.04,0.41,0.05,0.69,0.71,0.13,0.76,0.17,0.95,0.12,-0.74,-0.73,0.12,0.09,7.02,0.12,0.66,2.07,0.28,0.89,0.11,0.28,0.89,0.92
2,0.04,0.41,0.05,0.69,0.71,0.13,0.76,0.17,0.95,0.12,-0.74,-0.73,0.12,0.09,7.02,0.12,0.66,2.07,0.28,0.89,0.11,0.28,0.89,0.92
2,0.04,0.41,0.05,0.69,0.71,0.13,0.76,0.17,0.95,0.12,-0.74,-0.73,0.12,0.09,7.02,0.12,0.66,2.07,0.28,0.89,0.11,0.28,0.89,0.92
2,0.04,0.41,0.05,0.69,0.71,0.13,0.76,0.17,0.95,0.12,-0.74,-0.73,0.12,0.09,7.02,0.12,0.66,2.07,0.28,0.89,0.11,0.28,0.89,0.92
2,0.04,0.41,0.05,0.69,0.71,0.13,0.76,0.17,0.95,0.12,-0.74,-0.73,0.12,0.09,7.02,0.12,0.66,2.07,0.28,0.89,0.11,0.28,0.89,0.92
2,0.04,0.41,0.05,0.69,0.71,0.13,0.76,0.17,0.95,0.12,-0.74,-0.73,0.12,0.09,7.02,0.12,0.66,2.07,0.28,0.89,0.11,0.28,0.89,0.92
2,0.04,0.41,0.05,0.69,0.71,0.13,0.76,0.17,0.95,0.12,-0.74,-0.73,0.12,0.09,7.02,0.12,0.66,2.07,0.28,0.89,0.11,0.28,0.89,0.92
2,0.04,0.41,0.05,0.69,0.71,0.13,0.76,0.17,0.95,0.12,-0.74,-0.73,0.12,0.09,7.02,0.12,0.66,2.07,0.28,0.89,0.11,0.28,0.89,0.92
2,0.04,0.41,0.05,0.69,0.71,0.13,0.76,0.17,0.95,0.12,-0.74,-0.73,0.12,0.09,7.02,0.12,0.66,2.07,0.28,0.89,0.11,0.28,0.89,0.92
2,0.04,0.41,0.05,0.69,0.71,0.13,0.76,0.17,0.95,0.12,-0.74,-0.73,0.12,0.09,7.02,0.12,0.66,2.07,0.28,0.89,0.11,0.28,0.89,0.92
2,0.04,0.41,0.05,0.69,0.71,0.13,0.76,0.17,0.95,0.12,-0.74,-0.73,0.12,0.09,7.02,0.12,0.66,2.07,0.28,0.89,0.11,0.28,0.89,0.92
2,0.04,0.41,0.05,0.69,0.71,0.13,0.76,0.17,0.95,0.12,-0.74,-0.73,0.12,0.09,7.02,0.12,0.66,2.07,0.28,0.89,0.11,0.28,0.89,0.92
2,0.04,0.41,0.05,0.69,0.71,0.13,0.76,0.17,0.95,0.12,-0.74,-0.73,0.12,0.09,7.02,0.12,0.66,2.07,0.28,0.89,0.11,0.28,0.89,0.92
2,0.04,0.41,0.05,0.69,0.71,0.13,0.76,0.17,0.95,0.12,-0.74,-0.73,0.12,0.09,7.02,0.12,0.66,2.07,0.28,0.89,0.11,0.28,0.89,0.92
2,0.04,0.41,0.05,0.69,0.71,0.13,0.76,0.17,0.95,0.12,-0.74,-0.73,0.12,0.09,7.02,0.12,0.66,2.07,0.28,0.89,0.11,0.28,0.89,0.92
2,0.04,0.41,0.05,0.69,0.71,0.13,0.76,0.17,0.95,0.12,-0.74,-0.73,0.12,0.09,7.02,0.12,0.66,2.07,0.28,0.89,0.11,0.28,0.89,0.92
2,0.04,0.41,0.05,0.69,0.71,0.13,0.76,0.17,0.95,0.12,-0.74,-0.73,0.12,0.09,7.02,0.12,0.66,2.07,0.28,0.89,0.11,0.28,0.89,0.92
2,0.04,0.41,0.05,0.69,0.71,0.13,0.76,0.17,0.95,0.12,-0.74,-0.73,0.12,0.09,7.02,0.12,0.66,2.07,0.28,0.89,0.11,0.28,0.89,0.92
2,0.04,0.41,0.05,0.69,0.71,0.13,0.76,0.17,0.95,0.12,-0.74,-0.73,0.12,0.09,7.02,0.12,0.66,2.07,0.28,0.89,0.11,0.28,0.89,0.92
2,0.04,0.41,0.05,0.69,0.71,0.13,0.76,0.17,0.95,0.12,-0.74,-0.73,0.12,0.09,7.02,0.12,0.66,2.07,0.28,0.89,0.11,0.28,0.89,0.92
2,0.04,0.41,0.05,0.69,0.71,0.13,0.76,0.17,0.95,0.12,-0.74,-0.73,0.12,0.09,7.02,0.12,0.66,2.07,0.28,0.89,0.11,0.28,0.89,0.92
2,0.04,0.41,0.05,0.69,0.71,0.13,0.76,0.17,0.95,0.12,-0.74,-0.73,0.12,0.09,7.02,0.12,0.66,2.07,0.28,0.89,0.11,0.28,0.89,0.92
2,0.06,0.6,0.01,0.84,0.62,0.12,0.68,0.08,0.96,0.06,0.32,-0.48,0.12,0.08,5.85,0.09,0.82,2.31,0.39,0.81,0.12,0.29,0.74,0.94
2,0.06,0.6,0.01,0.84,0.62,0.12,0.68,0.08,0.96,0.06,0.32,-0.48,0.12,0.08,5.85,0.09,0.82,2.31,0.39,0.81,0.12,0.29,0.74,0.94
2,0.06,0.6,0.01,0.84,0.62,0.12,0.68,0.08,0.96,0.06,0.32,-0.48,0.12,0.08,5.85,0.09,0.82,2.31,0.39,0.81,0.12,0.29,0.74,0.94
2,0.06,0.6,0.01,0.84,0.62,0.12,0.68,0.08,0.96,0.06,0.32,-0.48,0.12,0.08,5.85,0.09,0.82,2.31,0.39,0.81,0.12,0.29,0.74,0.94
2,0.06,0.6,0.01,0.84,0.62,0.12,0.68,0.08,0.96,0.06,0.32,-0.48,0.12,0.08,5.85,0.09,0.82,2.31,0.39,0.81,0.12,0.29,0.74,0.94
2,0.06,0.6,0.01,0.84,0.62,0.12,0.68,0.08,0.96,0.06,0.32,-0.48,0.12,0.08,5.85,0.09,0.82,2.31,0.39,0.81,0.12,0.29,0.74,0.94
2,0.06,0.6,0.01,0.84,0.62,0.12,0.68,0.08,0.96,0.06,0.32,-0.48,0.12,0.08,5.85,0.09,0.82,2.31,0.39,0.81,0.12,0.29,0.74,0.94
2,0.06,0.6,0.01,0.84,0.62,0.12,0.68,0.08,0.96,0.06,0.32,-0.48,0.12,0.08,5.85,0.09,0.82,2.31,0.39,0.81,0.12,0.29,0.74,0.94
2,0.06,0.6,0.01,0.84,0.62,0.12,0.68,0.08,0.96,0.06,0.32,-0.48,0.12,0.08,5.85,0.09,0.82,2.31,0.39,0.81,0.12,0.29,0.74,0.94
2,0.06,0.6,0.01,0.84,0.62,0.12,0.68,0.08,0.96,0.06,0.32,-0.48,0.12,0.08,5.85,0.09,0.82,2.31,0.39,0.81,0.12,0.29,0.74,0.94
2,0.06,0.6,0.01,0.84,0.62,0.12,0.68,0.08,0.96,0.06,0.32,-0.48,0.12,0.08,5.85,0.09,0.82,2.31,0.39,0.81,0.12,0.29,0.74,0.94
2,0.06,0.6,0.01,0.84,0.62,0.12,0.68,0.08,0.96,0.06,0.32,-0.48,0.12,0.08,5.85,0.09,0.82,2.31,0.39,0.81,0.12,0.29,0.74,0.94
2,0.56,0.56,0.16,0.47,0.35,0.16,0.89,0.04,0.97,0.12,0.72,0.49,0.16,0.16,2.34,0.14,0.36,1.0,0.23,0.91,0.17,0.23,0.91,0.93
2,0.56,0.56,0.16,0.47,0.35,0.16,0.89,0.04,0.97,0.12,0.72,0.49,0.16,0.16,2.34,0.14,0.36,1.0,0.23,0.91,0.17,0.23,0.91,0.93
2,0.56,0.56,0.16,0.47,0.35,0.16,0.89,0.04,0.97,0.12,0.72,0.49,0.16,0.16,2.34,0.14,0.36,1.0,0.23,0.91,0.17,0.23,0.91,0.93
2,0.56,0.56,0.16,0.47,0.35,0.16,0.89,0.04,0.97,0.12,0.72,0.49,0.16,0.16,2.34,0.14,0.36,1.0,0.23,0.91,0.17,0.23,0.91,0.93
2,0.56,0.56,0.16,0.47,0.35,0.16,0.89,0.04,0.97,0.12,0.72,0.49,0.16,0.16,2.34,0.14,0.36,1.0,0.23,0.91,0.17,0.23,0.91,0.93
2,0.56,0.56,0.16,0.47,0.35,0.16,0.89,0.04,0.97,0.12,0.72,0.49,0.16,0.16,2.34,0.14,0.36,1.0,0.23,0.91,0.17,0.23,0.91,0.93
2,0.56,0.56,0.16,0.47,0.35,0.16,0.89,0.04,0.97,0.12,0.72,0.49,0.16,0.16,2.34,0.14,0.36,1.0,0.23,0.91,0.17,0.23,0.91,0.93
2,0.56,0.56,0.16,0.47,0.35,0.16,0.89,0.04,0.97,0.12,0.72,0.49,0.16,0.16,2.34,0.14,0.36,1.0,0.23,0.91,0.17,0.23,0.91,0.93
2,0.56,0.56,0.16,0.47,0.35,0.16,0.89,0.04,0.97,0.12,0.72,0.49,0.16,0.16,2.34,0.14,0.36,1.0,0.23,0.91,0.17,0.23,0.91,0.93
2,0.56,0.56,0.16,0.47,0.35,0.16,0.89,0.04,0.97,0.12,0.72,0.49,0.16,0.16,2.34,0.14,0.36,1.0,0.23,0.91,0.17,0.23,0.91,0.93
2,0.56,0.56,0.16,0.47,0.35,0.16,0.89,0.04,0.97,0.12,0.72,0.49,0.16,0.16,2.34,0.14,0.36,1.0,0.23,0.91,0.17,0.23,0.91,0.93
2,0.56,0.56,0.16,0.47,0.35,0.16,0.89,0.04,0.97,0.12,0.72,0.49,0.16,0.16,2.34,0.14,0.36,1.0,0.23,0.91,0.17,0.23,0.91,0.93
2,0.05,0.5,0.16,0.5,0.41,0.13,0.72,0.1,0.97,0.1,0.52,0.04,0.15,0.15,1.49,0.12,0.46,1.09,0.38,0.72,0.15,0.35,0.7,0.82
2,0.05,0.5,0.16,0.5,0.41,0.13,0.72,0.1,0.97,0.1,0.52,0.04,0.15,0.15,1.49,0.12,0.46,1.09,0.38,0.72,0.15,0.35,0.7,0.82
2,0.05,0.5,0.16,0.5,0.41,0.13,0.72,0.1,0.97,0.1,0.52,0.04,0.15,0.15,1.49,0.12,0.46,1.09,0.38,0.72,0.15,0.35,0.7,0.82
2,0.05,0.5,0.16,0.5,0.41,0.13,0.72,0.1,0.97,0.1,0.52,0.04,0.15,0.15,1.49,0.12,0.46,1.09,0.38,0.72,0.15,0.35,0.7,0.82
2,0.05,0.5,0.16,0.5,0.41,0.13,0.72,0.1,0.97,0.1,0.52,0.04,0.15,0.15,1.49,0.12,0.46,1.09,0.38,0.72,0.15,0.35,0.7,0.82
2,0.05,0.5,0.16,0.5,0.41,0.13,0.72,0.1,0.97,0.1,0.52,0.04,0.15,0.15,1.49,0.12,0.46,1.09,0.38,0.72,0.15,0.35,0.7,0.82
2,0.05,0.5,0.16,0.5,0.41,0.13,0.72,0.1,0.97,0.1,0.52,0.04,0.15,0.15,1.49,0.12,0.46,1.09,0.38,0.72,0.15,0.35,0.7,0.82
2,0.05,0.5,0.16,0.5,0.41,0.13,0.72,0.1,0.97,0.1,0.52,0.04,0.15,0.15,1.49,0.12,0.46,1.09,0.38,0.72,0.15,0.35,0.7,0.82
2,0.05,0.5,0.16,0.5,0.41,0.13,0.72,0.1,0.97,0.1,0.52,0.04,0.15,0.15,1.49,0.12,0.46,1.09,0.38,0.72,0.15,0.35,0.7,0.82
2,0.05,0.5,0.16,0.5,0.41,0.13,0.72,0.1,0.97,0.1,0.52,0.04,0.15,0.15,1.49,0.12,0.46,1.09,0.38,0.72,0.15,0.35,0.7,0.82
2,0.05,0.5,0.16,0.5,0.41,0.13,0.72,0.1,0.97,0.1,0.52,0.04,0.15,0.15,1.49,0.12,0.46,1.09,0.38,0.72,0.15,0.35,0.7,0.82
2,0.05,0.5,0.16,0.5,0.41,0.13,0.72,0.1,0.97,0.1,0.52,0.04,0.15,0.15,1.49,0.12,0.46,1.09,0.38,0.72,0.15,0.35,0.7,0.82
2,0.06,0.42,0.07,0.39,0.52,0.21,0.69,0.08,0.97,0.26,-0.3,0.97,0.13,0.08,3.05,0.25,0.42,56.63,0.25,0.9,0.14,0.24,0.89,0.92
2,0.06,0.42,0.07,0.39,0.52,0.21,0.69,0.08,0.97,0.26,-0.3,0.97,0.13,0.08,3.05,0.25,0.42,56.63,0.25,0.9,0.14,0.24,0.89,0.92
2,0.06,0.42,0.07,0.39,0.52,0.21,0.69,0.08,0.97,0.26,-0.3,0.97,0.13,0.08,3.05,0.25,0.42,56.63,0.25,0.9,0.14,0.24,0.89,0.92
2,0.06,0.42,0.07,0.39,0.52,0.21,0.69,0.08,0.97,0.26,-0.3,0.97,0.13,0.08,3.05,0.25,0.42,56.63,0.25,0.9,0.14,0.24,0.89,0.92
2,0.06,0.42,0.07,0.39,0.52,0.21,0.69,0.08,0.97,0.26,-0.3,0.97,0.13,0.08,3.05,0.25,0.42,56.63,0.25,0.9,0.14,0.24,0.89,0.92
2,0.06,0.42,0.07,0.39,0.52,0.21,0.69,0.08,0.97,0.26,-0.3,0.97,0.13,0.08,3.05,0.25,0.42,56.63,0.25,0.9,0.14,0.24,0.89,0.92
2,0.06,0.42,0.07,0.39,0.52,0.21,0.69,0.08,0.97,0.26,-0.3,0.97,0.13,0.08,3.05,0.25,0.42,56.63,0.25,0.9,0.14,0.24,0.89,0.92
2,0.06,0.42,0.07,0.39,0.52,0.21,0.69,0.08,0.97,0.26,-0.3,0.97,0.13,0.08,3.05,0.25,0.42,56.63,0.25,0.9,0.14,0.24,0.89,0.92
2,0.06,0.42,0.07,0.39,0.52,0.21,0.69,0.08,0.97,0.26,-0.3,0.97,0.13,0.08,3.05,0.25,0.42,56.63,0.25,0.9,0.14,0.24,0.89,0.92
2,0.06,0.42,0.07,0.39,0.52,0.21,0.69,0.08,0.97,0.26,-0.3,0.97,0.13,0.08,3.05,0.25,0.42,56.63,0.25,0.9,0.14,0.24,0.89,0.92
2,0.06,0.42,0.07,0.39,0.52,0.21,0.69,0.08,0.97,0.26,-0.3,0.97,0.13,0.08,3.05,0.25,0.42,56.63,0.25,0.9,0.14,0.24,0.89,0.92
2,0.06,0.42,0.07,0.39,0.52,0.21,0.69,0.08,0.97,0.26,-0.3,0.97,0.13,0.08,3.05,0.25,0.42,56.63,0.25,0.9,0.14,0.24,0.89,0.92
2,0.53,0.42,0.46,0.4,0.49,0.2,0.62,0.17,0.95,0.17,0.23,0.61,0.15,0.16,10.75,0.14,0.47,1.53,0.28,0.84,0.15,0.28,0.84,0.88
2,0.53,0.42,0.46,0.4,0.49,0.2,0.62,0.17,0.95,0.17,0.23,0.61,0.15,0.16,10.75,0.14,0.47,1.53,0.28,0.84,0.15,0.28,0.84,0.88
2,0.53,0.42,0.46,0.4,0.49,0.2,0.62,0.17,0.95,0.17,0.23,0.61,0.15,0.16,10.75,0.14,0.47,1.53,0.28,0.84,0.15,0.28,0.84,0.88
2,0.53,0.42,0.46,0.4,0.49,0.2,0.62,0.17,0.95,0.17,0.23,0.61,0.15,0.16,10.75,0.14,0.47,1.53,0.28,0.84,0.15,0.28,0.84,0.88
2,0.53,0.42,0.46,0.4,0.49,0.2,0.62,0.17,0.95,0.17,0.23,0.61,0.15,0.16,10.75,0.14,0.47,1.53,0.28,0.84,0.15,0.28,0.84,0.88
2,0.53,0.42,0.46,0.4,0.49,0.2,0.62,0.17,0.95,0.17,0.23,0.61,0.15,0.16,10.75,0.14,0.47,1.53,0.28,0.84,0.15,0.28,0.84,0.88
2,0.53,0.42,0.46,0.4,0.49,0.2,0.62,0.17,0.95,0.17,0.23,0.61,0.15,0.16,10.75,0.14,0.47,1.53,0.28,0.84,0.15,0.28,0.84,0.88
2,0.53,0.42,0.46,0.4,0.49,0.2,0.62,0.17,0.95,0.17,0.23,0.61,0.15,0.16,10.75,0.14,0.47,1.53,0.28,0.84,0.15,0.28,0.84,0.88
2,0.53,0.42,0.46,0.4,0.49,0.2,0.62,0.17,0.95,0.17,0.23,0.61,0.15,0.16,10.75,0.14,0.47,1.53,0.28,0.84,0.15,0.28,0.84,0.88
2,0.53,0.42,0.46,0.4,0.49,0.2,0.62,0.17,0.95,0.17,0.23,0.61,0.15,0.16,10.75,0.14,0.47,1.53,0.28,0.84,0.15,0.28,0.84,0.88
2,0.53,0.42,0.46,0.4,0.49,0.2,0.62,0.17,0.95,0.17,0.23,0.61,0.15,0.16,10.75,0.14,0.47,1.53,0.28,0.84,0.15,0.28,0.84,0.88
2,0.53,0.42,0.46,0.4,0.49,0.2,0.62,0.17,0.95,0.17,0.23,0.61,0.15,0.16,10.75,0.14,0.47,1.53,0.28,0.84,0.15,0.28,0.84,0.88
2,0.87,0.39,0.29,0.47,0.31,0.18,0.65,0.12,0.92,0.14,0.31,0.21,0.17,0.16,3.71,0.14,0.27,2.0,0.25,0.88,0.16,0.25,0.88,0.93
2,0.87,0.39,0.29,0.47,0.31,0.18,0.65,0.12,0.92,0.14,0.31,0.21,0.17,0.16,3.71,0.14,0.27,2.0,0.25,0.88,0.16,0.25,0.88,0.93
2,0.87,0.39,0.29,0.47,0.31,0.18,0.65,0.12,0.92,0.14,0.31,0.21,0.17,0.16,3.71,0.14,0.27,2.0,0.25,0.88,0.16,0.25,0.88,0.93
2,0.87,0.39,0.29,0.47,0.31,0.18,0.65,0.12,0.92,0.14,0.31,0.21,0.17,0.16,3.71,0.14,0.27,2.0,0.25,0.88,0.16,0.25,0.88,0.93
2,0.87,0.39,0.29,0.47,0.31,0.18,0.65,0.12,0.92,0.14,0.31,0.21,0.17,0.16,3.71,0.14,0.27,2.0,0.25,0.88,0.16,0.25,0.88,0.93
2,0.87,0.39,0.29,0.47,0.31,0.18,0.65,0.12,0.92,0.14,0.31,0.21,0.17,0.16,3.71,0.14,0.27,2.0,0.25,0.88,0.16,0.25,0.88,0.93
2,0.87,0.39,0.29,0.47,0.31,0.18,0.65,0.12,0.92,0.14,0.31,0.21,0.17,0.16,3.71,0.14,0.27,2.0,0.25,0.88,0.16,0.25,0.88,0.93
2,0.87,0.39,0.29,0.47,0.31,0.18,0.65,0.12,0.92,0.14,0.31,0.21,0.17,0.16,3.71,0.14,0.27,2.0,0.25,0.88,0.16,0.25,0.88,0.93
2,0.87,0.39,0.29,0.47,0.31,0.18,0.65,0.12,0.92,0.14,0.31,0.21,0.17,0.16,3.71,0.14,0.27,2.0,0.25,0.88,0.16,0.25,0.88,0.93
2,0.87,0.39,0.29,0.47,0.31,0.18,0.65,0.12,0.92,0.14,0.31,0.21,0.17,0.16,3.71,0.14,0.27,2.0,0.25,0.88,0.16,0.25,0.88,0.93
2,0.87,0.39,0.29,0.47,0.31,0.18,0.65,0.12,0.92,0.14,0.31,0.21,0.17,0.16,3.71,0.14,0.27,2.0,0.25,0.88,0.16,0.25,0.88,0.93
2,0.87,0.39,0.29,0.47,0.31,0.18,0.65,0.12,0.92,0.14,0.31,0.21,0.17,0.16,3.71,0.14,0.27,2.0,0.25,0.88,0.16,0.25,0.88,0.93
2,0.05,0.49,0.07,0.61,0.59,0.14,0.37,0.24,0.9,0.11,-0.23,-0.76,0.16,0.15,23.61,0.12,0.45,4.89,0.3,0.69,0.18,0.26,0.64,0.85
2,0.05,0.49,0.07,0.61,0.59,0.14,0.37,0.24,0.9,0.11,-0.23,-0.76,0.16,0.15,23.61,0.12,0.45,4.89,0.3,0.69,0.18,0.26,0.64,0.85
2,0.05,0.49,0.07,0.61,0.59,0.14,0.37,0.24,0.9,0.11,-0.23,-0.76,0.16,0.15,23.61,0.12,0.45,4.89,0.3,0.69,0.18,0.26,0.64,0.85
2,0.05,0.49,0.07,0.61,0.59,0.14,0.37,0.24,0.9,0.11,-0.23,-0.76,0.16,0.15,23.61,0.12,0.45,4.89,0.3,0.69,0.18,0.26,0.64,0.85
2,0.05,0.49,0.07,0.61,0.59,0.14,0.37,0.24,0.9,0.11,-0.23,-0.76,0.16,0.15,23.61,0.12,0.45,4.89,0.3,0.69,0.18,0.26,0.64,0.85
2,0.05,0.49,0.07,0.61,0.59,0.14,0.37,0.24,0.9,0.11,-0.23,-0.76,0.16,0.15,23.61,0.12,0.45,4.89,0.3,0.69,0.18,0.26,0.64,0.85
2,0.05,0.49,0.07,0.61,0.59,0.14,0.37,0.24,0.9,0.11,-0.23,-0.76,0.16,0.15,23.61,0.12,0.45,4.89,0.3,0.69,0.18,0.26,0.64,0.85
2,0.05,0.49,0.07,0.61,0.59,0.14,0.37,0.24,0.9,0.11,-0.23,-0.76,0.16,0.15,23.61,0.12,0.45,4.89,0.3,0.69,0.18,0.26,0.64,0.85
2,0.05,0.49,0.07,0.61,0.59,0.14,0.37,0.24,0.9,0.11,-0.23,-0.76,0.16,0.15,23.61,0.12,0.45,4.89,0.3,0.69,0.18,0.26,0.64,0.85
2,0.05,0.49,0.07,0.61,0.59,0.14,0.37,0.24,0.9,0.11,-0.23,-0.76,0.16,0.15,23.61,0.12,0.45,4.89,0.3,0.69,0.18,0.26,0.64,0.85
2,0.05,0.49,0.07,0.61,0.59,0.14,0.37,0.24,0.9,0.11,-0.23,-0.76,0.16,0.15,23.61,0.12,0.45,4.89,0.3,0.69,0.18,0.26,0.64,0.85
2,0.05,0.49,0.07,0.61,0.59,0.14,0.37,0.24,0.9,0.11,-0.23,-0.76,0.16,0.15,23.61,0.12,0.45,4.89,0.3,0.69,0.18,0.26,0.64,0.85
2,0.03,0.42,0.02,0.49,0.73,0.17,0.72,0.07,0.94,0.11,0.02,2.35,0.06,0.06,0.61,0.08,0.62,11.02,0.29,0.83,0.07,0.31,0.84,0.92
2,0.03,0.42,0.02,0.49,0.73,0.17,0.72,0.07,0.94,0.11,0.02,2.35,0.06,0.06,0.61,0.08,0.62,11.02,0.29,0.83,0.07,0.31,0.84,0.92
2,0.03,0.42,0.02,0.49,0.73,0.17,0.72,0.07,0.94,0.11,0.02,2.35,0.06,0.06,0.61,0.08,0.62,11.02,0.29,0.83,0.07,0.31,0.84,0.92
2,0.03,0.42,0.02,0.49,0.73,0.17,0.72,0.07,0.94,0.11,0.02,2.35,0.06,0.06,0.61,0.08,0.62,11.02,0.29,0.83,0.07,0.31,0.84,0.92
2,0.03,0.42,0.02,0.49,0.73,0.17,0.72,0.07,0.94,0.11,0.02,2.35,0.06,0.06,0.61,0.08,0.62,11.02,0.29,0.83,0.07,0.31,0.84,0.92
2,0.03,0.42,0.02,0.49,0.73,0.17,0.72,0.07,0.94,0.11,0.02,2.35,0.06,0.06,0.61,0.08,0.62,11.02,0.29,0.83,0.07,0.31,0.84,0.92
2,0.03,0.42,0.02,0.49,0.73,0.17,0.72,0.07,0.94,0.11,0.02,2.35,0.06,0.06,0.61,0.08,0.62,11.02,0.29,0.83,0.07,0.31,0.84,0.92
2,0.03,0.42,0.02,0.49,0.73,0.17,0.72,0.07,0.94,0.11,0.02,2.35,0.06,0.06,0.61,0.08,0.62,11.02,0.29,0.83,0.07,0.31,0.84,0.92
2,0.03,0.42,0.02,0.49,0.73,0.17,0.72,0.07,0.94,0.11,0.02,2.35,0.06,0.06,0.61,0.08,0.62,11.02,0.29,0.83,0.07,0.31,0.84,0.92
2,0.03,0.42,0.02,0.49,0.73,0.17,0.72,0.07,0.94,0.11,0.02,2.35,0.06,0.06,0.61,0.08,0.62,11.02,0.29,0.83,0.07,0.31,0.84,0.92
2,0.03,0.42,0.02,0.49,0.73,0.17,0.72,0.07,0.94,0.11,0.02,2.35,0.06,0.06,0.61,0.08,0.62,11.02,0.29,0.83,0.07,0.31,0.84,0.92
2,0.03,0.42,0.02,0.49,0.73,0.17,0.72,0.07,0.94,0.11,0.02,2.35,0.06,0.06,0.61,0.08,0.62,11.02,0.29,0.83,0.07,0.31,0.84,0.92
2,0.47,0.41,0.49,0.6,0.74,0.16,0.61,0.27,0.95,0.14,-1.06,0.14,0.1,0.08,10.83,0.12,0.63,4.45,0.39,0.66,0.13,0.39,0.67,0.74
2,0.47,0.41,0.49,0.6,0.74,0.16,0.61,0.27,0.95,0.14,-1.06,0.14,0.1,0.08,10.83,0.12,0.63,4.45,0.39,0.66,0.13,0.39,0.67,0.74
2,0.47,0.41,0.49,0.6,0.74,0.16,0.61,0.27,0.95,0.14,-1.06,0.14,0.1,0.08,10.83,0.12,0.63,4.45,0.39,0.66,0.13,0.39,0.67,0.74
2,0.47,0.41,0.49,0.6,0.74,0.16,0.61,0.27,0.95,0.14,-1.06,0.14,0.1,0.08,10.83,0.12,0.63,4.45,0.39,0.66,0.13,0.39,0.67,0.74
2,0.47,0.41,0.49,0.6,0.74,0.16,0.61,0.27,0.95,0.14,-1.06,0.14,0.1,0.08,10.83,0.12,0.63,4.45,0.39,0.66,0.13,0.39,0.67,0.74
2,0.47,0.41,0.49,0.6,0.74,0.16,0.61,0.27,0.95,0.14,-1.06,0.14,0.1,0.08,10.83,0.12,0.63,4.45,0.39,0.66,0.13,0.39,0.67,0.74
2,0.47,0.41,0.49,0.6,0.74,0.16,0.61,0.27,0.95,0.14,-1.06,0.14,0.1,0.08,10.83,0.12,0.63,4.45,0.39,0.66,0.13,0.39,0.67,0.74
2,0.47,0.41,0.49,0.6,0.74,0.16,0.61,0.27,0.95,0.14,-1.06,0.14,0.1,0.08,10.83,0.12,0.63,4.45,0.39,0.66,0.13,0.39,0.67,0.74
2,0.47,0.41,0.49,0.6,0.74,0.16,0.61,0.27,0.95,0.14,-1.06,0.14,0.1,0.08,10.83,0.12,0.63,4.45,0.39,0.66,0.13,0.39,0.67,0.74
2,0.47,0.41,0.49,0.6,0.74,0.16,0.61,0.27,0.95,0.14,-1.06,0.14,0.1,0.08,10.83,0.12,0.63,4.45,0.39,0.66,0.13,0.39,0.67,0.74
2,0.47,0.41,0.49,0.6,0.74,0.16,0.61,0.27,0.95,0.14,-1.06,0.14,0.1,0.08,10.83,0.12,0.63,4.45,0.39,0.66,0.13,0.39,0.67,0.74
2,0.47,0.41,0.49,0.6,0.74,0.16,0.61,0.27,0.95,0.14,-1.06,0.14,0.1,0.08,10.83,0.12,0.63,4.45,0.39,0.66,0.13,0.39,0.67,0.74
2,0.18,0.46,0.35,0.36,0.44,0.18,0.47,0.3,0.91,0.16,0.69,1.21,0.12,0.1,32.0,0.18,0.42,22.39,0.33,0.62,0.17,0.32,0.59,0.73
2,0.18,0.46,0.35,0.36,0.44,0.18,0.47,0.3,0.91,0.16,0.69,1.21,0.12,0.1,32.0,0.18,0.42,22.39,0.33,0.62,0.17,0.32,0.59,0.73
2,0.18,0.46,0.35,0.36,0.44,0.18,0.47,0.3,0.91,0.16,0.69,1.21,0.12,0.1,32.0,0.18,0.42,22.39,0.33,0.62,0.17,0.32,0.59,0.73
2,0.18,0.46,0.35,0.36,0.44,0.18,0.47,0.3,0.91,0.16,0.69,1.21,0.12,0.1,32.0,0.18,0.42,22.39,0.33,0.62,0.17,0.32,0.59,0.73
2,0.18,0.46,0.35,0.36,0.44,0.18,0.47,0.3,0.91,0.16,0.69,1.21,0.12,0.1,32.0,0.18,0.42,22.39,0.33,0.62,0.17,0.32,0.59,0.73
2,0.18,0.46,0.35,0.36,0.44,0.18,0.47,0.3,0.91,0.16,0.69,1.21,0.12,0.1,32.0,0.18,0.42,22.39,0.33,0.62,0.17,0.32,0.59,0.73
2,0.18,0.46,0.35,0.36,0.44,0.18,0.47,0.3,0.91,0.16,0.69,1.21,0.12,0.1,32.0,0.18,0.42,22.39,0.33,0.62,0.17,0.32,0.59,0.73
2,0.18,0.46,0.35,0.36,0.44,0.18,0.47,0.3,0.91,0.16,0.69,1.21,0.12,0.1,32.0,0.18,0.42,22.39,0.33,0.62,0.17,0.32,0.59,0.73
2,0.18,0.46,0.35,0.36,0.44,0.18,0.47,0.3,0.91,0.16,0.69,1.21,0.12,0.1,32.0,0.18,0.42,22.39,0.33,0.62,0.17,0.32,0.59,0.73
2,0.18,0.46,0.35,0.36,0.44,0.18,0.47,0.3,0.91,0.16,0.69,1.21,0.12,0.1,32.0,0.18,0.42,22.39,0.33,0.62,0.17,0.32,0.59,0.73
2,0.18,0.46,0.35,0.36,0.44,0.18,0.47,0.3,0.91,0.16,0.69,1.21,0.12,0.1,32.0,0.18,0.42,22.39,0.33,0.62,0.17,0.32,0.59,0.73
2,0.18,0.46,0.35,0.36,0.44,0.18,0.47,0.3,0.91,0.16,0.69,1.21,0.12,0.1,32.0,0.18,0.42,22.39,0.33,0.62,0.17,0.32,0.59,0.73
2,0.44,0.36,0.14,0.31,0.41,0.14,0.71,0.15,0.94,0.14,0.38,1.74,0.18,0.18,1.79,0.15,0.39,11.17,0.28,0.88,0.12,0.26,0.87,0.9
2,0.44,0.36,0.14,0.31,0.41,0.14,0.71,0.15,0.94,0.14,0.38,1.74,0.18,0.18,1.79,0.15,0.39,11.17,0.28,0.88,0.12,0.26,0.87,0.9
2,0.44,0.36,0.14,0.31,0.41,0.14,0.71,0.15,0.94,0.14,0.38,1.74,0.18,0.18,1.79,0.15,0.39,11.17,0.28,0.88,0.12,0.26,0.87,0.9
2,0.44,0.36,0.14,0.31,0.41,0.14,0.71,0.15,0.94,0.14,0.38,1.74,0.18,0.18,1.79,0.15,0.39,11.17,0.28,0.88,0.12,0.26,0.87,0.9
2,0.44,0.36,0.14,0.31,0.41,0.14,0.71,0.15,0.94,0.14,0.38,1.74,0.18,0.18,1.79,0.15,0.39,11.17,0.28,0.88,0.12,0.26,0.87,0.9
2,0.44,0.36,0.14,0.31,0.41,0.14,0.71,0.15,0.94,0.14,0.38,1.74,0.18,0.18,1.79,0.15,0.39,11.17,0.28,0.88,0.12,0.26,0.87,0.9
2,0.44,0.36,0.14,0.31,0.41,0.14,0.71,0.15,0.94,0.14,0.38,1.74,0.18,0.18,1.79,0.15,0.39,11.17,0.28,0.88,0.12,0.26,0.87,0.9
2,0.44,0.36,0.14,0.31,0.41,0.14,0.71,0.15,0.94,0.14,0.38,1.74,0.18,0.18,1.79,0.15,0.39,11.17,0.28,0.88,0.12,0.26,0.87,0.9
2,0.44,0.36,0.14,0.31,0.41,0.14,0.71,0.15,0.94,0.14,0.38,1.74,0.18,0.18,1.79,0.15,0.39,11.17,0.28,0.88,0.12,0.26,0.87,0.9
2,0.44,0.36,0.14,0.31,0.41,0.14,0.71,0.15,0.94,0.14,0.38,1.74,0.18,0.18,1.79,0.15,0.39,11.17,0.28,0.88,0.12,0.26,0.87,0.9
2,0.44,0.36,0.14,0.31,0.41,0.14,0.71,0.15,0.94,0.14,0.38,1.74,0.18,0.18,1.79,0.15,0.39,11.17,0.28,0.88,0.12,0.26,0.87,0.9
2,0.44,0.36,0.14,0.31,0.41,0.14,0.71,0.15,0.94,0.14,0.38,1.74,0.18,0.18,1.79,0.15,0.39,11.17,0.28,0.88,0.12,0.26,0.87,0.9
2,0.03,0.46,0.03,0.42,0.57,0.16,0.56,0.08,0.95,0.11,-1.11,0.38,0.12,0.13,2.34,0.14,0.44,3.64,0.37,0.71,0.16,0.36,0.7,0.87
2,0.03,0.46,0.03,0.42,0.57,0.16,0.56,0.08,0.95,0.11,-1.11,0.38,0.12,0.13,2.34,0.14,0.44,3.64,0.37,0.71,0.16,0.36,0.7,0.87
2,0.03,0.46,0.03,0.42,0.57,0.16,0.56,0.08,0.95,0.11,-1.11,0.38,0.12,0.13,2.34,0.14,0.44,3.64,0.37,0.71,0.16,0.36,0.7,0.87
2,0.03,0.46,0.03,0.42,0.57,0.16,0.56,0.08,0.95,0.11,-1.11,0.38,0.12,0.13,2.34,0.14,0.44,3.64,0.37,0.71,0.16,0.36,0.7,0.87
2,0.03,0.46,0.03,0.42,0.57,0.16,0.56,0.08,0.95,0.11,-1.11,0.38,0.12,0.13,2.34,0.14,0.44,3.64,0.37,0.71,0.16,0.36,0.7,0.87
2,0.03,0.46,0.03,0.42,0.57,0.16,0.56,0.08,0.95,0.11,-1.11,0.38,0.12,0.13,2.34,0.14,0.44,3.64,0.37,0.71,0.16,0.36,0.7,0.87
2,0.03,0.46,0.03,0.42,0.57,0.16,0.56,0.08,0.95,0.11,-1.11,0.38,0.12,0.13,2.34,0.14,0.44,3.64,0.37,0.71,0.16,0.36,0.7,0.87
2,0.03,0.46,0.03,0.42,0.57,0.16,0.56,0.08,0.95,0.11,-1.11,0.38,0.12,0.13,2.34,0.14,0.44,3.64,0.37,0.71,0.16,0.36,0.7,0.87
2,0.03,0.46,0.03,0.42,0.57,0.16,0.56,0.08,0.95,0.11,-1.11,0.38,0.12,0.13,2.34,0.14,0.44,3.64,0.37,0.71,0.16,0.36,0.7,0.87
2,0.03,0.46,0.03,0.42,0.57,0.16,0.56,0.08,0.95,0.11,-1.11,0.38,0.12,0.13,2.34,0.14,0.44,3.64,0.37,0.71,0.16,0.36,0.7,0.87
2,0.03,0.46,0.03,0.42,0.57,0.16,0.56,0.08,0.95,0.11,-1.11,0.38,0.12,0.13,2.34,0.14,0.44,3.64,0.37,0.71,0.16,0.36,0.7,0.87
2,0.03,0.46,0.03,0.42,0.57,0.16,0.56,0.08,0.95,0.11,-1.11,0.38,0.12,0.13,2.34,0.14,0.44,3.64,0.37,0.71,0.16,0.36,0.7,0.87
2,0.06,0.59,0.09,0.57,0.58,0.1,0.81,0.09,0.97,0.16,-0.53,0.19,0.24,0.24,20.15,0.18,0.62,58.97,0.28,0.9,0.14,0.24,0.88,0.95
2,0.06,0.59,0.09,0.57,0.58,0.1,0.81,0.09,0.97,0.16,-0.53,0.19,0.24,0.24,20.15,0.18,0.62,58.97,0.28,0.9,0.14,0.24,0.88,0.95
2,0.06,0.59,0.09,0.57,0.58,0.1,0.81,0.09,0.97,0.16,-0.53,0.19,0.24,0.24,20.15,0.18,0.62,58.97,0.28,0.9,0.14,0.24,0.88,0.95
2,0.06,0.59,0.09,0.57,0.58,0.1,0.81,0.09,0.97,0.16,-0.53,0.19,0.24,0.24,20.15,0.18,0.62,58.97,0.28,0.9,0.14,0.24,0.88,0.95
2,0.06,0.59,0.09,0.57,0.58,0.1,0.81,0.09,0.97,0.16,-0.53,0.19,0.24,0.24,20.15,0.18,0.62,58.97,0.28,0.9,0.14,0.24,0.88,0.95
2,0.06,0.59,0.09,0.57,0.58,0.1,0.81,0.09,0.97,0.16,-0.53,0.19,0.24,0.24,20.15,0.18,0.62,58.97,0.28,0.9,0.14,0.24,0.88,0.95
2,0.06,0.59,0.09,0.57,0.58,0.1,0.81,0.09,0.97,0.16,-0.53,0.19,0.24,0.24,20.15,0.18,0.62,58.97,0.28,0.9,0.14,0.24,0.88,0.95
2,0.06,0.59,0.09,0.57,0.58,0.1,0.81,0.09,0.97,0.16,-0.53,0.19,0.24,0.24,20.15,0.18,0.62,58.97,0.28,0.9,0.14,0.24,0.88,0.95
2,0.06,0.59,0.09,0.57,0.58,0.1,0.81,0.09,0.97,0.16,-0.53,0.19,0.24,0.24,20.15,0.18,0.62,58.97,0.28,0.9,0.14,0.24,0.88,0.95
2,0.06,0.59,0.09,0.57,0.58,0.1,0.81,0.09,0.97,0.16,-0.53,0.19,0.24,0.24,20.15,0.18,0.62,58.97,0.28,0.9,0.14,0.24,0.88,0.95
2,0.06,0.59,0.09,0.57,0.58,0.1,0.81,0.09,0.97,0.16,-0.53,0.19,0.24,0.24,20.15,0.18,0.62,58.97,0.28,0.9,0.14,0.24,0.88,0.95
2,0.06,0.59,0.09,0.57,0.58,0.1,0.81,0.09,0.97,0.16,-0.53,0.19,0.24,0.24,20.15,0.18,0.62,58.97,0.28,0.9,0.14,0.24,0.88,0.95
2,0.09,0.52,0.04,0.53,0.45,0.11,0.57,0.2,0.94,0.12,0.15,-0.16,0.22,0.2,0.77,0.15,0.43,5.23,0.33,0.72,0.11,0.28,0.65,0.79
2,0.09,0.52,0.04,0.53,0.45,0.11,0.57,0.2,0.94,0.12,0.15,-0.16,0.22,0.2,0.77,0.15,0.43,5.23,0.33,0.72,0.11,0.28,0.65,0.79
2,0.09,0.52,0.04,0.53,0.45,0.11,0.57,0.2,0.94,0.12,0.15,-0.16,0.22,0.2,0.77,0.15,0.43,5.23,0.33,0.72,0.11,0.28,0.65,0.79
2,0.09,0.52,0.04,0.53,0.45,0.11,0.57,0.2,0.94,0.12,0.15,-0.16,0.22,0.2,0.77,0.15,0.43,5.23,0.33,0.72,0.11,0.28,0.65,0.79
2,0.09,0.52,0.04,0.53,0.45,0.11,0.57,0.2,0.94,0.12,0.15,-0.16,0.22,0.2,0.77,0.15,0.43,5.23,0.33,0.72,0.11,0.28,0.65,0.79
2,0.09,0.52,0.04,0.53,0.45,0.11,0.57,0.2,0.94,0.12,0.15,-0.16,0.22,0.2,0.77,0.15,0.43,5.23,0.33,0.72,0.11,0.28,0.65,0.79
2,0.09,0.52,0.04,0.53,0.45,0.11,0.57,0.2,0.94,0.12,0.15,-0.16,0.22,0.2,0.77,0.15,0.43,5.23,0.33,0.72,0.11,0.28,0.65,0.79
2,0.09,0.52,0.04,0.53,0.45,0.11,0.57,0.2,0.94,0.12,0.15,-0.16,0.22,0.2,0.77,0.15,0.43,5.23,0.33,0.72,0.11,0.28,0.65,0.79
2,0.09,0.52,0.04,0.53,0.45,0.11,0.57,0.2,0.94,0.12,0.15,-0.16,0.22,0.2,0.77,0.15,0.43,5.23,0.33,0.72,0.11,0.28,0.65,0.79
2,0.09,0.52,0.04,0.53,0.45,0.11,0.57,0.2,0.94,0.12,0.15,-0.16,0.22,0.2,0.77,0.15,0.43,5.23,0.33,0.72,0.11,0.28,0.65,0.79
2,0.09,0.52,0.04,0.53,0.45,0.11,0.57,0.2,0.94,0.12,0.15,-0.16,0.22,0.2,0.77,0.15,0.43,5.23,0.33,0.72,0.11,0.28,0.65,0.79
2,0.09,0.52,0.04,0.53,0.45,0.11,0.57,0.2,0.94,0.12,0.15,-0.16,0.22,0.2,0.77,0.15,0.43,5.23,0.33,0.72,0.11,0.28,0.65,0.79
2,0.19,0.29,0.32,0.37,0.63,0.1,0.53,0.64,0.81,0.09,-0.94,-0.15,0.27,0.26,13.62,0.08,0.29,5.08,0.28,0.65,0.18,0.27,0.63,0.75
2,0.19,0.29,0.32,0.37,0.63,0.1,0.53,0.64,0.81,0.09,-0.94,-0.15,0.27,0.26,13.62,0.08,0.29,5.08,0.28,0.65,0.18,0.27,0.63,0.75
2,0.19,0.29,0.32,0.37,0.63,0.1,0.53,0.64,0.81,0.09,-0.94,-0.15,0.27,0.26,13.62,0.08,0.29,5.08,0.28,0.65,0.18,0.27,0.63,0.75
2,0.19,0.29,0.32,0.37,0.63,0.1,0.53,0.64,0.81,0.09,-0.94,-0.15,0.27,0.26,13.62,0.08,0.29,5.08,0.28,0.65,0.18,0.27,0.63,0.75
2,0.19,0.29,0.32,0.37,0.63,0.1,0.53,0.64,0.81,0.09,-0.94,-0.15,0.27,0.26,13.62,0.08,0.29,5.08,0.28,0.65,0.18,0.27,0.63,0.75
2,0.19,0.29,0.32,0.37,0.63,0.1,0.53,0.64,0.81,0.09,-0.94,-0.15,0.27,0.26,13.62,0.08,0.29,5.08,0.28,0.65,0.18,0.27,0.63,0.75
2,0.19,0.29,0.32,0.37,0.63,0.1,0.53,0.64,0.81,0.09,-0.94,-0.15,0.27,0.26,13.62,0.08,0.29,5.08,0.28,0.65,0.18,0.27,0.63,0.75
2,0.19,0.29,0.32,0.37,0.63,0.1,0.53,0.64,0.81,0.09,-0.94,-0.15,0.27,0.26,13.62,0.08,0.29,5.08,0.28,0.65,0.18,0.27,0.63,0.75
2,0.19,0.29,0.32,0.37,0.63,0.1,0.53,0.64,0.81,0.09,-0.94,-0.15,0.27,0.26,13.62,0.08,0.29,5.08,0.28,0.65,0.18,0.27,0.63,0.75
2,0.19,0.29,0.32,0.37,0.63,0.1,0.53,0.64,0.81,0.09,-0.94,-0.15,0.27,0.26,13.62,0.08,0.29,5.08,0.28,0.65,0.18,0.27,0.63,0.75
2,0.19,0.29,0.32,0.37,0.63,0.1,0.53,0.64,0.81,0.09,-0.94,-0.15,0.27,0.26,13.62,0.08,0.29,5.08,0.28,0.65,0.18,0.27,0.63,0.75
2,0.19,0.29,0.32,0.37,0.63,0.1,0.53,0.64,0.81,0.09,-0.94,-0.15,0.27,0.26,13.62,0.08,0.29,5.08,0.28,0.65,0.18,0.27,0.63,0.75
2,0.02,0.33,0.04,0.38,0.44,0.18,0.65,0.15,0.96,0.13,0.48,1.16,0.14,0.14,1.72,0.14,0.58,3.12,0.43,0.55,0.19,0.42,0.54,0.66
2,0.02,0.33,0.04,0.38,0.44,0.18,0.65,0.15,0.96,0.13,0.48,1.16,0.14,0.14,1.72,0.14,0.58,3.12,0.43,0.55,0.19,0.42,0.54,0.66
2,0.02,0.33,0.04,0.38,0.44,0.18,0.65,0.15,0.96,0.13,0.48,1.16,0.14,0.14,1.72,0.14,0.58,3.12,0.43,0.55,0.19,0.42,0.54,0.66
2,0.02,0.33,0.04,0.38,0.44,0.18,0.65,0.15,0.96,0.13,0.48,1.16,0.14,0.14,1.72,0.14,0.58,3.12,0.43,0.55,0.19,0.42,0.54,0.66
2,0.02,0.33,0.04,0.38,0.44,0.18,0.65,0.15,0.96,0.13,0.48,1.16,0.14,0.14,1.72,0.14,0.58,3.12,0.43,0.55,0.19,0.42,0.54,0.66
2,0.02,0.33,0.04,0.38,0.44,0.18,0.65,0.15,0.96,0.13,0.48,1.16,0.14,0.14,1.72,0.14,0.58,3.12,0.43,0.55,0.19,0.42,0.54,0.66
2,0.02,0.33,0.04,0.38,0.44,0.18,0.65,0.15,0.96,0.13,0.48,1.16,0.14,0.14,1.72,0.14,0.58,3.12,0.43,0.55,0.19,0.42,0.54,0.66
2,0.02,0.33,0.04,0.38,0.44,0.18,0.65,0.15,0.96,0.13,0.48,1.16,0.14,0.14,1.72,0.14,0.58,3.12,0.43,0.55,0.19,0.42,0.54,0.66
2,0.02,0.33,0.04,0.38,0.44,0.18,0.65,0.15,0.96,0.13,0.48,1.16,0.14,0.14,1.72,0.14,0.58,3.12,0.43,0.55,0.19,0.42,0.54,0.66
2,0.02,0.33,0.04,0.38,0.44,0.18,0.65,0.15,0.96,0.13,0.48,1.16,0.14,0.14,1.72,0.14,0.58,3.12,0.43,0.55,0.19,0.42,0.54,0.66
2,0.02,0.33,0.04,0.38,0.44,0.18,0.65,0.15,0.96,0.13,0.48,1.16,0.14,0.14,1.72,0.14,0.58,3.12,0.43,0.55,0.19,0.42,0.54,0.66
2,0.02,0.33,0.04,0.38,0.44,0.18,0.65,0.15,0.96,0.13,0.48,1.16,0.14,0.14,1.72,0.14,0.58,3.12,0.43,0.55,0.19,0.42,0.54,0.66
2,0.05,0.61,0.05,0.52,0.4,0.12,0.74,0.16,0.95,0.18,-0.36,-1.21,0.2,0.2,12.99,0.17,0.49,12.53,0.34,0.74,0.15,0.3,0.71,0.83
2,0.05,0.61,0.05,0.52,0.4,0.12,0.74,0.16,0.95,0.18,-0.36,-1.21,0.2,0.2,12.99,0.17,0.49,12.53,0.34,0.74,0.15,0.3,0.71,0.83
2,0.05,0.61,0.05,0.52,0.4,0.12,0.74,0.16,0.95,0.18,-0.36,-1.21,0.2,0.2,12.99,0.17,0.49,12.53,0.34,0.74,0.15,0.3,0.71,0.83
2,0.05,0.61,0.05,0.52,0.4,0.12,0.74,0.16,0.95,0.18,-0.36,-1.21,0.2,0.2,12.99,0.17,0.49,12.53,0.34,0.74,0.15,0.3,0.71,0.83
2,0.05,0.61,0.05,0.52,0.4,0.12,0.74,0.16,0.95,0.18,-0.36,-1.21,0.2,0.2,12.99,0.17,0.49,12.53,0.34,0.74,0.15,0.3,0.71,0.83
2,0.05,0.61,0.05,0.52,0.4,0.12,0.74,0.16,0.95,0.18,-0.36,-1.21,0.2,0.2,12.99,0.17,0.49,12.53,0.34,0.74,0.15,0.3,0.71,0.83
2,0.05,0.61,0.05,0.52,0.4,0.12,0.74,0.16,0.95,0.18,-0.36,-1.21,0.2,0.2,12.99,0.17,0.49,12.53,0.34,0.74,0.15,0.3,0.71,0.83
2,0.05,0.61,0.05,0.52,0.4,0.12,0.74,0.16,0.95,0.18,-0.36,-1.21,0.2,0.2,12.99,0.17,0.49,12.53,0.34,0.74,0.15,0.3,0.71,0.83
2,0.05,0.61,0.05,0.52,0.4,0.12,0.74,0.16,0.95,0.18,-0.36,-1.21,0.2,0.2,12.99,0.17,0.49,12.53,0.34,0.74,0.15,0.3,0.71,0.83
2,0.05,0.61,0.05,0.52,0.4,0.12,0.74,0.16,0.95,0.18,-0.36,-1.21,0.2,0.2,12.99,0.17,0.49,12.53,0.34,0.74,0.15,0.3,0.71,0.83
2,0.05,0.61,0.05,0.52,0.4,0.12,0.74,0.16,0.95,0.18,-0.36,-1.21,0.2,0.2,12.99,0.17,0.49,12.53,0.34,0.74,0.15,0.3,0.71,0.83
2,0.05,0.61,0.05,0.52,0.4,0.12,0.74,0.16,0.95,0.18,-0.36,-1.21,0.2,0.2,12.99,0.17,0.49,12.53,0.34,0.74,0.15,0.3,0.71,0.83
2,0.25,0.66,0.42,0.64,0.35,0.12,0.64,0.16,0.96,0.12,0.69,-0.27,0.22,0.23,15.82,0.25,0.51,12.08,0.28,0.88,0.2,0.27,0.87,0.94
2,0.25,0.66,0.42,0.64,0.35,0.12,0.64,0.16,0.96,0.12,0.69,-0.27,0.22,0.23,15.82,0.25,0.51,12.08,0.28,0.88,0.2,0.27,0.87,0.94
2,0.25,0.66,0.42,0.64,0.35,0.12,0.64,0.16,0.96,0.12,0.69,-0.27,0.22,0.23,15.82,0.25,0.51,12.08,0.28,0.88,0.2,0.27,0.87,0.94
2,0.25,0.66,0.42,0.64,0.35,0.12,0.64,0.16,0.96,0.12,0.69,-0.27,0.22,0.23,15.82,0.25,0.51,12.08,0.28,0.88,0.2,0.27,0.87,0.94
2,0.25,0.66,0.42,0.64,0.35,0.12,0.64,0.16,0.96,0.12,0.69,-0.27,0.22,0.23,15.82,0.25,0.51,12.08,0.28,0.88,0.2,0.27,0.87,0.94
2,0.25,0.66,0.42,0.64,0.35,0.12,0.64,0.16,0.96,0.12,0.69,-0.27,0.22,0.23,15.82,0.25,0.51,12.08,0.28,0.88,0.2,0.27,0.87,0.94
2,0.25,0.66,0.42,0.64,0.35,0.12,0.64,0.16,0.96,0.12,0.69,-0.27,0.22,0.23,15.82,0.25,0.51,12.08,0.28,0.88,0.2,0.27,0.87,0.94
2,0.25,0.66,0.42,0.64,0.35,0.12,0.64,0.16,0.96,0.12,0.69,-0.27,0.22,0.23,15.82,0.25,0.51,12.08,0.28,0.88,0.2,0.27,0.87,0.94
2,0.25,0.66,0.42,0.64,0.35,0.12,0.64,0.16,0.96,0.12,0.69,-0.27,0.22,0.23,15.82,0.25,0.51,12.08,0.28,0.88,0.2,0.27,0.87,0.94
2,0.25,0.66,0.42,0.64,0.35,0.12,0.64,0.16,0.96,0.12,0.69,-0.27,0.22,0.23,15.82,0.25,0.51,12.08,0.28,0.88,0.2,0.27,0.87,0.94
2,0.25,0.66,0.42,0.64,0.35,0.12,0.64,0.16,0.96,0.12,0.69,-0.27,0.22,0.23,15.82,0.25,0.51,12.08,0.28,0.88,0.2,0.27,0.87,0.94
2,0.25,0.66,0.42,0.64,0.35,0.12,0.64,0.16,0.96,0.12,0.69,-0.27,0.22,0.23,15.82,0.25,0.51,12.08,0.28,0.88,0.2,0.27,0.87,0.94
2,0.19,0.37,0.37,0.43,0.49,0.09,0.69,0.11,0.95,0.13,0.15,0.69,0.17,0.14,3.15,0.13,0.34,3.33,0.24,0.88,0.11,0.23,0.87,0.92
2,0.19,0.37,0.37,0.43,0.49,0.09,0.69,0.11,0.95,0.13,0.15,0.69,0.17,0.14,3.15,0.13,0.34,3.33,0.24,0.88,0.11,0.23,0.87,0.92
2,0.19,0.37,0.37,0.43,0.49,0.09,0.69,0.11,0.95,0.13,0.15,0.69,0.17,0.14,3.15,0.13,0.34,3.33,0.24,0.88,0.11,0.23,0.87,0.92
2,0.19,0.37,0.37,0.43,0.49,0.09,0.69,0.11,0.95,0.13,0.15,0.69,0.17,0.14,3.15,0.13,0.34,3.33,0.24,0.88,0.11,0.23,0.87,0.92
2,0.19,0.37,0.37,0.43,0.49,0.09,0.69,0.11,0.95,0.13,0.15,0.69,0.17,0.14,3.15,0.13,0.34,3.33,0.24,0.88,0.11,0.23,0.87,0.92
2,0.19,0.37,0.37,0.43,0.49,0.09,0.69,0.11,0.95,0.13,0.15,0.69,0.17,0.14,3.15,0.13,0.34,3.33,0.24,0.88,0.11,0.23,0.87,0.92
2,0.19,0.37,0.37,0.43,0.49,0.09,0.69,0.11,0.95,0.13,0.15,0.69,0.17,0.14,3.15,0.13,0.34,3.33,0.24,0.88,0.11,0.23,0.87,0.92
2,0.19,0.37,0.37,0.43,0.49,0.09,0.69,0.11,0.95,0.13,0.15,0.69,0.17,0.14,3.15,0.13,0.34,3.33,0.24,0.88,0.11,0.23,0.87,0.92
2,0.19,0.37,0.37,0.43,0.49,0.09,0.69,0.11,0.95,0.13,0.15,0.69,0.17,0.14,3.15,0.13,0.34,3.33,0.24,0.88,0.11,0.23,0.87,0.92
2,0.19,0.37,0.37,0.43,0.49,0.09,0.69,0.11,0.95,0.13,0.15,0.69,0.17,0.14,3.15,0.13,0.34,3.33,0.24,0.88,0.11,0.23,0.87,0.92
2,0.19,0.37,0.37,0.43,0.49,0.09,0.69,0.11,0.95,0.13,0.15,0.69,0.17,0.14,3.15,0.13,0.34,3.33,0.24,0.88,0.11,0.23,0.87,0.92
2,0.19,0.37,0.37,0.43,0.49,0.09,0.69,0.11,0.95,0.13,0.15,0.69,0.17,0.14,3.15,0.13,0.34,3.33,0.24,0.88,0.11,0.23,0.87,0.92
2,0.04,0.4,0.07,0.35,0.36,0.2,0.74,0.22,0.91,0.17,0.75,1.41,0.1,0.1,1.3,0.16,0.26,13.5,0.23,0.91,0.12,0.21,0.9,0.93
2,0.04,0.4,0.07,0.35,0.36,0.2,0.74,0.22,0.91,0.17,0.75,1.41,0.1,0.1,1.3,0.16,0.26,13.5,0.23,0.91,0.12,0.21,0.9,0.93
2,0.04,0.4,0.07,0.35,0.36,0.2,0.74,0.22,0.91,0.17,0.75,1.41,0.1,0.1,1.3,0.16,0.26,13.5,0.23,0.91,0.12,0.21,0.9,0.93
2,0.04,0.4,0.07,0.35,0.36,0.2,0.74,0.22,0.91,0.17,0.75,1.41,0.1,0.1,1.3,0.16,0.26,13.5,0.23,0.91,0.12,0.21,0.9,0.93
2,0.04,0.4,0.07,0.35,0.36,0.2,0.74,0.22,0.91,0.17,0.75,1.41,0.1,0.1,1.3,0.16,0.26,13.5,0.23,0.91,0.12,0.21,0.9,0.93
2,0.04,0.4,0.07,0.35,0.36,0.2,0.74,0.22,0.91,0.17,0.75,1.41,0.1,0.1,1.3,0.16,0.26,13.5,0.23,0.91,0.12,0.21,0.9,0.93
2,0.04,0.4,0.07,0.35,0.36,0.2,0.74,0.22,0.91,0.17,0.75,1.41,0.1,0.1,1.3,0.16,0.26,13.5,0.23,0.91,0.12,0.21,0.9,0.93
2,0.04,0.4,0.07,0.35,0.36,0.2,0.74,0.22,0.91,0.17,0.75,1.41,0.1,0.1,1.3,0.16,0.26,13.5,0.23,0.91,0.12,0.21,0.9,0.93
2,0.04,0.4,0.07,0.35,0.36,0.2,0.74,0.22,0.91,0.17,0.75,1.41,0.1,0.1,1.3,0.16,0.26,13.5,0.23,0.91,0.12,0.21,0.9,0.93
2,0.04,0.4,0.07,0.35,0.36,0.2,0.74,0.22,0.91,0.17,0.75,1.41,0.1,0.1,1.3,0.16,0.26,13.5,0.23,0.91,0.12,0.21,0.9,0.93
2,0.04,0.4,0.07,0.35,0.36,0.2,0.74,0.22,0.91,0.17,0.75,1.41,0.1,0.1,1.3,0.16,0.26,13.5,0.23,0.91,0.12,0.21,0.9,0.93
2,0.04,0.4,0.07,0.35,0.36,0.2,0.74,0.22,0.91,0.17,0.75,1.41,0.1,0.1,1.3,0.16,0.26,13.5,0.23,0.91,0.12,0.21,0.9,0.93
2,0.05,0.41,0.08,0.37,0.48,0.17,0.77,0.26,0.93,0.17,0.76,0.94,0.23,0.2,1.72,0.31,0.48,12.74,0.35,0.78,0.11,0.31,0.76,0.84
2,0.05,0.41,0.08,0.37,0.48,0.17,0.77,0.26,0.93,0.17,0.76,0.94,0.23,0.2,1.72,0.31,0.48,12.74,0.35,0.78,0.11,0.31,0.76,0.84
2,0.05,0.41,0.08,0.37,0.48,0.17,0.77,0.26,0.93,0.17,0.76,0.94,0.23,0.2,1.72,0.31,0.48,12.74,0.35,0.78,0.11,0.31,0.76,0.84
2,0.05,0.41,0.08,0.37,0.48,0.17,0.77,0.26,0.93,0.17,0.76,0.94,0.23,0.2,1.72,0.31,0.48,12.74,0.35,0.78,0.11,0.31,0.76,0.84
2,0.05,0.41,0.08,0.37,0.48,0.17,0.77,0.26,0.93,0.17,0.76,0.94,0.23,0.2,1.72,0.31,0.48,12.74,0.35,0.78,0.11,0.31,0.76,0.84
2,0.05,0.41,0.08,0.37,0.48,0.17,0.77,0.26,0.93,0.17,0.76,0.94,0.23,0.2,1.72,0.31,0.48,12.74,0.35,0.78,0.11,0.31,0.76,0.84
2,0.05,0.41,0.08,0.37,0.48,0.17,0.77,0.26,0.93,0.17,0.76,0.94,0.23,0.2,1.72,0.31,0.48,12.74,0.35,0.78,0.11,0.31,0.76,0.84
2,0.05,0.41,0.08,0.37,0.48,0.17,0.77,0.26,0.93,0.17,0.76,0.94,0.23,0.2,1.72,0.31,0.48,12.74,0.35,0.78,0.11,0.31,0.76,0.84
2,0.05,0.41,0.08,0.37,0.48,0.17,0.77,0.26,0.93,0.17,0.76,0.94,0.23,0.2,1.72,0.31,0.48,12.74,0.35,0.78,0.11,0.31,0.76,0.84
2,0.05,0.41,0.08,0.37,0.48,0.17,0.77,0.26,0.93,0.17,0.76,0.94,0.23,0.2,1.72,0.31,0.48,12.74,0.35,0.78,0.11,0.31,0.76,0.84
2,0.05,0.41,0.08,0.37,0.48,0.17,0.77,0.26,0.93,0.17,0.76,0.94,0.23,0.2,1.72,0.31,0.48,12.74,0.35,0.78,0.11,0.31,0.76,0.84
2,0.05,0.41,0.08,0.37,0.48,0.17,0.77,0.26,0.93,0.17,0.76,0.94,0.23,0.2,1.72,0.31,0.48,12.74,0.35,0.78,0.11,0.31,0.76,0.84
2,0.47,0.51,0.15,0.58,0.54,0.15,0.89,0.03,0.97,0.1,0.57,0.4,0.11,0.09,2.47,0.12,0.51,0.89,0.22,0.92,0.12,0.21,0.92,0.95
2,0.47,0.51,0.15,0.58,0.54,0.15,0.89,0.03,0.97,0.1,0.57,0.4,0.11,0.09,2.47,0.12,0.51,0.89,0.22,0.92,0.12,0.21,0.92,0.95
2,0.47,0.51,0.15,0.58,0.54,0.15,0.89,0.03,0.97,0.1,0.57,0.4,0.11,0.09,2.47,0.12,0.51,0.89,0.22,0.92,0.12,0.21,0.92,0.95
2,0.47,0.51,0.15,0.58,0.54,0.15,0.89,0.03,0.97,0.1,0.57,0.4,0.11,0.09,2.47,0.12,0.51,0.89,0.22,0.92,0.12,0.21,0.92,0.95
2,0.47,0.51,0.15,0.58,0.54,0.15,0.89,0.03,0.97,0.1,0.57,0.4,0.11,0.09,2.47,0.12,0.51,0.89,0.22,0.92,0.12,0.21,0.92,0.95
2,0.47,0.51,0.15,0.58,0.54,0.15,0.89,0.03,0.97,0.1,0.57,0.4,0.11,0.09,2.47,0.12,0.51,0.89,0.22,0.92,0.12,0.21,0.92,0.95
2,0.47,0.51,0.15,0.58,0.54,0.15,0.89,0.03,0.97,0.1,0.57,0.4,0.11,0.09,2.47,0.12,0.51,0.89,0.22,0.92,0.12,0.21,0.92,0.95
2,0.47,0.51,0.15,0.58,0.54,0.15,0.89,0.03,0.97,0.1,0.57,0.4,0.11,0.09,2.47,0.12,0.51,0.89,0.22,0.92,0.12,0.21,0.92,0.95
2,0.47,0.51,0.15,0.58,0.54,0.15,0.89,0.03,0.97,0.1,0.57,0.4,0.11,0.09,2.47,0.12,0.51,0.89,0.22,0.92,0.12,0.21,0.92,0.95
2,0.47,0.51,0.15,0.58,0.54,0.15,0.89,0.03,0.97,0.1,0.57,0.4,0.11,0.09,2.47,0.12,0.51,0.89,0.22,0.92,0.12,0.21,0.92,0.95
2,0.47,0.51,0.15,0.58,0.54,0.15,0.89,0.03,0.97,0.1,0.57,0.4,0.11,0.09,2.47,0.12,0.51,0.89,0.22,0.92,0.12,0.21,0.92,0.95
2,0.47,0.51,0.15,0.58,0.54,0.15,0.89,0.03,0.97,0.1,0.57,0.4,0.11,0.09,2.47,0.12,0.51,0.89,0.22,0.92,0.12,0.21,0.92,0.95
2,0.3,0.51,0.4,0.5,0.35,0.19,0.59,0.29,0.93,0.18,0.71,0.25,0.22,0.22,20.13,0.13,0.37,14.13,0.32,0.79,0.15,0.3,0.78,0.85
2,0.3,0.51,0.4,0.5,0.35,0.19,0.59,0.29,0.93,0.18,0.71,0.25,0.22,0.22,20.13,0.13,0.37,14.13,0.32,0.79,0.15,0.3,0.78,0.85
2,0.3,0.51,0.4,0.5,0.35,0.19,0.59,0.29,0.93,0.18,0.71,0.25,0.22,0.22,20.13,0.13,0.37,14.13,0.32,0.79,0.15,0.3,0.78,0.85
2,0.3,0.51,0.4,0.5,0.35,0.19,0.59,0.29,0.93,0.18,0.71,0.25,0.22,0.22,20.13,0.13,0.37,14.13,0.32,0.79,0.15,0.3,0.78,0.85
2,0.3,0.51,0.4,0.5,0.35,0.19,0.59,0.29,0.93,0.18,0.71,0.25,0.22,0.22,20.13,0.13,0.37,14.13,0.32,0.79,0.15,0.3,0.78,0.85
2,0.3,0.51,0.4,0.5,0.35,0.19,0.59,0.29,0.93,0.18,0.71,0.25,0.22,0.22,20.13,0.13,0.37,14.13,0.32,0.79,0.15,0.3,0.78,0.85
2,0.3,0.51,0.4,0.5,0.35,0.19,0.59,0.29,0.93,0.18,0.71,0.25,0.22,0.22,20.13,0.13,0.37,14.13,0.32,0.79,0.15,0.3,0.78,0.85
2,0.3,0.51,0.4,0.5,0.35,0.19,0.59,0.29,0.93,0.18,0.71,0.25,0.22,0.22,20.13,0.13,0.37,14.13,0.32,0.79,0.15,0.3,0.78,0.85
2,0.3,0.51,0.4,0.5,0.35,0.19,0.59,0.29,0.93,0.18,0.71,0.25,0.22,0.22,20.13,0.13,0.37,14.13,0.32,0.79,0.15,0.3,0.78,0.85
2,0.3,0.51,0.4,0.5,0.35,0.19,0.59,0.29,0.93,0.18,0.71,0.25,0.22,0.22,20.13,0.13,0.37,14.13,0.32,0.79,0.15,0.3,0.78,0.85
2,0.3,0.51,0.4,0.5,0.35,0.19,0.59,0.29,0.93,0.18,0.71,0.25,0.22,0.22,20.13,0.13,0.37,14.13,0.32,0.79,0.15,0.3,0.78,0.85
2,0.3,0.51,0.4,0.5,0.35,0.19,0.59,0.29,0.93,0.18,0.71,0.25,0.22,0.22,20.13,0.13,0.37,14.13,0.32,0.79,0.15,0.3,0.78,0.85
2,0.66,0.61,0.15,0.61,0.42,0.16,0.74,0.09,0.98,0.13,0.66,-0.44,0.19,0.18,1.43,0.22,0.55,1.73,0.41,0.73,0.19,0.34,0.67,0.79
2,0.66,0.61,0.15,0.61,0.42,0.16,0.74,0.09,0.98,0.13,0.66,-0.44,0.19,0.18,1.43,0.22,0.55,1.73,0.41,0.73,0.19,0.34,0.67,0.79
2,0.66,0.61,0.15,0.61,0.42,0.16,0.74,0.09,0.98,0.13,0.66,-0.44,0.19,0.18,1.43,0.22,0.55,1.73,0.41,0.73,0.19,0.34,0.67,0.79
2,0.66,0.61,0.15,0.61,0.42,0.16,0.74,0.09,0.98,0.13,0.66,-0.44,0.19,0.18,1.43,0.22,0.55,1.73,0.41,0.73,0.19,0.34,0.67,0.79
2,0.66,0.61,0.15,0.61,0.42,0.16,0.74,0.09,0.98,0.13,0.66,-0.44,0.19,0.18,1.43,0.22,0.55,1.73,0.41,0.73,0.19,0.34,0.67,0.79
2,0.66,0.61,0.15,0.61,0.42,0.16,0.74,0.09,0.98,0.13,0.66,-0.44,0.19,0.18,1.43,0.22,0.55,1.73,0.41,0.73,0.19,0.34,0.67,0.79
2,0.66,0.61,0.15,0.61,0.42,0.16,0.74,0.09,0.98,0.13,0.66,-0.44,0.19,0.18,1.43,0.22,0.55,1.73,0.41,0.73,0.19,0.34,0.67,0.79
2,0.66,0.61,0.15,0.61,0.42,0.16,0.74,0.09,0.98,0.13,0.66,-0.44,0.19,0.18,1.43,0.22,0.55,1.73,0.41,0.73,0.19,0.34,0.67,0.79
2,0.66,0.61,0.15,0.61,0.42,0.16,0.74,0.09,0.98,0.13,0.66,-0.44,0.19,0.18,1.43,0.22,0.55,1.73,0.41,0.73,0.19,0.34,0.67,0.79
2,0.66,0.61,0.15,0.61,0.42,0.16,0.74,0.09,0.98,0.13,0.66,-0.44,0.19,0.18,1.43,0.22,0.55,1.73,0.41,0.73,0.19,0.34,0.67,0.79
2,0.66,0.61,0.15,0.61,0.42,0.16,0.74,0.09,0.98,0.13,0.66,-0.44,0.19,0.18,1.43,0.22,0.55,1.73,0.41,0.73,0.19,0.34,0.67,0.79
2,0.66,0.61,0.15,0.61,0.42,0.16,0.74,0.09,0.98,0.13,0.66,-0.44,0.19,0.18,1.43,0.22,0.55,1.73,0.41,0.73,0.19,0.34,0.67,0.79
2,0.03,0.29,0.04,0.71,0.64,0.11,0.74,0.07,0.97,0.1,-0.09,-0.22,0.15,0.12,11.46,0.14,0.61,3.81,0.31,0.75,0.13,0.28,0.72,0.89
2,0.03,0.29,0.04,0.71,0.64,0.11,0.74,0.07,0.97,0.1,-0.09,-0.22,0.15,0.12,11.46,0.14,0.61,3.81,0.31,0.75,0.13,0.28,0.72,0.89
2,0.03,0.29,0.04,0.71,0.64,0.11,0.74,0.07,0.97,0.1,-0.09,-0.22,0.15,0.12,11.46,0.14,0.61,3.81,0.31,0.75,0.13,0.28,0.72,0.89
2,0.03,0.29,0.04,0.71,0.64,0.11,0.74,0.07,0.97,0.1,-0.09,-0.22,0.15,0.12,11.46,0.14,0.61,3.81,0.31,0.75,0.13,0.28,0.72,0.89
2,0.03,0.29,0.04,0.71,0.64,0.11,0.74,0.07,0.97,0.1,-0.09,-0.22,0.15,0.12,11.46,0.14,0.61,3.81,0.31,0.75,0.13,0.28,0.72,0.89
2,0.03,0.29,0.04,0.71,0.64,0.11,0.74,0.07,0.97,0.1,-0.09,-0.22,0.15,0.12,11.46,0.14,0.61,3.81,0.31,0.75,0.13,0.28,0.72,0.89
2,0.03,0.29,0.04,0.71,0.64,0.11,0.74,0.07,0.97,0.1,-0.09,-0.22,0.15,0.12,11.46,0.14,0.61,3.81,0.31,0.75,0.13,0.28,0.72,0.89
2,0.03,0.29,0.04,0.71,0.64,0.11,0.74,0.07,0.97,0.1,-0.09,-0.22,0.15,0.12,11.46,0.14,0.61,3.81,0.31,0.75,0.13,0.28,0.72,0.89
2,0.03,0.29,0.04,0.71,0.64,0.11,0.74,0.07,0.97,0.1,-0.09,-0.22,0.15,0.12,11.46,0.14,0.61,3.81,0.31,0.75,0.13,0.28,0.72,0.89
2,0.03,0.29,0.04,0.71,0.64,0.11,0.74,0.07,0.97,0.1,-0.09,-0.22,0.15,0.12,11.46,0.14,0.61,3.81,0.31,0.75,0.13,0.28,0.72,0.89
2,0.03,0.29,0.04,0.71,0.64,0.11,0.74,0.07,0.97,0.1,-0.09,-0.22,0.15,0.12,11.46,0.14,0.61,3.81,0.31,0.75,0.13,0.28,0.72,0.89
2,0.03,0.29,0.04,0.71,0.64,0.11,0.74,0.07,0.97,0.1,-0.09,-0.22,0.15,0.12,11.46,0.14,0.61,3.81,0.31,0.75,0.13,0.28,0.72,0.89
2,0.03,0.29,0.04,0.71,0.64,0.11,0.74,0.07,0.97,0.1,-0.09,-0.22,0.15,0.12,11.46,0.14,0.61,3.81,0.31,0.75,0.13,0.28,0.72,0.89
2,0.03,0.29,0.04,0.71,0.64,0.11,0.74,0.07,0.97,0.1,-0.09,-0.22,0.15,0.12,11.46,0.14,0.61,3.81,0.31,0.75,0.13,0.28,0.72,0.89
2,0.03,0.29,0.04,0.71,0.64,0.11,0.74,0.07,0.97,0.1,-0.09,-0.22,0.15,0.12,11.46,0.14,0.61,3.81,0.31,0.75,0.13,0.28,0.72,0.89
2,0.03,0.29,0.04,0.71,0.64,0.11,0.74,0.07,0.97,0.1,-0.09,-0.22,0.15,0.12,11.46,0.14,0.61,3.81,0.31,0.75,0.13,0.28,0.72,0.89
2,0.03,0.29,0.04,0.71,0.64,0.11,0.74,0.07,0.97,0.1,-0.09,-0.22,0.15,0.12,11.46,0.14,0.61,3.81,0.31,0.75,0.13,0.28,0.72,0.89
2,0.03,0.29,0.04,0.71,0.64,0.11,0.74,0.07,0.97,0.1,-0.09,-0.22,0.15,0.12,11.46,0.14,0.61,3.81,0.31,0.75,0.13,0.28,0.72,0.89
2,0.03,0.29,0.04,0.71,0.64,0.11,0.74,0.07,0.97,0.1,-0.09,-0.22,0.15,0.12,11.46,0.14,0.61,3.81,0.31,0.75,0.13,0.28,0.72,0.89
2,0.03,0.29,0.04,0.71,0.64,0.11,0.74,0.07,0.97,0.1,-0.09,-0.22,0.15,0.12,11.46,0.14,0.61,3.81,0.31,0.75,0.13,0.28,0.72,0.89
2,0.03,0.29,0.04,0.71,0.64,0.11,0.74,0.07,0.97,0.1,-0.09,-0.22,0.15,0.12,11.46,0.14,0.61,3.81,0.31,0.75,0.13,0.28,0.72,0.89
2,0.03,0.29,0.04,0.71,0.64,0.11,0.74,0.07,0.97,0.1,-0.09,-0.22,0.15,0.12,11.46,0.14,0.61,3.81,0.31,0.75,0.13,0.28,0.72,0.89
2,0.03,0.29,0.04,0.71,0.64,0.11,0.74,0.07,0.97,0.1,-0.09,-0.22,0.15,0.12,11.46,0.14,0.61,3.81,0.31,0.75,0.13,0.28,0.72,0.89
2,0.03,0.29,0.04,0.71,0.64,0.11,0.74,0.07,0.97,0.1,-0.09,-0.22,0.15,0.12,11.46,0.14,0.61,3.81,0.31,0.75,0.13,0.28,0.72,0.89
2,0.55,0.32,0.49,0.28,0.62,0.15,0.77,0.08,0.97,0.14,0.01,2.66,0.08,0.08,1.09,0.12,0.49,3.39,0.31,0.68,0.09,0.31,0.68,0.79
2,0.55,0.32,0.49,0.28,0.62,0.15,0.77,0.08,0.97,0.14,0.01,2.66,0.08,0.08,1.09,0.12,0.49,3.39,0.31,0.68,0.09,0.31,0.68,0.79
2,0.55,0.32,0.49,0.28,0.62,0.15,0.77,0.08,0.97,0.14,0.01,2.66,0.08,0.08,1.09,0.12,0.49,3.39,0.31,0.68,0.09,0.31,0.68,0.79
2,0.55,0.32,0.49,0.28,0.62,0.15,0.77,0.08,0.97,0.14,0.01,2.66,0.08,0.08,1.09,0.12,0.49,3.39,0.31,0.68,0.09,0.31,0.68,0.79
2,0.55,0.32,0.49,0.28,0.62,0.15,0.77,0.08,0.97,0.14,0.01,2.66,0.08,0.08,1.09,0.12,0.49,3.39,0.31,0.68,0.09,0.31,0.68,0.79
2,0.55,0.32,0.49,0.28,0.62,0.15,0.77,0.08,0.97,0.14,0.01,2.66,0.08,0.08,1.09,0.12,0.49,3.39,0.31,0.68,0.09,0.31,0.68,0.79
2,0.55,0.32,0.49,0.28,0.62,0.15,0.77,0.08,0.97,0.14,0.01,2.66,0.08,0.08,1.09,0.12,0.49,3.39,0.31,0.68,0.09,0.31,0.68,0.79
2,0.55,0.32,0.49,0.28,0.62,0.15,0.77,0.08,0.97,0.14,0.01,2.66,0.08,0.08,1.09,0.12,0.49,3.39,0.31,0.68,0.09,0.31,0.68,0.79
2,0.55,0.32,0.49,0.28,0.62,0.15,0.77,0.08,0.97,0.14,0.01,2.66,0.08,0.08,1.09,0.12,0.49,3.39,0.31,0.68,0.09,0.31,0.68,0.79
2,0.55,0.32,0.49,0.28,0.62,0.15,0.77,0.08,0.97,0.14,0.01,2.66,0.08,0.08,1.09,0.12,0.49,3.39,0.31,0.68,0.09,0.31,0.68,0.79
2,0.55,0.32,0.49,0.28,0.62,0.15,0.77,0.08,0.97,0.14,0.01,2.66,0.08,0.08,1.09,0.12,0.49,3.39,0.31,0.68,0.09,0.31,0.68,0.79
2,0.55,0.32,0.49,0.28,0.62,0.15,0.77,0.08,0.97,0.14,0.01,2.66,0.08,0.08,1.09,0.12,0.49,3.39,0.31,0.68,0.09,0.31,0.68,0.79
2,0.55,0.32,0.49,0.28,0.62,0.15,0.77,0.08,0.97,0.14,0.01,2.66,0.08,0.08,1.09,0.12,0.49,3.39,0.31,0.68,0.09,0.31,0.68,0.79
2,0.55,0.32,0.49,0.28,0.62,0.15,0.77,0.08,0.97,0.14,0.01,2.66,0.08,0.08,1.09,0.12,0.49,3.39,0.31,0.68,0.09,0.31,0.68,0.79
2,0.55,0.32,0.49,0.28,0.62,0.15,0.77,0.08,0.97,0.14,0.01,2.66,0.08,0.08,1.09,0.12,0.49,3.39,0.31,0.68,0.09,0.31,0.68,0.79
2,0.55,0.32,0.49,0.28,0.62,0.15,0.77,0.08,0.97,0.14,0.01,2.66,0.08,0.08,1.09,0.12,0.49,3.39,0.31,0.68,0.09,0.31,0.68,0.79
2,0.55,0.32,0.49,0.28,0.62,0.15,0.77,0.08,0.97,0.14,0.01,2.66,0.08,0.08,1.09,0.12,0.49,3.39,0.31,0.68,0.09,0.31,0.68,0.79
2,0.55,0.32,0.49,0.28,0.62,0.15,0.77,0.08,0.97,0.14,0.01,2.66,0.08,0.08,1.09,0.12,0.49,3.39,0.31,0.68,0.09,0.31,0.68,0.79
2,0.55,0.32,0.49,0.28,0.62,0.15,0.77,0.08,0.97,0.14,0.01,2.66,0.08,0.08,1.09,0.12,0.49,3.39,0.31,0.68,0.09,0.31,0.68,0.79
2,0.55,0.32,0.49,0.28,0.62,0.15,0.77,0.08,0.97,0.14,0.01,2.66,0.08,0.08,1.09,0.12,0.49,3.39,0.31,0.68,0.09,0.31,0.68,0.79
2,0.55,0.32,0.49,0.28,0.62,0.15,0.77,0.08,0.97,0.14,0.01,2.66,0.08,0.08,1.09,0.12,0.49,3.39,0.31,0.68,0.09,0.31,0.68,0.79
2,0.55,0.32,0.49,0.28,0.62,0.15,0.77,0.08,0.97,0.14,0.01,2.66,0.08,0.08,1.09,0.12,0.49,3.39,0.31,0.68,0.09,0.31,0.68,0.79
2,0.55,0.32,0.49,0.28,0.62,0.15,0.77,0.08,0.97,0.14,0.01,2.66,0.08,0.08,1.09,0.12,0.49,3.39,0.31,0.68,0.09,0.31,0.68,0.79
2,0.55,0.32,0.49,0.28,0.62,0.15,0.77,0.08,0.97,0.14,0.01,2.66,0.08,0.08,1.09,0.12,0.49,3.39,0.31,0.68,0.09,0.31,0.68,0.79
2,0.04,0.49,0.1,0.42,0.43,0.15,0.75,0.04,0.98,0.19,0.43,0.8,0.11,0.1,1.86,0.17,0.38,8.87,0.33,0.71,0.21,0.3,0.69,0.82
2,0.04,0.49,0.1,0.42,0.43,0.15,0.75,0.04,0.98,0.19,0.43,0.8,0.11,0.1,1.86,0.17,0.38,8.87,0.33,0.71,0.21,0.3,0.69,0.82
2,0.04,0.49,0.1,0.42,0.43,0.15,0.75,0.04,0.98,0.19,0.43,0.8,0.11,0.1,1.86,0.17,0.38,8.87,0.33,0.71,0.21,0.3,0.69,0.82
2,0.04,0.49,0.1,0.42,0.43,0.15,0.75,0.04,0.98,0.19,0.43,0.8,0.11,0.1,1.86,0.17,0.38,8.87,0.33,0.71,0.21,0.3,0.69,0.82
2,0.04,0.49,0.1,0.42,0.43,0.15,0.75,0.04,0.98,0.19,0.43,0.8,0.11,0.1,1.86,0.17,0.38,8.87,0.33,0.71,0.21,0.3,0.69,0.82
2,0.04,0.49,0.1,0.42,0.43,0.15,0.75,0.04,0.98,0.19,0.43,0.8,0.11,0.1,1.86,0.17,0.38,8.87,0.33,0.71,0.21,0.3,0.69,0.82
2,0.04,0.49,0.1,0.42,0.43,0.15,0.75,0.04,0.98,0.19,0.43,0.8,0.11,0.1,1.86,0.17,0.38,8.87,0.33,0.71,0.21,0.3,0.69,0.82
2,0.04,0.49,0.1,0.42,0.43,0.15,0.75,0.04,0.98,0.19,0.43,0.8,0.11,0.1,1.86,0.17,0.38,8.87,0.33,0.71,0.21,0.3,0.69,0.82
2,0.04,0.49,0.1,0.42,0.43,0.15,0.75,0.04,0.98,0.19,0.43,0.8,0.11,0.1,1.86,0.17,0.38,8.87,0.33,0.71,0.21,0.3,0.69,0.82
2,0.04,0.49,0.1,0.42,0.43,0.15,0.75,0.04,0.98,0.19,0.43,0.8,0.11,0.1,1.86,0.17,0.38,8.87,0.33,0.71,0.21,0.3,0.69,0.82
2,0.04,0.49,0.1,0.42,0.43,0.15,0.75,0.04,0.98,0.19,0.43,0.8,0.11,0.1,1.86,0.17,0.38,8.87,0.33,0.71,0.21,0.3,0.69,0.82
2,0.04,0.49,0.1,0.42,0.43,0.15,0.75,0.04,0.98,0.19,0.43,0.8,0.11,0.1,1.86,0.17,0.38,8.87,0.33,0.71,0.21,0.3,0.69,0.82
2,0.9,0.49,0.23,0.58,0.67,0.15,0.6,0.19,0.96,0.15,-1.71,-0.26,0.15,0.14,9.43,0.17,0.56,1.77,0.4,0.6,0.17,0.4,0.61,0.7
2,0.9,0.49,0.23,0.58,0.67,0.15,0.6,0.19,0.96,0.15,-1.71,-0.26,0.15,0.14,9.43,0.17,0.56,1.77,0.4,0.6,0.17,0.4,0.61,0.7
2,0.9,0.49,0.23,0.58,0.67,0.15,0.6,0.19,0.96,0.15,-1.71,-0.26,0.15,0.14,9.43,0.17,0.56,1.77,0.4,0.6,0.17,0.4,0.61,0.7
2,0.9,0.49,0.23,0.58,0.67,0.15,0.6,0.19,0.96,0.15,-1.71,-0.26,0.15,0.14,9.43,0.17,0.56,1.77,0.4,0.6,0.17,0.4,0.61,0.7
2,0.9,0.49,0.23,0.58,0.67,0.15,0.6,0.19,0.96,0.15,-1.71,-0.26,0.15,0.14,9.43,0.17,0.56,1.77,0.4,0.6,0.17,0.4,0.61,0.7
2,0.9,0.49,0.23,0.58,0.67,0.15,0.6,0.19,0.96,0.15,-1.71,-0.26,0.15,0.14,9.43,0.17,0.56,1.77,0.4,0.6,0.17,0.4,0.61,0.7
2,0.9,0.49,0.23,0.58,0.67,0.15,0.6,0.19,0.96,0.15,-1.71,-0.26,0.15,0.14,9.43,0.17,0.56,1.77,0.4,0.6,0.17,0.4,0.61,0.7
2,0.9,0.49,0.23,0.58,0.67,0.15,0.6,0.19,0.96,0.15,-1.71,-0.26,0.15,0.14,9.43,0.17,0.56,1.77,0.4,0.6,0.17,0.4,0.61,0.7
2,0.9,0.49,0.23,0.58,0.67,0.15,0.6,0.19,0.96,0.15,-1.71,-0.26,0.15,0.14,9.43,0.17,0.56,1.77,0.4,0.6,0.17,0.4,0.61,0.7
2,0.9,0.49,0.23,0.58,0.67,0.15,0.6,0.19,0.96,0.15,-1.71,-0.26,0.15,0.14,9.43,0.17,0.56,1.77,0.4,0.6,0.17,0.4,0.61,0.7
2,0.9,0.49,0.23,0.58,0.67,0.15,0.6,0.19,0.96,0.15,-1.71,-0.26,0.15,0.14,9.43,0.17,0.56,1.77,0.4,0.6,0.17,0.4,0.61,0.7
2,0.9,0.49,0.23,0.58,0.67,0.15,0.6,0.19,0.96,0.15,-1.71,-0.26,0.15,0.14,9.43,0.17,0.56,1.77,0.4,0.6,0.17,0.4,0.61,0.7
2,0.89,0.37,0.28,0.39,0.62,0.11,0.77,0.19,0.95,0.18,0.2,0.69,0.18,0.14,5.05,0.22,0.57,10.8,0.3,0.84,0.13,0.31,0.84,0.87
2,0.89,0.37,0.28,0.39,0.62,0.11,0.77,0.19,0.95,0.18,0.2,0.69,0.18,0.14,5.05,0.22,0.57,10.8,0.3,0.84,0.13,0.31,0.84,0.87
2,0.89,0.37,0.28,0.39,0.62,0.11,0.77,0.19,0.95,0.18,0.2,0.69,0.18,0.14,5.05,0.22,0.57,10.8,0.3,0.84,0.13,0.31,0.84,0.87
2,0.89,0.37,0.28,0.39,0.62,0.11,0.77,0.19,0.95,0.18,0.2,0.69,0.18,0.14,5.05,0.22,0.57,10.8,0.3,0.84,0.13,0.31,0.84,0.87
2,0.89,0.37,0.28,0.39,0.62,0.11,0.77,0.19,0.95,0.18,0.2,0.69,0.18,0.14,5.05,0.22,0.57,10.8,0.3,0.84,0.13,0.31,0.84,0.87
2,0.89,0.37,0.28,0.39,0.62,0.11,0.77,0.19,0.95,0.18,0.2,0.69,0.18,0.14,5.05,0.22,0.57,10.8,0.3,0.84,0.13,0.31,0.84,0.87
2,0.89,0.37,0.28,0.39,0.62,0.11,0.77,0.19,0.95,0.18,0.2,0.69,0.18,0.14,5.05,0.22,0.57,10.8,0.3,0.84,0.13,0.31,0.84,0.87
2,0.89,0.37,0.28,0.39,0.62,0.11,0.77,0.19,0.95,0.18,0.2,0.69,0.18,0.14,5.05,0.22,0.57,10.8,0.3,0.84,0.13,0.31,0.84,0.87
2,0.89,0.37,0.28,0.39,0.62,0.11,0.77,0.19,0.95,0.18,0.2,0.69,0.18,0.14,5.05,0.22,0.57,10.8,0.3,0.84,0.13,0.31,0.84,0.87
2,0.89,0.37,0.28,0.39,0.62,0.11,0.77,0.19,0.95,0.18,0.2,0.69,0.18,0.14,5.05,0.22,0.57,10.8,0.3,0.84,0.13,0.31,0.84,0.87
2,0.89,0.37,0.28,0.39,0.62,0.11,0.77,0.19,0.95,0.18,0.2,0.69,0.18,0.14,5.05,0.22,0.57,10.8,0.3,0.84,0.13,0.31,0.84,0.87
2,0.89,0.37,0.28,0.39,0.62,0.11,0.77,0.19,0.95,0.18,0.2,0.69,0.18,0.14,5.05,0.22,0.57,10.8,0.3,0.84,0.13,0.31,0.84,0.87
2,0.04,0.56,0.15,0.79,0.65,0.13,0.72,0.09,0.96,0.1,-0.72,-2.87,0.13,0.13,6.93,0.1,0.65,12.22,0.35,0.75,0.12,0.33,0.72,0.9
2,0.04,0.56,0.15,0.79,0.65,0.13,0.72,0.09,0.96,0.1,-0.72,-2.87,0.13,0.13,6.93,0.1,0.65,12.22,0.35,0.75,0.12,0.33,0.72,0.9
2,0.04,0.56,0.15,0.79,0.65,0.13,0.72,0.09,0.96,0.1,-0.72,-2.87,0.13,0.13,6.93,0.1,0.65,12.22,0.35,0.75,0.12,0.33,0.72,0.9
2,0.04,0.56,0.15,0.79,0.65,0.13,0.72,0.09,0.96,0.1,-0.72,-2.87,0.13,0.13,6.93,0.1,0.65,12.22,0.35,0.75,0.12,0.33,0.72,0.9
2,0.04,0.56,0.15,0.79,0.65,0.13,0.72,0.09,0.96,0.1,-0.72,-2.87,0.13,0.13,6.93,0.1,0.65,12.22,0.35,0.75,0.12,0.33,0.72,0.9
2,0.04,0.56,0.15,0.79,0.65,0.13,0.72,0.09,0.96,0.1,-0.72,-2.87,0.13,0.13,6.93,0.1,0.65,12.22,0.35,0.75,0.12,0.33,0.72,0.9
2,0.04,0.56,0.15,0.79,0.65,0.13,0.72,0.09,0.96,0.1,-0.72,-2.87,0.13,0.13,6.93,0.1,0.65,12.22,0.35,0.75,0.12,0.33,0.72,0.9
2,0.04,0.56,0.15,0.79,0.65,0.13,0.72,0.09,0.96,0.1,-0.72,-2.87,0.13,0.13,6.93,0.1,0.65,12.22,0.35,0.75,0.12,0.33,0.72,0.9
2,0.04,0.56,0.15,0.79,0.65,0.13,0.72,0.09,0.96,0.1,-0.72,-2.87,0.13,0.13,6.93,0.1,0.65,12.22,0.35,0.75,0.12,0.33,0.72,0.9
2,0.04,0.56,0.15,0.79,0.65,0.13,0.72,0.09,0.96,0.1,-0.72,-2.87,0.13,0.13,6.93,0.1,0.65,12.22,0.35,0.75,0.12,0.33,0.72,0.9
2,0.04,0.56,0.15,0.79,0.65,0.13,0.72,0.09,0.96,0.1,-0.72,-2.87,0.13,0.13,6.93,0.1,0.65,12.22,0.35,0.75,0.12,0.33,0.72,0.9
2,0.04,0.56,0.15,0.79,0.65,0.13,0.72,0.09,0.96,0.1,-0.72,-2.87,0.13,0.13,6.93,0.1,0.65,12.22,0.35,0.75,0.12,0.33,0.72,0.9
2,0.53,0.48,0.16,0.57,0.37,0.15,0.63,0.11,0.97,0.16,0.53,-0.2,0.18,0.18,6.75,0.21,0.54,2.57,0.41,0.62,0.16,0.35,0.56,0.73
2,0.53,0.48,0.16,0.57,0.37,0.15,0.63,0.11,0.97,0.16,0.53,-0.2,0.18,0.18,6.75,0.21,0.54,2.57,0.41,0.62,0.16,0.35,0.56,0.73
2,0.53,0.48,0.16,0.57,0.37,0.15,0.63,0.11,0.97,0.16,0.53,-0.2,0.18,0.18,6.75,0.21,0.54,2.57,0.41,0.62,0.16,0.35,0.56,0.73
2,0.53,0.48,0.16,0.57,0.37,0.15,0.63,0.11,0.97,0.16,0.53,-0.2,0.18,0.18,6.75,0.21,0.54,2.57,0.41,0.62,0.16,0.35,0.56,0.73
2,0.53,0.48,0.16,0.57,0.37,0.15,0.63,0.11,0.97,0.16,0.53,-0.2,0.18,0.18,6.75,0.21,0.54,2.57,0.41,0.62,0.16,0.35,0.56,0.73
2,0.53,0.48,0.16,0.57,0.37,0.15,0.63,0.11,0.97,0.16,0.53,-0.2,0.18,0.18,6.75,0.21,0.54,2.57,0.41,0.62,0.16,0.35,0.56,0.73
2,0.53,0.48,0.16,0.57,0.37,0.15,0.63,0.11,0.97,0.16,0.53,-0.2,0.18,0.18,6.75,0.21,0.54,2.57,0.41,0.62,0.16,0.35,0.56,0.73
2,0.53,0.48,0.16,0.57,0.37,0.15,0.63,0.11,0.97,0.16,0.53,-0.2,0.18,0.18,6.75,0.21,0.54,2.57,0.41,0.62,0.16,0.35,0.56,0.73
2,0.53,0.48,0.16,0.57,0.37,0.15,0.63,0.11,0.97,0.16,0.53,-0.2,0.18,0.18,6.75,0.21,0.54,2.57,0.41,0.62,0.16,0.35,0.56,0.73
2,0.53,0.48,0.16,0.57,0.37,0.15,0.63,0.11,0.97,0.16,0.53,-0.2,0.18,0.18,6.75,0.21,0.54,2.57,0.41,0.62,0.16,0.35,0.56,0.73
2,0.53,0.48,0.16,0.57,0.37,0.15,0.63,0.11,0.97,0.16,0.53,-0.2,0.18,0.18,6.75,0.21,0.54,2.57,0.41,0.62,0.16,0.35,0.56,0.73
2,0.53,0.48,0.16,0.57,0.37,0.15,0.63,0.11,0.97,0.16,0.53,-0.2,0.18,0.18,6.75,0.21,0.54,2.57,0.41,0.62,0.16,0.35,0.56,0.73
2,0.84,0.4,0.35,0.51,0.58,0.09,0.63,0.29,0.94,0.11,-0.26,0.27,0.11,0.1,2.12,0.12,0.5,0.95,0.29,0.87,0.11,0.3,0.87,0.9
2,0.84,0.4,0.35,0.51,0.58,0.09,0.63,0.29,0.94,0.11,-0.26,0.27,0.11,0.1,2.12,0.12,0.5,0.95,0.29,0.87,0.11,0.3,0.87,0.9
2,0.84,0.4,0.35,0.51,0.58,0.09,0.63,0.29,0.94,0.11,-0.26,0.27,0.11,0.1,2.12,0.12,0.5,0.95,0.29,0.87,0.11,0.3,0.87,0.9
2,0.84,0.4,0.35,0.51,0.58,0.09,0.63,0.29,0.94,0.11,-0.26,0.27,0.11,0.1,2.12,0.12,0.5,0.95,0.29,0.87,0.11,0.3,0.87,0.9
2,0.84,0.4,0.35,0.51,0.58,0.09,0.63,0.29,0.94,0.11,-0.26,0.27,0.11,0.1,2.12,0.12,0.5,0.95,0.29,0.87,0.11,0.3,0.87,0.9
2,0.84,0.4,0.35,0.51,0.58,0.09,0.63,0.29,0.94,0.11,-0.26,0.27,0.11,0.1,2.12,0.12,0.5,0.95,0.29,0.87,0.11,0.3,0.87,0.9
2,0.84,0.4,0.35,0.51,0.58,0.09,0.63,0.29,0.94,0.11,-0.26,0.27,0.11,0.1,2.12,0.12,0.5,0.95,0.29,0.87,0.11,0.3,0.87,0.9
2,0.84,0.4,0.35,0.51,0.58,0.09,0.63,0.29,0.94,0.11,-0.26,0.27,0.11,0.1,2.12,0.12,0.5,0.95,0.29,0.87,0.11,0.3,0.87,0.9
2,0.84,0.4,0.35,0.51,0.58,0.09,0.63,0.29,0.94,0.11,-0.26,0.27,0.11,0.1,2.12,0.12,0.5,0.95,0.29,0.87,0.11,0.3,0.87,0.9
2,0.84,0.4,0.35,0.51,0.58,0.09,0.63,0.29,0.94,0.11,-0.26,0.27,0.11,0.1,2.12,0.12,0.5,0.95,0.29,0.87,0.11,0.3,0.87,0.9
2,0.84,0.4,0.35,0.51,0.58,0.09,0.63,0.29,0.94,0.11,-0.26,0.27,0.11,0.1,2.12,0.12,0.5,0.95,0.29,0.87,0.11,0.3,0.87,0.9
2,0.84,0.4,0.35,0.51,0.58,0.09,0.63,0.29,0.94,0.11,-0.26,0.27,0.11,0.1,2.12,0.12,0.5,0.95,0.29,0.87,0.11,0.3,0.87,0.9
2,0.6,0.49,0.11,0.55,0.42,0.13,0.64,0.05,0.98,0.15,0.35,0.13,0.14,0.13,2.7,0.13,0.41,1.28,0.36,0.69,0.21,0.33,0.66,0.85
2,0.6,0.49,0.11,0.55,0.42,0.13,0.64,0.05,0.98,0.15,0.35,0.13,0.14,0.13,2.7,0.13,0.41,1.28,0.36,0.69,0.21,0.33,0.66,0.85
2,0.6,0.49,0.11,0.55,0.42,0.13,0.64,0.05,0.98,0.15,0.35,0.13,0.14,0.13,2.7,0.13,0.41,1.28,0.36,0.69,0.21,0.33,0.66,0.85
2,0.6,0.49,0.11,0.55,0.42,0.13,0.64,0.05,0.98,0.15,0.35,0.13,0.14,0.13,2.7,0.13,0.41,1.28,0.36,0.69,0.21,0.33,0.66,0.85
2,0.6,0.49,0.11,0.55,0.42,0.13,0.64,0.05,0.98,0.15,0.35,0.13,0.14,0.13,2.7,0.13,0.41,1.28,0.36,0.69,0.21,0.33,0.66,0.85
2,0.6,0.49,0.11,0.55,0.42,0.13,0.64,0.05,0.98,0.15,0.35,0.13,0.14,0.13,2.7,0.13,0.41,1.28,0.36,0.69,0.21,0.33,0.66,0.85
2,0.6,0.49,0.11,0.55,0.42,0.13,0.64,0.05,0.98,0.15,0.35,0.13,0.14,0.13,2.7,0.13,0.41,1.28,0.36,0.69,0.21,0.33,0.66,0.85
2,0.6,0.49,0.11,0.55,0.42,0.13,0.64,0.05,0.98,0.15,0.35,0.13,0.14,0.13,2.7,0.13,0.41,1.28,0.36,0.69,0.21,0.33,0.66,0.85
2,0.6,0.49,0.11,0.55,0.42,0.13,0.64,0.05,0.98,0.15,0.35,0.13,0.14,0.13,2.7,0.13,0.41,1.28,0.36,0.69,0.21,0.33,0.66,0.85
2,0.6,0.49,0.11,0.55,0.42,0.13,0.64,0.05,0.98,0.15,0.35,0.13,0.14,0.13,2.7,0.13,0.41,1.28,0.36,0.69,0.21,0.33,0.66,0.85
2,0.6,0.49,0.11,0.55,0.42,0.13,0.64,0.05,0.98,0.15,0.35,0.13,0.14,0.13,2.7,0.13,0.41,1.28,0.36,0.69,0.21,0.33,0.66,0.85
2,0.6,0.49,0.11,0.55,0.42,0.13,0.64,0.05,0.98,0.15,0.35,0.13,0.14,0.13,2.7,0.13,0.41,1.28,0.36,0.69,0.21,0.33,0.66,0.85
2,0.06,0.55,0.09,0.8,0.47,0.23,0.72,0.04,0.98,0.11,0.28,-1.49,0.15,0.14,5.32,0.15,0.56,4.42,0.32,0.68,0.23,0.27,0.6,0.81
2,0.06,0.55,0.09,0.8,0.47,0.23,0.72,0.04,0.98,0.11,0.28,-1.49,0.15,0.14,5.32,0.15,0.56,4.42,0.32,0.68,0.23,0.27,0.6,0.81
2,0.06,0.55,0.09,0.8,0.47,0.23,0.72,0.04,0.98,0.11,0.28,-1.49,0.15,0.14,5.32,0.15,0.56,4.42,0.32,0.68,0.23,0.27,0.6,0.81
2,0.06,0.55,0.09,0.8,0.47,0.23,0.72,0.04,0.98,0.11,0.28,-1.49,0.15,0.14,5.32,0.15,0.56,4.42,0.32,0.68,0.23,0.27,0.6,0.81
2,0.06,0.55,0.09,0.8,0.47,0.23,0.72,0.04,0.98,0.11,0.28,-1.49,0.15,0.14,5.32,0.15,0.56,4.42,0.32,0.68,0.23,0.27,0.6,0.81
2,0.06,0.55,0.09,0.8,0.47,0.23,0.72,0.04,0.98,0.11,0.28,-1.49,0.15,0.14,5.32,0.15,0.56,4.42,0.32,0.68,0.23,0.27,0.6,0.81
2,0.06,0.55,0.09,0.8,0.47,0.23,0.72,0.04,0.98,0.11,0.28,-1.49,0.15,0.14,5.32,0.15,0.56,4.42,0.32,0.68,0.23,0.27,0.6,0.81
2,0.06,0.55,0.09,0.8,0.47,0.23,0.72,0.04,0.98,0.11,0.28,-1.49,0.15,0.14,5.32,0.15,0.56,4.42,0.32,0.68,0.23,0.27,0.6,0.81
2,0.06,0.55,0.09,0.8,0.47,0.23,0.72,0.04,0.98,0.11,0.28,-1.49,0.15,0.14,5.32,0.15,0.56,4.42,0.32,0.68,0.23,0.27,0.6,0.81
2,0.06,0.55,0.09,0.8,0.47,0.23,0.72,0.04,0.98,0.11,0.28,-1.49,0.15,0.14,5.32,0.15,0.56,4.42,0.32,0.68,0.23,0.27,0.6,0.81
2,0.06,0.55,0.09,0.8,0.47,0.23,0.72,0.04,0.98,0.11,0.28,-1.49,0.15,0.14,5.32,0.15,0.56,4.42,0.32,0.68,0.23,0.27,0.6,0.81
2,0.06,0.55,0.09,0.8,0.47,0.23,0.72,0.04,0.98,0.11,0.28,-1.49,0.15,0.14,5.32,0.15,0.56,4.42,0.32,0.68,0.23,0.27,0.6,0.81
2,0.03,0.44,0.02,0.49,0.48,0.14,0.71,0.05,0.98,0.16,-0.25,-0.04,0.12,0.12,0.98,0.12,0.36,2.63,0.31,0.81,0.13,0.3,0.8,0.89
2,0.03,0.44,0.02,0.49,0.48,0.14,0.71,0.05,0.98,0.16,-0.25,-0.04,0.12,0.12,0.98,0.12,0.36,2.63,0.31,0.81,0.13,0.3,0.8,0.89
2,0.03,0.44,0.02,0.49,0.48,0.14,0.71,0.05,0.98,0.16,-0.25,-0.04,0.12,0.12,0.98,0.12,0.36,2.63,0.31,0.81,0.13,0.3,0.8,0.89
2,0.03,0.44,0.02,0.49,0.48,0.14,0.71,0.05,0.98,0.16,-0.25,-0.04,0.12,0.12,0.98,0.12,0.36,2.63,0.31,0.81,0.13,0.3,0.8,0.89
2,0.03,0.44,0.02,0.49,0.48,0.14,0.71,0.05,0.98,0.16,-0.25,-0.04,0.12,0.12,0.98,0.12,0.36,2.63,0.31,0.81,0.13,0.3,0.8,0.89
2,0.03,0.44,0.02,0.49,0.48,0.14,0.71,0.05,0.98,0.16,-0.25,-0.04,0.12,0.12,0.98,0.12,0.36,2.63,0.31,0.81,0.13,0.3,0.8,0.89
2,0.03,0.44,0.02,0.49,0.48,0.14,0.71,0.05,0.98,0.16,-0.25,-0.04,0.12,0.12,0.98,0.12,0.36,2.63,0.31,0.81,0.13,0.3,0.8,0.89
2,0.03,0.44,0.02,0.49,0.48,0.14,0.71,0.05,0.98,0.16,-0.25,-0.04,0.12,0.12,0.98,0.12,0.36,2.63,0.31,0.81,0.13,0.3,0.8,0.89
2,0.03,0.44,0.02,0.49,0.48,0.14,0.71,0.05,0.98,0.16,-0.25,-0.04,0.12,0.12,0.98,0.12,0.36,2.63,0.31,0.81,0.13,0.3,0.8,0.89
2,0.03,0.44,0.02,0.49,0.48,0.14,0.71,0.05,0.98,0.16,-0.25,-0.04,0.12,0.12,0.98,0.12,0.36,2.63,0.31,0.81,0.13,0.3,0.8,0.89
2,0.03,0.44,0.02,0.49,0.48,0.14,0.71,0.05,0.98,0.16,-0.25,-0.04,0.12,0.12,0.98,0.12,0.36,2.63,0.31,0.81,0.13,0.3,0.8,0.89
2,0.03,0.44,0.02,0.49,0.48,0.14,0.71,0.05,0.98,0.16,-0.25,-0.04,0.12,0.12,0.98,0.12,0.36,2.63,0.31,0.81,0.13,0.3,0.8,0.89
2,0.06,0.47,0.19,0.53,0.37,0.13,0.74,0.07,0.98,0.11,0.5,0.35,0.16,0.16,1.52,0.15,0.55,0.95,0.39,0.66,0.15,0.37,0.63,0.77
2,0.06,0.47,0.19,0.53,0.37,0.13,0.74,0.07,0.98,0.11,0.5,0.35,0.16,0.16,1.52,0.15,0.55,0.95,0.39,0.66,0.15,0.37,0.63,0.77
2,0.06,0.47,0.19,0.53,0.37,0.13,0.74,0.07,0.98,0.11,0.5,0.35,0.16,0.16,1.52,0.15,0.55,0.95,0.39,0.66,0.15,0.37,0.63,0.77
2,0.06,0.47,0.19,0.53,0.37,0.13,0.74,0.07,0.98,0.11,0.5,0.35,0.16,0.16,1.52,0.15,0.55,0.95,0.39,0.66,0.15,0.37,0.63,0.77
2,0.06,0.47,0.19,0.53,0.37,0.13,0.74,0.07,0.98,0.11,0.5,0.35,0.16,0.16,1.52,0.15,0.55,0.95,0.39,0.66,0.15,0.37,0.63,0.77
2,0.06,0.47,0.19,0.53,0.37,0.13,0.74,0.07,0.98,0.11,0.5,0.35,0.16,0.16,1.52,0.15,0.55,0.95,0.39,0.66,0.15,0.37,0.63,0.77
2,0.06,0.47,0.19,0.53,0.37,0.13,0.74,0.07,0.98,0.11,0.5,0.35,0.16,0.16,1.52,0.15,0.55,0.95,0.39,0.66,0.15,0.37,0.63,0.77
2,0.06,0.47,0.19,0.53,0.37,0.13,0.74,0.07,0.98,0.11,0.5,0.35,0.16,0.16,1.52,0.15,0.55,0.95,0.39,0.66,0.15,0.37,0.63,0.77
2,0.06,0.47,0.19,0.53,0.37,0.13,0.74,0.07,0.98,0.11,0.5,0.35,0.16,0.16,1.52,0.15,0.55,0.95,0.39,0.66,0.15,0.37,0.63,0.77
2,0.06,0.47,0.19,0.53,0.37,0.13,0.74,0.07,0.98,0.11,0.5,0.35,0.16,0.16,1.52,0.15,0.55,0.95,0.39,0.66,0.15,0.37,0.63,0.77
2,0.06,0.47,0.19,0.53,0.37,0.13,0.74,0.07,0.98,0.11,0.5,0.35,0.16,0.16,1.52,0.15,0.55,0.95,0.39,0.66,0.15,0.37,0.63,0.77
2,0.06,0.47,0.19,0.53,0.37,0.13,0.74,0.07,0.98,0.11,0.5,0.35,0.16,0.16,1.52,0.15,0.55,0.95,0.39,0.66,0.15,0.37,0.63,0.77
2,0.1,0.37,0.27,0.25,0.45,0.18,0.74,0.6,0.9,0.21,-0.52,1.81,0.18,0.21,14.59,0.16,0.57,38.76,0.4,0.64,0.23,0.39,0.63,0.71
2,0.1,0.37,0.27,0.25,0.45,0.18,0.74,0.6,0.9,0.21,-0.52,1.81,0.18,0.21,14.59,0.16,0.57,38.76,0.4,0.64,0.23,0.39,0.63,0.71
2,0.1,0.37,0.27,0.25,0.45,0.18,0.74,0.6,0.9,0.21,-0.52,1.81,0.18,0.21,14.59,0.16,0.57,38.76,0.4,0.64,0.23,0.39,0.63,0.71
2,0.1,0.37,0.27,0.25,0.45,0.18,0.74,0.6,0.9,0.21,-0.52,1.81,0.18,0.21,14.59,0.16,0.57,38.76,0.4,0.64,0.23,0.39,0.63,0.71
2,0.1,0.37,0.27,0.25,0.45,0.18,0.74,0.6,0.9,0.21,-0.52,1.81,0.18,0.21,14.59,0.16,0.57,38.76,0.4,0.64,0.23,0.39,0.63,0.71
2,0.1,0.37,0.27,0.25,0.45,0.18,0.74,0.6,0.9,0.21,-0.52,1.81,0.18,0.21,14.59,0.16,0.57,38.76,0.4,0.64,0.23,0.39,0.63,0.71
2,0.1,0.37,0.27,0.25,0.45,0.18,0.74,0.6,0.9,0.21,-0.52,1.81,0.18,0.21,14.59,0.16,0.57,38.76,0.4,0.64,0.23,0.39,0.63,0.71
2,0.1,0.37,0.27,0.25,0.45,0.18,0.74,0.6,0.9,0.21,-0.52,1.81,0.18,0.21,14.59,0.16,0.57,38.76,0.4,0.64,0.23,0.39,0.63,0.71
2,0.1,0.37,0.27,0.25,0.45,0.18,0.74,0.6,0.9,0.21,-0.52,1.81,0.18,0.21,14.59,0.16,0.57,38.76,0.4,0.64,0.23,0.39,0.63,0.71
2,0.1,0.37,0.27,0.25,0.45,0.18,0.74,0.6,0.9,0.21,-0.52,1.81,0.18,0.21,14.59,0.16,0.57,38.76,0.4,0.64,0.23,0.39,0.63,0.71
2,0.1,0.37,0.27,0.25,0.45,0.18,0.74,0.6,0.9,0.21,-0.52,1.81,0.18,0.21,14.59,0.16,0.57,38.76,0.4,0.64,0.23,0.39,0.63,0.71
2,0.1,0.37,0.27,0.25,0.45,0.18,0.74,0.6,0.9,0.21,-0.52,1.81,0.18,0.21,14.59,0.16,0.57,38.76,0.4,0.64,0.23,0.39,0.63,0.71
2,0.05,0.45,0.04,0.44,0.53,0.25,0.87,0.07,0.97,0.21,0.15,0.75,0.25,0.23,2.2,0.23,0.49,10.87,0.23,0.93,0.17,0.2,0.92,0.95
2,0.05,0.45,0.04,0.44,0.53,0.25,0.87,0.07,0.97,0.21,0.15,0.75,0.25,0.23,2.2,0.23,0.49,10.87,0.23,0.93,0.17,0.2,0.92,0.95
2,0.05,0.45,0.04,0.44,0.53,0.25,0.87,0.07,0.97,0.21,0.15,0.75,0.25,0.23,2.2,0.23,0.49,10.87,0.23,0.93,0.17,0.2,0.92,0.95
2,0.05,0.45,0.04,0.44,0.53,0.25,0.87,0.07,0.97,0.21,0.15,0.75,0.25,0.23,2.2,0.23,0.49,10.87,0.23,0.93,0.17,0.2,0.92,0.95
2,0.05,0.45,0.04,0.44,0.53,0.25,0.87,0.07,0.97,0.21,0.15,0.75,0.25,0.23,2.2,0.23,0.49,10.87,0.23,0.93,0.17,0.2,0.92,0.95
2,0.05,0.45,0.04,0.44,0.53,0.25,0.87,0.07,0.97,0.21,0.15,0.75,0.25,0.23,2.2,0.23,0.49,10.87,0.23,0.93,0.17,0.2,0.92,0.95
2,0.05,0.45,0.04,0.44,0.53,0.25,0.87,0.07,0.97,0.21,0.15,0.75,0.25,0.23,2.2,0.23,0.49,10.87,0.23,0.93,0.17,0.2,0.92,0.95
2,0.05,0.45,0.04,0.44,0.53,0.25,0.87,0.07,0.97,0.21,0.15,0.75,0.25,0.23,2.2,0.23,0.49,10.87,0.23,0.93,0.17,0.2,0.92,0.95
2,0.05,0.45,0.04,0.44,0.53,0.25,0.87,0.07,0.97,0.21,0.15,0.75,0.25,0.23,2.2,0.23,0.49,10.87,0.23,0.93,0.17,0.2,0.92,0.95
2,0.05,0.45,0.04,0.44,0.53,0.25,0.87,0.07,0.97,0.21,0.15,0.75,0.25,0.23,2.2,0.23,0.49,10.87,0.23,0.93,0.17,0.2,0.92,0.95
2,0.05,0.45,0.04,0.44,0.53,0.25,0.87,0.07,0.97,0.21,0.15,0.75,0.25,0.23,2.2,0.23,0.49,10.87,0.23,0.93,0.17,0.2,0.92,0.95
2,0.05,0.45,0.04,0.44,0.53,0.25,0.87,0.07,0.97,0.21,0.15,0.75,0.25,0.23,2.2,0.23,0.49,10.87,0.23,0.93,0.17,0.2,0.92,0.95
2,0.08,0.36,0.24,0.66,0.68,0.15,0.81,0.22,0.86,0.12,-0.97,-1.25,0.15,0.15,26.47,0.1,0.52,8.19,0.27,0.87,0.14,0.26,0.87,0.95
2,0.08,0.36,0.24,0.66,0.68,0.15,0.81,0.22,0.86,0.12,-0.97,-1.25,0.15,0.15,26.47,0.1,0.52,8.19,0.27,0.87,0.14,0.26,0.87,0.95
2,0.08,0.36,0.24,0.66,0.68,0.15,0.81,0.22,0.86,0.12,-0.97,-1.25,0.15,0.15,26.47,0.1,0.52,8.19,0.27,0.87,0.14,0.26,0.87,0.95
2,0.08,0.36,0.24,0.66,0.68,0.15,0.81,0.22,0.86,0.12,-0.97,-1.25,0.15,0.15,26.47,0.1,0.52,8.19,0.27,0.87,0.14,0.26,0.87,0.95
2,0.08,0.36,0.24,0.66,0.68,0.15,0.81,0.22,0.86,0.12,-0.97,-1.25,0.15,0.15,26.47,0.1,0.52,8.19,0.27,0.87,0.14,0.26,0.87,0.95
2,0.08,0.36,0.24,0.66,0.68,0.15,0.81,0.22,0.86,0.12,-0.97,-1.25,0.15,0.15,26.47,0.1,0.52,8.19,0.27,0.87,0.14,0.26,0.87,0.95
2,0.08,0.36,0.24,0.66,0.68,0.15,0.81,0.22,0.86,0.12,-0.97,-1.25,0.15,0.15,26.47,0.1,0.52,8.19,0.27,0.87,0.14,0.26,0.87,0.95
2,0.08,0.36,0.24,0.66,0.68,0.15,0.81,0.22,0.86,0.12,-0.97,-1.25,0.15,0.15,26.47,0.1,0.52,8.19,0.27,0.87,0.14,0.26,0.87,0.95
2,0.08,0.36,0.24,0.66,0.68,0.15,0.81,0.22,0.86,0.12,-0.97,-1.25,0.15,0.15,26.47,0.1,0.52,8.19,0.27,0.87,0.14,0.26,0.87,0.95
2,0.08,0.36,0.24,0.66,0.68,0.15,0.81,0.22,0.86,0.12,-0.97,-1.25,0.15,0.15,26.47,0.1,0.52,8.19,0.27,0.87,0.14,0.26,0.87,0.95
2,0.08,0.36,0.24,0.66,0.68,0.15,0.81,0.22,0.86,0.12,-0.97,-1.25,0.15,0.15,26.47,0.1,0.52,8.19,0.27,0.87,0.14,0.26,0.87,0.95
2,0.08,0.36,0.24,0.66,0.68,0.15,0.81,0.22,0.86,0.12,-0.97,-1.25,0.15,0.15,26.47,0.1,0.52,8.19,0.27,0.87,0.14,0.26,0.87,0.95
2,0.41,0.45,0.47,0.55,0.56,0.18,0.57,0.07,0.98,0.15,-0.14,0.09,0.09,0.09,6.65,0.12,0.52,2.23,0.37,0.64,0.18,0.37,0.65,0.72
2,0.41,0.45,0.47,0.55,0.56,0.18,0.57,0.07,0.98,0.15,-0.14,0.09,0.09,0.09,6.65,0.12,0.52,2.23,0.37,0.64,0.18,0.37,0.65,0.72
2,0.41,0.45,0.47,0.55,0.56,0.18,0.57,0.07,0.98,0.15,-0.14,0.09,0.09,0.09,6.65,0.12,0.52,2.23,0.37,0.64,0.18,0.37,0.65,0.72
2,0.41,0.45,0.47,0.55,0.56,0.18,0.57,0.07,0.98,0.15,-0.14,0.09,0.09,0.09,6.65,0.12,0.52,2.23,0.37,0.64,0.18,0.37,0.65,0.72
2,0.41,0.45,0.47,0.55,0.56,0.18,0.57,0.07,0.98,0.15,-0.14,0.09,0.09,0.09,6.65,0.12,0.52,2.23,0.37,0.64,0.18,0.37,0.65,0.72
2,0.41,0.45,0.47,0.55,0.56,0.18,0.57,0.07,0.98,0.15,-0.14,0.09,0.09,0.09,6.65,0.12,0.52,2.23,0.37,0.64,0.18,0.37,0.65,0.72
2,0.41,0.45,0.47,0.55,0.56,0.18,0.57,0.07,0.98,0.15,-0.14,0.09,0.09,0.09,6.65,0.12,0.52,2.23,0.37,0.64,0.18,0.37,0.65,0.72
2,0.41,0.45,0.47,0.55,0.56,0.18,0.57,0.07,0.98,0.15,-0.14,0.09,0.09,0.09,6.65,0.12,0.52,2.23,0.37,0.64,0.18,0.37,0.65,0.72
2,0.41,0.45,0.47,0.55,0.56,0.18,0.57,0.07,0.98,0.15,-0.14,0.09,0.09,0.09,6.65,0.12,0.52,2.23,0.37,0.64,0.18,0.37,0.65,0.72
2,0.41,0.45,0.47,0.55,0.56,0.18,0.57,0.07,0.98,0.15,-0.14,0.09,0.09,0.09,6.65,0.12,0.52,2.23,0.37,0.64,0.18,0.37,0.65,0.72
2,0.41,0.45,0.47,0.55,0.56,0.18,0.57,0.07,0.98,0.15,-0.14,0.09,0.09,0.09,6.65,0.12,0.52,2.23,0.37,0.64,0.18,0.37,0.65,0.72
2,0.41,0.45,0.47,0.55,0.56,0.18,0.57,0.07,0.98,0.15,-0.14,0.09,0.09,0.09,6.65,0.12,0.52,2.23,0.37,0.64,0.18,0.37,0.65,0.72
2,0.08,0.68,0.07,0.76,0.57,0.12,0.69,0.28,0.88,0.15,-0.26,-1.89,0.15,0.12,17.82,0.17,0.85,65.8,0.4,0.78,0.11,0.32,0.73,0.94
2,0.08,0.68,0.07,0.76,0.57,0.12,0.69,0.28,0.88,0.15,-0.26,-1.89,0.15,0.12,17.82,0.17,0.85,65.8,0.4,0.78,0.11,0.32,0.73,0.94
2,0.08,0.68,0.07,0.76,0.57,0.12,0.69,0.28,0.88,0.15,-0.26,-1.89,0.15,0.12,17.82,0.17,0.85,65.8,0.4,0.78,0.11,0.32,0.73,0.94
2,0.08,0.68,0.07,0.76,0.57,0.12,0.69,0.28,0.88,0.15,-0.26,-1.89,0.15,0.12,17.82,0.17,0.85,65.8,0.4,0.78,0.11,0.32,0.73,0.94
2,0.08,0.68,0.07,0.76,0.57,0.12,0.69,0.28,0.88,0.15,-0.26,-1.89,0.15,0.12,17.82,0.17,0.85,65.8,0.4,0.78,0.11,0.32,0.73,0.94
2,0.08,0.68,0.07,0.76,0.57,0.12,0.69,0.28,0.88,0.15,-0.26,-1.89,0.15,0.12,17.82,0.17,0.85,65.8,0.4,0.78,0.11,0.32,0.73,0.94
2,0.08,0.68,0.07,0.76,0.57,0.12,0.69,0.28,0.88,0.15,-0.26,-1.89,0.15,0.12,17.82,0.17,0.85,65.8,0.4,0.78,0.11,0.32,0.73,0.94
2,0.08,0.68,0.07,0.76,0.57,0.12,0.69,0.28,0.88,0.15,-0.26,-1.89,0.15,0.12,17.82,0.17,0.85,65.8,0.4,0.78,0.11,0.32,0.73,0.94
2,0.08,0.68,0.07,0.76,0.57,0.12,0.69,0.28,0.88,0.15,-0.26,-1.89,0.15,0.12,17.82,0.17,0.85,65.8,0.4,0.78,0.11,0.32,0.73,0.94
2,0.08,0.68,0.07,0.76,0.57,0.12,0.69,0.28,0.88,0.15,-0.26,-1.89,0.15,0.12,17.82,0.17,0.85,65.8,0.4,0.78,0.11,0.32,0.73,0.94
2,0.08,0.68,0.07,0.76,0.57,0.12,0.69,0.28,0.88,0.15,-0.26,-1.89,0.15,0.12,17.82,0.17,0.85,65.8,0.4,0.78,0.11,0.32,0.73,0.94
2,0.08,0.68,0.07,0.76,0.57,0.12,0.69,0.28,0.88,0.15,-0.26,-1.89,0.15,0.12,17.82,0.17,0.85,65.8,0.4,0.78,0.11,0.32,0.73,0.94
2,0.03,0.47,0.01,0.52,0.46,0.15,0.64,0.06,0.97,0.17,-0.09,-0.1,0.12,0.12,0.91,0.12,0.37,2.23,0.31,0.81,0.13,0.3,0.8,0.9
2,0.03,0.47,0.01,0.52,0.46,0.15,0.64,0.06,0.97,0.17,-0.09,-0.1,0.12,0.12,0.91,0.12,0.37,2.23,0.31,0.81,0.13,0.3,0.8,0.9
2,0.03,0.47,0.01,0.52,0.46,0.15,0.64,0.06,0.97,0.17,-0.09,-0.1,0.12,0.12,0.91,0.12,0.37,2.23,0.31,0.81,0.13,0.3,0.8,0.9
2,0.03,0.47,0.01,0.52,0.46,0.15,0.64,0.06,0.97,0.17,-0.09,-0.1,0.12,0.12,0.91,0.12,0.37,2.23,0.31,0.81,0.13,0.3,0.8,0.9
2,0.03,0.47,0.01,0.52,0.46,0.15,0.64,0.06,0.97,0.17,-0.09,-0.1,0.12,0.12,0.91,0.12,0.37,2.23,0.31,0.81,0.13,0.3,0.8,0.9
2,0.03,0.47,0.01,0.52,0.46,0.15,0.64,0.06,0.97,0.17,-0.09,-0.1,0.12,0.12,0.91,0.12,0.37,2.23,0.31,0.81,0.13,0.3,0.8,0.9
2,0.03,0.47,0.01,0.52,0.46,0.15,0.64,0.06,0.97,0.17,-0.09,-0.1,0.12,0.12,0.91,0.12,0.37,2.23,0.31,0.81,0.13,0.3,0.8,0.9
2,0.03,0.47,0.01,0.52,0.46,0.15,0.64,0.06,0.97,0.17,-0.09,-0.1,0.12,0.12,0.91,0.12,0.37,2.23,0.31,0.81,0.13,0.3,0.8,0.9
2,0.03,0.47,0.01,0.52,0.46,0.15,0.64,0.06,0.97,0.17,-0.09,-0.1,0.12,0.12,0.91,0.12,0.37,2.23,0.31,0.81,0.13,0.3,0.8,0.9
2,0.03,0.47,0.01,0.52,0.46,0.15,0.64,0.06,0.97,0.17,-0.09,-0.1,0.12,0.12,0.91,0.12,0.37,2.23,0.31,0.81,0.13,0.3,0.8,0.9
2,0.03,0.47,0.01,0.52,0.46,0.15,0.64,0.06,0.97,0.17,-0.09,-0.1,0.12,0.12,0.91,0.12,0.37,2.23,0.31,0.81,0.13,0.3,0.8,0.9
2,0.03,0.47,0.01,0.52,0.46,0.15,0.64,0.06,0.97,0.17,-0.09,-0.1,0.12,0.12,0.91,0.12,0.37,2.23,0.31,0.81,0.13,0.3,0.8,0.9
2,0.03,0.52,0.02,0.34,0.35,0.15,0.76,0.08,0.96,0.12,0.55,0.77,0.17,0.16,2.21,0.14,0.32,1.41,0.23,0.91,0.16,0.2,0.9,0.95
2,0.03,0.52,0.02,0.34,0.35,0.15,0.76,0.08,0.96,0.12,0.55,0.77,0.17,0.16,2.21,0.14,0.32,1.41,0.23,0.91,0.16,0.2,0.9,0.95
2,0.03,0.52,0.02,0.34,0.35,0.15,0.76,0.08,0.96,0.12,0.55,0.77,0.17,0.16,2.21,0.14,0.32,1.41,0.23,0.91,0.16,0.2,0.9,0.95
2,0.03,0.52,0.02,0.34,0.35,0.15,0.76,0.08,0.96,0.12,0.55,0.77,0.17,0.16,2.21,0.14,0.32,1.41,0.23,0.91,0.16,0.2,0.9,0.95
2,0.03,0.52,0.02,0.34,0.35,0.15,0.76,0.08,0.96,0.12,0.55,0.77,0.17,0.16,2.21,0.14,0.32,1.41,0.23,0.91,0.16,0.2,0.9,0.95
2,0.03,0.52,0.02,0.34,0.35,0.15,0.76,0.08,0.96,0.12,0.55,0.77,0.17,0.16,2.21,0.14,0.32,1.41,0.23,0.91,0.16,0.2,0.9,0.95
2,0.03,0.52,0.02,0.34,0.35,0.15,0.76,0.08,0.96,0.12,0.55,0.77,0.17,0.16,2.21,0.14,0.32,1.41,0.23,0.91,0.16,0.2,0.9,0.95
2,0.03,0.52,0.02,0.34,0.35,0.15,0.76,0.08,0.96,0.12,0.55,0.77,0.17,0.16,2.21,0.14,0.32,1.41,0.23,0.91,0.16,0.2,0.9,0.95
2,0.03,0.52,0.02,0.34,0.35,0.15,0.76,0.08,0.96,0.12,0.55,0.77,0.17,0.16,2.21,0.14,0.32,1.41,0.23,0.91,0.16,0.2,0.9,0.95
2,0.03,0.52,0.02,0.34,0.35,0.15,0.76,0.08,0.96,0.12,0.55,0.77,0.17,0.16,2.21,0.14,0.32,1.41,0.23,0.91,0.16,0.2,0.9,0.95
2,0.03,0.52,0.02,0.34,0.35,0.15,0.76,0.08,0.96,0.12,0.55,0.77,0.17,0.16,2.21,0.14,0.32,1.41,0.23,0.91,0.16,0.2,0.9,0.95
2,0.03,0.52,0.02,0.34,0.35,0.15,0.76,0.08,0.96,0.12,0.55,0.77,0.17,0.16,2.21,0.14,0.32,1.41,0.23,0.91,0.16,0.2,0.9,0.95
2,0.06,0.42,0.02,0.66,0.67,0.15,0.89,0.08,0.96,0.09,-0.25,-0.15,0.16,0.14,2.29,0.13,0.62,1.12,0.27,0.89,0.12,0.25,0.88,0.94
2,0.06,0.42,0.02,0.66,0.67,0.15,0.89,0.08,0.96,0.09,-0.25,-0.15,0.16,0.14,2.29,0.13,0.62,1.12,0.27,0.89,0.12,0.25,0.88,0.94
2,0.06,0.42,0.02,0.66,0.67,0.15,0.89,0.08,0.96,0.09,-0.25,-0.15,0.16,0.14,2.29,0.13,0.62,1.12,0.27,0.89,0.12,0.25,0.88,0.94
2,0.06,0.42,0.02,0.66,0.67,0.15,0.89,0.08,0.96,0.09,-0.25,-0.15,0.16,0.14,2.29,0.13,0.62,1.12,0.27,0.89,0.12,0.25,0.88,0.94
2,0.06,0.42,0.02,0.66,0.67,0.15,0.89,0.08,0.96,0.09,-0.25,-0.15,0.16,0.14,2.29,0.13,0.62,1.12,0.27,0.89,0.12,0.25,0.88,0.94
2,0.06,0.42,0.02,0.66,0.67,0.15,0.89,0.08,0.96,0.09,-0.25,-0.15,0.16,0.14,2.29,0.13,0.62,1.12,0.27,0.89,0.12,0.25,0.88,0.94
2,0.06,0.42,0.02,0.66,0.67,0.15,0.89,0.08,0.96,0.09,-0.25,-0.15,0.16,0.14,2.29,0.13,0.62,1.12,0.27,0.89,0.12,0.25,0.88,0.94
2,0.06,0.42,0.02,0.66,0.67,0.15,0.89,0.08,0.96,0.09,-0.25,-0.15,0.16,0.14,2.29,0.13,0.62,1.12,0.27,0.89,0.12,0.25,0.88,0.94
2,0.06,0.42,0.02,0.66,0.67,0.15,0.89,0.08,0.96,0.09,-0.25,-0.15,0.16,0.14,2.29,0.13,0.62,1.12,0.27,0.89,0.12,0.25,0.88,0.94
2,0.06,0.42,0.02,0.66,0.67,0.15,0.89,0.08,0.96,0.09,-0.25,-0.15,0.16,0.14,2.29,0.13,0.62,1.12,0.27,0.89,0.12,0.25,0.88,0.94
2,0.06,0.42,0.02,0.66,0.67,0.15,0.89,0.08,0.96,0.09,-0.25,-0.15,0.16,0.14,2.29,0.13,0.62,1.12,0.27,0.89,0.12,0.25,0.88,0.94
2,0.06,0.42,0.02,0.66,0.67,0.15,0.89,0.08,0.96,0.09,-0.25,-0.15,0.16,0.14,2.29,0.13,0.62,1.12,0.27,0.89,0.12,0.25,0.88,0.94
2,0.24,0.43,0.41,0.59,0.69,0.15,0.89,0.06,0.97,0.11,-0.86,-0.26,0.12,0.11,2.24,0.14,0.54,1.46,0.29,0.84,0.12,0.28,0.83,0.91
2,0.24,0.43,0.41,0.59,0.69,0.15,0.89,0.06,0.97,0.11,-0.86,-0.26,0.12,0.11,2.24,0.14,0.54,1.46,0.29,0.84,0.12,0.28,0.83,0.91
2,0.24,0.43,0.41,0.59,0.69,0.15,0.89,0.06,0.97,0.11,-0.86,-0.26,0.12,0.11,2.24,0.14,0.54,1.46,0.29,0.84,0.12,0.28,0.83,0.91
2,0.24,0.43,0.41,0.59,0.69,0.15,0.89,0.06,0.97,0.11,-0.86,-0.26,0.12,0.11,2.24,0.14,0.54,1.46,0.29,0.84,0.12,0.28,0.83,0.91
2,0.24,0.43,0.41,0.59,0.69,0.15,0.89,0.06,0.97,0.11,-0.86,-0.26,0.12,0.11,2.24,0.14,0.54,1.46,0.29,0.84,0.12,0.28,0.83,0.91
2,0.24,0.43,0.41,0.59,0.69,0.15,0.89,0.06,0.97,0.11,-0.86,-0.26,0.12,0.11,2.24,0.14,0.54,1.46,0.29,0.84,0.12,0.28,0.83,0.91
2,0.24,0.43,0.41,0.59,0.69,0.15,0.89,0.06,0.97,0.11,-0.86,-0.26,0.12,0.11,2.24,0.14,0.54,1.46,0.29,0.84,0.12,0.28,0.83,0.91
2,0.24,0.43,0.41,0.59,0.69,0.15,0.89,0.06,0.97,0.11,-0.86,-0.26,0.12,0.11,2.24,0.14,0.54,1.46,0.29,0.84,0.12,0.28,0.83,0.91
2,0.24,0.43,0.41,0.59,0.69,0.15,0.89,0.06,0.97,0.11,-0.86,-0.26,0.12,0.11,2.24,0.14,0.54,1.46,0.29,0.84,0.12,0.28,0.83,0.91
2,0.24,0.43,0.41,0.59,0.69,0.15,0.89,0.06,0.97,0.11,-0.86,-0.26,0.12,0.11,2.24,0.14,0.54,1.46,0.29,0.84,0.12,0.28,0.83,0.91
2,0.24,0.43,0.41,0.59,0.69,0.15,0.89,0.06,0.97,0.11,-0.86,-0.26,0.12,0.11,2.24,0.14,0.54,1.46,0.29,0.84,0.12,0.28,0.83,0.91
2,0.24,0.43,0.41,0.59,0.69,0.15,0.89,0.06,0.97,0.11,-0.86,-0.26,0.12,0.11,2.24,0.14,0.54,1.46,0.29,0.84,0.12,0.28,0.83,0.91
2,0.62,0.34,0.47,0.69,0.59,0.16,0.65,0.43,0.88,0.14,-0.11,-0.23,0.18,0.17,15.91,0.16,0.58,0.92,0.34,0.76,0.15,0.34,0.76,0.83
2,0.62,0.34,0.47,0.69,0.59,0.16,0.65,0.43,0.88,0.14,-0.11,-0.23,0.18,0.17,15.91,0.16,0.58,0.92,0.34,0.76,0.15,0.34,0.76,0.83
2,0.62,0.34,0.47,0.69,0.59,0.16,0.65,0.43,0.88,0.14,-0.11,-0.23,0.18,0.17,15.91,0.16,0.58,0.92,0.34,0.76,0.15,0.34,0.76,0.83
2,0.62,0.34,0.47,0.69,0.59,0.16,0.65,0.43,0.88,0.14,-0.11,-0.23,0.18,0.17,15.91,0.16,0.58,0.92,0.34,0.76,0.15,0.34,0.76,0.83
2,0.62,0.34,0.47,0.69,0.59,0.16,0.65,0.43,0.88,0.14,-0.11,-0.23,0.18,0.17,15.91,0.16,0.58,0.92,0.34,0.76,0.15,0.34,0.76,0.83
2,0.62,0.34,0.47,0.69,0.59,0.16,0.65,0.43,0.88,0.14,-0.11,-0.23,0.18,0.17,15.91,0.16,0.58,0.92,0.34,0.76,0.15,0.34,0.76,0.83
2,0.62,0.34,0.47,0.69,0.59,0.16,0.65,0.43,0.88,0.14,-0.11,-0.23,0.18,0.17,15.91,0.16,0.58,0.92,0.34,0.76,0.15,0.34,0.76,0.83
2,0.62,0.34,0.47,0.69,0.59,0.16,0.65,0.43,0.88,0.14,-0.11,-0.23,0.18,0.17,15.91,0.16,0.58,0.92,0.34,0.76,0.15,0.34,0.76,0.83
2,0.62,0.34,0.47,0.69,0.59,0.16,0.65,0.43,0.88,0.14,-0.11,-0.23,0.18,0.17,15.91,0.16,0.58,0.92,0.34,0.76,0.15,0.34,0.76,0.83
2,0.62,0.34,0.47,0.69,0.59,0.16,0.65,0.43,0.88,0.14,-0.11,-0.23,0.18,0.17,15.91,0.16,0.58,0.92,0.34,0.76,0.15,0.34,0.76,0.83
2,0.62,0.34,0.47,0.69,0.59,0.16,0.65,0.43,0.88,0.14,-0.11,-0.23,0.18,0.17,15.91,0.16,0.58,0.92,0.34,0.76,0.15,0.34,0.76,0.83
2,0.62,0.34,0.47,0.69,0.59,0.16,0.65,0.43,0.88,0.14,-0.11,-0.23,0.18,0.17,15.91,0.16,0.58,0.92,0.34,0.76,0.15,0.34,0.76,0.83
2,0.37,0.67,0.44,0.6,0.41,0.22,0.66,0.23,0.94,0.2,0.96,-0.55,0.15,0.14,13.13,0.17,0.43,36.65,0.33,0.78,0.16,0.32,0.78,0.85
2,0.37,0.67,0.44,0.6,0.41,0.22,0.66,0.23,0.94,0.2,0.96,-0.55,0.15,0.14,13.13,0.17,0.43,36.65,0.33,0.78,0.16,0.32,0.78,0.85
2,0.37,0.67,0.44,0.6,0.41,0.22,0.66,0.23,0.94,0.2,0.96,-0.55,0.15,0.14,13.13,0.17,0.43,36.65,0.33,0.78,0.16,0.32,0.78,0.85
2,0.37,0.67,0.44,0.6,0.41,0.22,0.66,0.23,0.94,0.2,0.96,-0.55,0.15,0.14,13.13,0.17,0.43,36.65,0.33,0.78,0.16,0.32,0.78,0.85
2,0.37,0.67,0.44,0.6,0.41,0.22,0.66,0.23,0.94,0.2,0.96,-0.55,0.15,0.14,13.13,0.17,0.43,36.65,0.33,0.78,0.16,0.32,0.78,0.85
2,0.37,0.67,0.44,0.6,0.41,0.22,0.66,0.23,0.94,0.2,0.96,-0.55,0.15,0.14,13.13,0.17,0.43,36.65,0.33,0.78,0.16,0.32,0.78,0.85
2,0.37,0.67,0.44,0.6,0.41,0.22,0.66,0.23,0.94,0.2,0.96,-0.55,0.15,0.14,13.13,0.17,0.43,36.65,0.33,0.78,0.16,0.32,0.78,0.85
2,0.37,0.67,0.44,0.6,0.41,0.22,0.66,0.23,0.94,0.2,0.96,-0.55,0.15,0.14,13.13,0.17,0.43,36.65,0.33,0.78,0.16,0.32,0.78,0.85
2,0.37,0.67,0.44,0.6,0.41,0.22,0.66,0.23,0.94,0.2,0.96,-0.55,0.15,0.14,13.13,0.17,0.43,36.65,0.33,0.78,0.16,0.32,0.78,0.85
2,0.37,0.67,0.44,0.6,0.41,0.22,0.66,0.23,0.94,0.2,0.96,-0.55,0.15,0.14,13.13,0.17,0.43,36.65,0.33,0.78,0.16,0.32,0.78,0.85
2,0.37,0.67,0.44,0.6,0.41,0.22,0.66,0.23,0.94,0.2,0.96,-0.55,0.15,0.14,13.13,0.17,0.43,36.65,0.33,0.78,0.16,0.32,0.78,0.85
2,0.37,0.67,0.44,0.6,0.41,0.22,0.66,0.23,0.94,0.2,0.96,-0.55,0.15,0.14,13.13,0.17,0.43,36.65,0.33,0.78,0.16,0.32,0.78,0.85
2,0.17,0.44,0.07,0.52,0.67,0.2,0.59,0.09,0.96,0.15,0.2,0.56,0.13,0.13,2.05,0.14,0.39,6.06,0.34,0.68,0.1,0.32,0.65,0.82
2,0.17,0.44,0.07,0.52,0.67,0.2,0.59,0.09,0.96,0.15,0.2,0.56,0.13,0.13,2.05,0.14,0.39,6.06,0.34,0.68,0.1,0.32,0.65,0.82
2,0.17,0.44,0.07,0.52,0.67,0.2,0.59,0.09,0.96,0.15,0.2,0.56,0.13,0.13,2.05,0.14,0.39,6.06,0.34,0.68,0.1,0.32,0.65,0.82
2,0.17,0.44,0.07,0.52,0.67,0.2,0.59,0.09,0.96,0.15,0.2,0.56,0.13,0.13,2.05,0.14,0.39,6.06,0.34,0.68,0.1,0.32,0.65,0.82
2,0.17,0.44,0.07,0.52,0.67,0.2,0.59,0.09,0.96,0.15,0.2,0.56,0.13,0.13,2.05,0.14,0.39,6.06,0.34,0.68,0.1,0.32,0.65,0.82
2,0.17,0.44,0.07,0.52,0.67,0.2,0.59,0.09,0.96,0.15,0.2,0.56,0.13,0.13,2.05,0.14,0.39,6.06,0.34,0.68,0.1,0.32,0.65,0.82
2,0.17,0.44,0.07,0.52,0.67,0.2,0.59,0.09,0.96,0.15,0.2,0.56,0.13,0.13,2.05,0.14,0.39,6.06,0.34,0.68,0.1,0.32,0.65,0.82
2,0.17,0.44,0.07,0.52,0.67,0.2,0.59,0.09,0.96,0.15,0.2,0.56,0.13,0.13,2.05,0.14,0.39,6.06,0.34,0.68,0.1,0.32,0.65,0.82
2,0.17,0.44,0.07,0.52,0.67,0.2,0.59,0.09,0.96,0.15,0.2,0.56,0.13,0.13,2.05,0.14,0.39,6.06,0.34,0.68,0.1,0.32,0.65,0.82
2,0.17,0.44,0.07,0.52,0.67,0.2,0.59,0.09,0.96,0.15,0.2,0.56,0.13,0.13,2.05,0.14,0.39,6.06,0.34,0.68,0.1,0.32,0.65,0.82
2,0.17,0.44,0.07,0.52,0.67,0.2,0.59,0.09,0.96,0.15,0.2,0.56,0.13,0.13,2.05,0.14,0.39,6.06,0.34,0.68,0.1,0.32,0.65,0.82
2,0.17,0.44,0.07,0.52,0.67,0.2,0.59,0.09,0.96,0.15,0.2,0.56,0.13,0.13,2.05,0.14,0.39,6.06,0.34,0.68,0.1,0.32,0.65,0.82
2,0.03,0.5,0.02,0.67,0.77,0.13,0.43,0.17,0.92,0.07,-0.87,0.62,0.1,0.09,1.3,0.09,0.63,4.14,0.38,0.65,0.06,0.36,0.63,0.86
2,0.03,0.5,0.02,0.67,0.77,0.13,0.43,0.17,0.92,0.07,-0.87,0.62,0.1,0.09,1.3,0.09,0.63,4.14,0.38,0.65,0.06,0.36,0.63,0.86
2,0.03,0.5,0.02,0.67,0.77,0.13,0.43,0.17,0.92,0.07,-0.87,0.62,0.1,0.09,1.3,0.09,0.63,4.14,0.38,0.65,0.06,0.36,0.63,0.86
2,0.03,0.5,0.02,0.67,0.77,0.13,0.43,0.17,0.92,0.07,-0.87,0.62,0.1,0.09,1.3,0.09,0.63,4.14,0.38,0.65,0.06,0.36,0.63,0.86
2,0.03,0.5,0.02,0.67,0.77,0.13,0.43,0.17,0.92,0.07,-0.87,0.62,0.1,0.09,1.3,0.09,0.63,4.14,0.38,0.65,0.06,0.36,0.63,0.86
2,0.03,0.5,0.02,0.67,0.77,0.13,0.43,0.17,0.92,0.07,-0.87,0.62,0.1,0.09,1.3,0.09,0.63,4.14,0.38,0.65,0.06,0.36,0.63,0.86
2,0.03,0.5,0.02,0.67,0.77,0.13,0.43,0.17,0.92,0.07,-0.87,0.62,0.1,0.09,1.3,0.09,0.63,4.14,0.38,0.65,0.06,0.36,0.63,0.86
2,0.03,0.5,0.02,0.67,0.77,0.13,0.43,0.17,0.92,0.07,-0.87,0.62,0.1,0.09,1.3,0.09,0.63,4.14,0.38,0.65,0.06,0.36,0.63,0.86
2,0.03,0.5,0.02,0.67,0.77,0.13,0.43,0.17,0.92,0.07,-0.87,0.62,0.1,0.09,1.3,0.09,0.63,4.14,0.38,0.65,0.06,0.36,0.63,0.86
2,0.03,0.5,0.02,0.67,0.77,0.13,0.43,0.17,0.92,0.07,-0.87,0.62,0.1,0.09,1.3,0.09,0.63,4.14,0.38,0.65,0.06,0.36,0.63,0.86
2,0.03,0.5,0.02,0.67,0.77,0.13,0.43,0.17,0.92,0.07,-0.87,0.62,0.1,0.09,1.3,0.09,0.63,4.14,0.38,0.65,0.06,0.36,0.63,0.86
2,0.03,0.5,0.02,0.67,0.77,0.13,0.43,0.17,0.92,0.07,-0.87,0.62,0.1,0.09,1.3,0.09,0.63,4.14,0.38,0.65,0.06,0.36,0.63,0.86
2,0.59,0.38,0.47,0.46,0.7,0.16,0.77,0.13,0.95,0.16,0.27,-0.41,0.22,0.2,2.89,0.15,0.43,12.53,0.29,0.81,0.12,0.33,0.83,0.88
2,0.59,0.38,0.47,0.46,0.7,0.16,0.77,0.13,0.95,0.16,0.27,-0.41,0.22,0.2,2.89,0.15,0.43,12.53,0.29,0.81,0.12,0.33,0.83,0.88
2,0.59,0.38,0.47,0.46,0.7,0.16,0.77,0.13,0.95,0.16,0.27,-0.41,0.22,0.2,2.89,0.15,0.43,12.53,0.29,0.81,0.12,0.33,0.83,0.88
2,0.59,0.38,0.47,0.46,0.7,0.16,0.77,0.13,0.95,0.16,0.27,-0.41,0.22,0.2,2.89,0.15,0.43,12.53,0.29,0.81,0.12,0.33,0.83,0.88
2,0.59,0.38,0.47,0.46,0.7,0.16,0.77,0.13,0.95,0.16,0.27,-0.41,0.22,0.2,2.89,0.15,0.43,12.53,0.29,0.81,0.12,0.33,0.83,0.88
2,0.59,0.38,0.47,0.46,0.7,0.16,0.77,0.13,0.95,0.16,0.27,-0.41,0.22,0.2,2.89,0.15,0.43,12.53,0.29,0.81,0.12,0.33,0.83,0.88
2,0.59,0.38,0.47,0.46,0.7,0.16,0.77,0.13,0.95,0.16,0.27,-0.41,0.22,0.2,2.89,0.15,0.43,12.53,0.29,0.81,0.12,0.33,0.83,0.88
2,0.59,0.38,0.47,0.46,0.7,0.16,0.77,0.13,0.95,0.16,0.27,-0.41,0.22,0.2,2.89,0.15,0.43,12.53,0.29,0.81,0.12,0.33,0.83,0.88
2,0.59,0.38,0.47,0.46,0.7,0.16,0.77,0.13,0.95,0.16,0.27,-0.41,0.22,0.2,2.89,0.15,0.43,12.53,0.29,0.81,0.12,0.33,0.83,0.88
2,0.59,0.38,0.47,0.46,0.7,0.16,0.77,0.13,0.95,0.16,0.27,-0.41,0.22,0.2,2.89,0.15,0.43,12.53,0.29,0.81,0.12,0.33,0.83,0.88
2,0.59,0.38,0.47,0.46,0.7,0.16,0.77,0.13,0.95,0.16,0.27,-0.41,0.22,0.2,2.89,0.15,0.43,12.53,0.29,0.81,0.12,0.33,0.83,0.88
2,0.59,0.38,0.47,0.46,0.7,0.16,0.77,0.13,0.95,0.16,0.27,-0.41,0.22,0.2,2.89,0.15,0.43,12.53,0.29,0.81,0.12,0.33,0.83,0.88
2,0.45,0.38,0.49,0.55,0.7,0.17,0.56,0.25,0.93,0.16,-0.8,-0.11,0.14,0.12,5.12,0.12,0.65,1.7,0.38,0.71,0.14,0.39,0.72,0.8
2,0.45,0.38,0.49,0.55,0.7,0.17,0.56,0.25,0.93,0.16,-0.8,-0.11,0.14,0.12,5.12,0.12,0.65,1.7,0.38,0.71,0.14,0.39,0.72,0.8
2,0.45,0.38,0.49,0.55,0.7,0.17,0.56,0.25,0.93,0.16,-0.8,-0.11,0.14,0.12,5.12,0.12,0.65,1.7,0.38,0.71,0.14,0.39,0.72,0.8
2,0.45,0.38,0.49,0.55,0.7,0.17,0.56,0.25,0.93,0.16,-0.8,-0.11,0.14,0.12,5.12,0.12,0.65,1.7,0.38,0.71,0.14,0.39,0.72,0.8
2,0.45,0.38,0.49,0.55,0.7,0.17,0.56,0.25,0.93,0.16,-0.8,-0.11,0.14,0.12,5.12,0.12,0.65,1.7,0.38,0.71,0.14,0.39,0.72,0.8
2,0.45,0.38,0.49,0.55,0.7,0.17,0.56,0.25,0.93,0.16,-0.8,-0.11,0.14,0.12,5.12,0.12,0.65,1.7,0.38,0.71,0.14,0.39,0.72,0.8
2,0.45,0.38,0.49,0.55,0.7,0.17,0.56,0.25,0.93,0.16,-0.8,-0.11,0.14,0.12,5.12,0.12,0.65,1.7,0.38,0.71,0.14,0.39,0.72,0.8
2,0.45,0.38,0.49,0.55,0.7,0.17,0.56,0.25,0.93,0.16,-0.8,-0.11,0.14,0.12,5.12,0.12,0.65,1.7,0.38,0.71,0.14,0.39,0.72,0.8
2,0.45,0.38,0.49,0.55,0.7,0.17,0.56,0.25,0.93,0.16,-0.8,-0.11,0.14,0.12,5.12,0.12,0.65,1.7,0.38,0.71,0.14,0.39,0.72,0.8
2,0.45,0.38,0.49,0.55,0.7,0.17,0.56,0.25,0.93,0.16,-0.8,-0.11,0.14,0.12,5.12,0.12,0.65,1.7,0.38,0.71,0.14,0.39,0.72,0.8
2,0.45,0.38,0.49,0.55,0.7,0.17,0.56,0.25,0.93,0.16,-0.8,-0.11,0.14,0.12,5.12,0.12,0.65,1.7,0.38,0.71,0.14,0.39,0.72,0.8
2,0.45,0.38,0.49,0.55,0.7,0.17,0.56,0.25,0.93,0.16,-0.8,-0.11,0.14,0.12,5.12,0.12,0.65,1.7,0.38,0.71,0.14,0.39,0.72,0.8
2,0.05,0.56,0.06,0.8,0.66,0.1,0.57,0.04,0.98,0.08,0.15,-3.31,0.16,0.15,10.44,0.1,0.46,15.68,0.3,0.56,0.13,0.28,0.51,0.74
2,0.05,0.56,0.06,0.8,0.66,0.1,0.57,0.04,0.98,0.08,0.15,-3.31,0.16,0.15,10.44,0.1,0.46,15.68,0.3,0.56,0.13,0.28,0.51,0.74
2,0.05,0.56,0.06,0.8,0.66,0.1,0.57,0.04,0.98,0.08,0.15,-3.31,0.16,0.15,10.44,0.1,0.46,15.68,0.3,0.56,0.13,0.28,0.51,0.74
2,0.05,0.56,0.06,0.8,0.66,0.1,0.57,0.04,0.98,0.08,0.15,-3.31,0.16,0.15,10.44,0.1,0.46,15.68,0.3,0.56,0.13,0.28,0.51,0.74
2,0.05,0.56,0.06,0.8,0.66,0.1,0.57,0.04,0.98,0.08,0.15,-3.31,0.16,0.15,10.44,0.1,0.46,15.68,0.3,0.56,0.13,0.28,0.51,0.74
2,0.05,0.56,0.06,0.8,0.66,0.1,0.57,0.04,0.98,0.08,0.15,-3.31,0.16,0.15,10.44,0.1,0.46,15.68,0.3,0.56,0.13,0.28,0.51,0.74
2,0.05,0.56,0.06,0.8,0.66,0.1,0.57,0.04,0.98,0.08,0.15,-3.31,0.16,0.15,10.44,0.1,0.46,15.68,0.3,0.56,0.13,0.28,0.51,0.74
2,0.05,0.56,0.06,0.8,0.66,0.1,0.57,0.04,0.98,0.08,0.15,-3.31,0.16,0.15,10.44,0.1,0.46,15.68,0.3,0.56,0.13,0.28,0.51,0.74
2,0.05,0.56,0.06,0.8,0.66,0.1,0.57,0.04,0.98,0.08,0.15,-3.31,0.16,0.15,10.44,0.1,0.46,15.68,0.3,0.56,0.13,0.28,0.51,0.74
2,0.05,0.56,0.06,0.8,0.66,0.1,0.57,0.04,0.98,0.08,0.15,-3.31,0.16,0.15,10.44,0.1,0.46,15.68,0.3,0.56,0.13,0.28,0.51,0.74
2,0.05,0.56,0.06,0.8,0.66,0.1,0.57,0.04,0.98,0.08,0.15,-3.31,0.16,0.15,10.44,0.1,0.46,15.68,0.3,0.56,0.13,0.28,0.51,0.74
2,0.05,0.56,0.06,0.8,0.66,0.1,0.57,0.04,0.98,0.08,0.15,-3.31,0.16,0.15,10.44,0.1,0.46,15.68,0.3,0.56,0.13,0.28,0.51,0.74
2,0.24,0.39,0.4,0.51,0.73,0.12,0.47,0.16,0.95,0.12,-2.34,-0.08,0.16,0.16,17.32,0.11,0.54,4.99,0.33,0.47,0.12,0.33,0.46,0.68
2,0.24,0.39,0.4,0.51,0.73,0.12,0.47,0.16,0.95,0.12,-2.34,-0.08,0.16,0.16,17.32,0.11,0.54,4.99,0.33,0.47,0.12,0.33,0.46,0.68
2,0.24,0.39,0.4,0.51,0.73,0.12,0.47,0.16,0.95,0.12,-2.34,-0.08,0.16,0.16,17.32,0.11,0.54,4.99,0.33,0.47,0.12,0.33,0.46,0.68
2,0.24,0.39,0.4,0.51,0.73,0.12,0.47,0.16,0.95,0.12,-2.34,-0.08,0.16,0.16,17.32,0.11,0.54,4.99,0.33,0.47,0.12,0.33,0.46,0.68
2,0.24,0.39,0.4,0.51,0.73,0.12,0.47,0.16,0.95,0.12,-2.34,-0.08,0.16,0.16,17.32,0.11,0.54,4.99,0.33,0.47,0.12,0.33,0.46,0.68
2,0.24,0.39,0.4,0.51,0.73,0.12,0.47,0.16,0.95,0.12,-2.34,-0.08,0.16,0.16,17.32,0.11,0.54,4.99,0.33,0.47,0.12,0.33,0.46,0.68
2,0.24,0.39,0.4,0.51,0.73,0.12,0.47,0.16,0.95,0.12,-2.34,-0.08,0.16,0.16,17.32,0.11,0.54,4.99,0.33,0.47,0.12,0.33,0.46,0.68
2,0.24,0.39,0.4,0.51,0.73,0.12,0.47,0.16,0.95,0.12,-2.34,-0.08,0.16,0.16,17.32,0.11,0.54,4.99,0.33,0.47,0.12,0.33,0.46,0.68
2,0.24,0.39,0.4,0.51,0.73,0.12,0.47,0.16,0.95,0.12,-2.34,-0.08,0.16,0.16,17.32,0.11,0.54,4.99,0.33,0.47,0.12,0.33,0.46,0.68
2,0.24,0.39,0.4,0.51,0.73,0.12,0.47,0.16,0.95,0.12,-2.34,-0.08,0.16,0.16,17.32,0.11,0.54,4.99,0.33,0.47,0.12,0.33,0.46,0.68
2,0.24,0.39,0.4,0.51,0.73,0.12,0.47,0.16,0.95,0.12,-2.34,-0.08,0.16,0.16,17.32,0.11,0.54,4.99,0.33,0.47,0.12,0.33,0.46,0.68
2,0.24,0.39,0.4,0.51,0.73,0.12,0.47,0.16,0.95,0.12,-2.34,-0.08,0.16,0.16,17.32,0.11,0.54,4.99,0.33,0.47,0.12,0.33,0.46,0.68
2,0.49,0.5,0.21,0.5,0.36,0.2,0.56,0.16,0.92,0.19,0.6,-0.1,0.18,0.18,3.61,0.17,0.44,0.5,0.27,0.87,0.18,0.27,0.87,0.92
2,0.49,0.5,0.21,0.5,0.36,0.2,0.56,0.16,0.92,0.19,0.6,-0.1,0.18,0.18,3.61,0.17,0.44,0.5,0.27,0.87,0.18,0.27,0.87,0.92
2,0.49,0.5,0.21,0.5,0.36,0.2,0.56,0.16,0.92,0.19,0.6,-0.1,0.18,0.18,3.61,0.17,0.44,0.5,0.27,0.87,0.18,0.27,0.87,0.92
2,0.49,0.5,0.21,0.5,0.36,0.2,0.56,0.16,0.92,0.19,0.6,-0.1,0.18,0.18,3.61,0.17,0.44,0.5,0.27,0.87,0.18,0.27,0.87,0.92
2,0.49,0.5,0.21,0.5,0.36,0.2,0.56,0.16,0.92,0.19,0.6,-0.1,0.18,0.18,3.61,0.17,0.44,0.5,0.27,0.87,0.18,0.27,0.87,0.92
2,0.49,0.5,0.21,0.5,0.36,0.2,0.56,0.16,0.92,0.19,0.6,-0.1,0.18,0.18,3.61,0.17,0.44,0.5,0.27,0.87,0.18,0.27,0.87,0.92
2,0.49,0.5,0.21,0.5,0.36,0.2,0.56,0.16,0.92,0.19,0.6,-0.1,0.18,0.18,3.61,0.17,0.44,0.5,0.27,0.87,0.18,0.27,0.87,0.92
2,0.49,0.5,0.21,0.5,0.36,0.2,0.56,0.16,0.92,0.19,0.6,-0.1,0.18,0.18,3.61,0.17,0.44,0.5,0.27,0.87,0.18,0.27,0.87,0.92
2,0.49,0.5,0.21,0.5,0.36,0.2,0.56,0.16,0.92,0.19,0.6,-0.1,0.18,0.18,3.61,0.17,0.44,0.5,0.27,0.87,0.18,0.27,0.87,0.92
2,0.49,0.5,0.21,0.5,0.36,0.2,0.56,0.16,0.92,0.19,0.6,-0.1,0.18,0.18,3.61,0.17,0.44,0.5,0.27,0.87,0.18,0.27,0.87,0.92
2,0.49,0.5,0.21,0.5,0.36,0.2,0.56,0.16,0.92,0.19,0.6,-0.1,0.18,0.18,3.61,0.17,0.44,0.5,0.27,0.87,0.18,0.27,0.87,0.92
2,0.49,0.5,0.21,0.5,0.36,0.2,0.56,0.16,0.92,0.19,0.6,-0.1,0.18,0.18,3.61,0.17,0.44,0.5,0.27,0.87,0.18,0.27,0.87,0.92
2,0.03,0.46,0.03,0.45,0.37,0.14,0.78,0.14,0.92,0.12,0.42,0.46,0.11,0.1,2.93,0.11,0.37,1.49,0.24,0.92,0.17,0.22,0.91,0.95
2,0.03,0.46,0.03,0.45,0.37,0.14,0.78,0.14,0.92,0.12,0.42,0.46,0.11,0.1,2.93,0.11,0.37,1.49,0.24,0.92,0.17,0.22,0.91,0.95
2,0.03,0.46,0.03,0.45,0.37,0.14,0.78,0.14,0.92,0.12,0.42,0.46,0.11,0.1,2.93,0.11,0.37,1.49,0.24,0.92,0.17,0.22,0.91,0.95
2,0.03,0.46,0.03,0.45,0.37,0.14,0.78,0.14,0.92,0.12,0.42,0.46,0.11,0.1,2.93,0.11,0.37,1.49,0.24,0.92,0.17,0.22,0.91,0.95
2,0.03,0.46,0.03,0.45,0.37,0.14,0.78,0.14,0.92,0.12,0.42,0.46,0.11,0.1,2.93,0.11,0.37,1.49,0.24,0.92,0.17,0.22,0.91,0.95
2,0.03,0.46,0.03,0.45,0.37,0.14,0.78,0.14,0.92,0.12,0.42,0.46,0.11,0.1,2.93,0.11,0.37,1.49,0.24,0.92,0.17,0.22,0.91,0.95
2,0.03,0.46,0.03,0.45,0.37,0.14,0.78,0.14,0.92,0.12,0.42,0.46,0.11,0.1,2.93,0.11,0.37,1.49,0.24,0.92,0.17,0.22,0.91,0.95
2,0.03,0.46,0.03,0.45,0.37,0.14,0.78,0.14,0.92,0.12,0.42,0.46,0.11,0.1,2.93,0.11,0.37,1.49,0.24,0.92,0.17,0.22,0.91,0.95
2,0.03,0.46,0.03,0.45,0.37,0.14,0.78,0.14,0.92,0.12,0.42,0.46,0.11,0.1,2.93,0.11,0.37,1.49,0.24,0.92,0.17,0.22,0.91,0.95
2,0.03,0.46,0.03,0.45,0.37,0.14,0.78,0.14,0.92,0.12,0.42,0.46,0.11,0.1,2.93,0.11,0.37,1.49,0.24,0.92,0.17,0.22,0.91,0.95
2,0.03,0.46,0.03,0.45,0.37,0.14,0.78,0.14,0.92,0.12,0.42,0.46,0.11,0.1,2.93,0.11,0.37,1.49,0.24,0.92,0.17,0.22,0.91,0.95
2,0.03,0.46,0.03,0.45,0.37,0.14,0.78,0.14,0.92,0.12,0.42,0.46,0.11,0.1,2.93,0.11,0.37,1.49,0.24,0.92,0.17,0.22,0.91,0.95
2,0.92,0.27,0.17,0.56,0.79,0.12,0.55,0.06,0.98,0.17,-1.38,-0.42,0.12,0.1,17.27,0.12,0.68,4.78,0.35,0.56,0.13,0.39,0.61,0.81
2,0.92,0.27,0.17,0.56,0.79,0.12,0.55,0.06,0.98,0.17,-1.38,-0.42,0.12,0.1,17.27,0.12,0.68,4.78,0.35,0.56,0.13,0.39,0.61,0.81
2,0.92,0.27,0.17,0.56,0.79,0.12,0.55,0.06,0.98,0.17,-1.38,-0.42,0.12,0.1,17.27,0.12,0.68,4.78,0.35,0.56,0.13,0.39,0.61,0.81
2,0.92,0.27,0.17,0.56,0.79,0.12,0.55,0.06,0.98,0.17,-1.38,-0.42,0.12,0.1,17.27,0.12,0.68,4.78,0.35,0.56,0.13,0.39,0.61,0.81
2,0.92,0.27,0.17,0.56,0.79,0.12,0.55,0.06,0.98,0.17,-1.38,-0.42,0.12,0.1,17.27,0.12,0.68,4.78,0.35,0.56,0.13,0.39,0.61,0.81
2,0.92,0.27,0.17,0.56,0.79,0.12,0.55,0.06,0.98,0.17,-1.38,-0.42,0.12,0.1,17.27,0.12,0.68,4.78,0.35,0.56,0.13,0.39,0.61,0.81
2,0.92,0.27,0.17,0.56,0.79,0.12,0.55,0.06,0.98,0.17,-1.38,-0.42,0.12,0.1,17.27,0.12,0.68,4.78,0.35,0.56,0.13,0.39,0.61,0.81
2,0.92,0.27,0.17,0.56,0.79,0.12,0.55,0.06,0.98,0.17,-1.38,-0.42,0.12,0.1,17.27,0.12,0.68,4.78,0.35,0.56,0.13,0.39,0.61,0.81
2,0.92,0.27,0.17,0.56,0.79,0.12,0.55,0.06,0.98,0.17,-1.38,-0.42,0.12,0.1,17.27,0.12,0.68,4.78,0.35,0.56,0.13,0.39,0.61,0.81
2,0.92,0.27,0.17,0.56,0.79,0.12,0.55,0.06,0.98,0.17,-1.38,-0.42,0.12,0.1,17.27,0.12,0.68,4.78,0.35,0.56,0.13,0.39,0.61,0.81
2,0.92,0.27,0.17,0.56,0.79,0.12,0.55,0.06,0.98,0.17,-1.38,-0.42,0.12,0.1,17.27,0.12,0.68,4.78,0.35,0.56,0.13,0.39,0.61,0.81
2,0.92,0.27,0.17,0.56,0.79,0.12,0.55,0.06,0.98,0.17,-1.38,-0.42,0.12,0.1,17.27,0.12,0.68,4.78,0.35,0.56,0.13,0.39,0.61,0.81
2,0.88,0.29,0.26,0.57,0.74,0.14,0.75,0.11,0.97,0.17,-0.92,-0.32,0.15,0.15,28.81,0.13,0.64,4.37,0.3,0.82,0.15,0.34,0.84,0.91
2,0.88,0.29,0.26,0.57,0.74,0.14,0.75,0.11,0.97,0.17,-0.92,-0.32,0.15,0.15,28.81,0.13,0.64,4.37,0.3,0.82,0.15,0.34,0.84,0.91
2,0.88,0.29,0.26,0.57,0.74,0.14,0.75,0.11,0.97,0.17,-0.92,-0.32,0.15,0.15,28.81,0.13,0.64,4.37,0.3,0.82,0.15,0.34,0.84,0.91
2,0.88,0.29,0.26,0.57,0.74,0.14,0.75,0.11,0.97,0.17,-0.92,-0.32,0.15,0.15,28.81,0.13,0.64,4.37,0.3,0.82,0.15,0.34,0.84,0.91
2,0.88,0.29,0.26,0.57,0.74,0.14,0.75,0.11,0.97,0.17,-0.92,-0.32,0.15,0.15,28.81,0.13,0.64,4.37,0.3,0.82,0.15,0.34,0.84,0.91
2,0.88,0.29,0.26,0.57,0.74,0.14,0.75,0.11,0.97,0.17,-0.92,-0.32,0.15,0.15,28.81,0.13,0.64,4.37,0.3,0.82,0.15,0.34,0.84,0.91
2,0.88,0.29,0.26,0.57,0.74,0.14,0.75,0.11,0.97,0.17,-0.92,-0.32,0.15,0.15,28.81,0.13,0.64,4.37,0.3,0.82,0.15,0.34,0.84,0.91
2,0.88,0.29,0.26,0.57,0.74,0.14,0.75,0.11,0.97,0.17,-0.92,-0.32,0.15,0.15,28.81,0.13,0.64,4.37,0.3,0.82,0.15,0.34,0.84,0.91
2,0.88,0.29,0.26,0.57,0.74,0.14,0.75,0.11,0.97,0.17,-0.92,-0.32,0.15,0.15,28.81,0.13,0.64,4.37,0.3,0.82,0.15,0.34,0.84,0.91
2,0.88,0.29,0.26,0.57,0.74,0.14,0.75,0.11,0.97,0.17,-0.92,-0.32,0.15,0.15,28.81,0.13,0.64,4.37,0.3,0.82,0.15,0.34,0.84,0.91
2,0.88,0.29,0.26,0.57,0.74,0.14,0.75,0.11,0.97,0.17,-0.92,-0.32,0.15,0.15,28.81,0.13,0.64,4.37,0.3,0.82,0.15,0.34,0.84,0.91
2,0.88,0.29,0.26,0.57,0.74,0.14,0.75,0.11,0.97,0.17,-0.92,-0.32,0.15,0.15,28.81,0.13,0.64,4.37,0.3,0.82,0.15,0.34,0.84,0.91
2,0.58,0.52,0.18,0.53,0.41,0.18,0.52,0.15,0.93,0.17,0.42,0.25,0.14,0.14,3.54,0.13,0.4,0.59,0.37,0.77,0.2,0.32,0.74,0.86
2,0.58,0.52,0.18,0.53,0.41,0.18,0.52,0.15,0.93,0.17,0.42,0.25,0.14,0.14,3.54,0.13,0.4,0.59,0.37,0.77,0.2,0.32,0.74,0.86
2,0.58,0.52,0.18,0.53,0.41,0.18,0.52,0.15,0.93,0.17,0.42,0.25,0.14,0.14,3.54,0.13,0.4,0.59,0.37,0.77,0.2,0.32,0.74,0.86
2,0.58,0.52,0.18,0.53,0.41,0.18,0.52,0.15,0.93,0.17,0.42,0.25,0.14,0.14,3.54,0.13,0.4,0.59,0.37,0.77,0.2,0.32,0.74,0.86
2,0.58,0.52,0.18,0.53,0.41,0.18,0.52,0.15,0.93,0.17,0.42,0.25,0.14,0.14,3.54,0.13,0.4,0.59,0.37,0.77,0.2,0.32,0.74,0.86
2,0.58,0.52,0.18,0.53,0.41,0.18,0.52,0.15,0.93,0.17,0.42,0.25,0.14,0.14,3.54,0.13,0.4,0.59,0.37,0.77,0.2,0.32,0.74,0.86
2,0.58,0.52,0.18,0.53,0.41,0.18,0.52,0.15,0.93,0.17,0.42,0.25,0.14,0.14,3.54,0.13,0.4,0.59,0.37,0.77,0.2,0.32,0.74,0.86
2,0.58,0.52,0.18,0.53,0.41,0.18,0.52,0.15,0.93,0.17,0.42,0.25,0.14,0.14,3.54,0.13,0.4,0.59,0.37,0.77,0.2,0.32,0.74,0.86
2,0.58,0.52,0.18,0.53,0.41,0.18,0.52,0.15,0.93,0.17,0.42,0.25,0.14,0.14,3.54,0.13,0.4,0.59,0.37,0.77,0.2,0.32,0.74,0.86
2,0.58,0.52,0.18,0.53,0.41,0.18,0.52,0.15,0.93,0.17,0.42,0.25,0.14,0.14,3.54,0.13,0.4,0.59,0.37,0.77,0.2,0.32,0.74,0.86
2,0.58,0.52,0.18,0.53,0.41,0.18,0.52,0.15,0.93,0.17,0.42,0.25,0.14,0.14,3.54,0.13,0.4,0.59,0.37,0.77,0.2,0.32,0.74,0.86
2,0.58,0.52,0.18,0.53,0.41,0.18,0.52,0.15,0.93,0.17,0.42,0.25,0.14,0.14,3.54,0.13,0.4,0.59,0.37,0.77,0.2,0.32,0.74,0.86
2,0.17,0.39,0.35,0.59,0.57,0.11,0.6,0.41,0.89,0.14,-0.62,-0.58,0.15,0.15,24.83,0.13,0.44,3.87,0.34,0.71,0.16,0.33,0.71,0.83
2,0.17,0.39,0.35,0.59,0.57,0.11,0.6,0.41,0.89,0.14,-0.62,-0.58,0.15,0.15,24.83,0.13,0.44,3.87,0.34,0.71,0.16,0.33,0.71,0.83
2,0.17,0.39,0.35,0.59,0.57,0.11,0.6,0.41,0.89,0.14,-0.62,-0.58,0.15,0.15,24.83,0.13,0.44,3.87,0.34,0.71,0.16,0.33,0.71,0.83
2,0.17,0.39,0.35,0.59,0.57,0.11,0.6,0.41,0.89,0.14,-0.62,-0.58,0.15,0.15,24.83,0.13,0.44,3.87,0.34,0.71,0.16,0.33,0.71,0.83
2,0.17,0.39,0.35,0.59,0.57,0.11,0.6,0.41,0.89,0.14,-0.62,-0.58,0.15,0.15,24.83,0.13,0.44,3.87,0.34,0.71,0.16,0.33,0.71,0.83
2,0.17,0.39,0.35,0.59,0.57,0.11,0.6,0.41,0.89,0.14,-0.62,-0.58,0.15,0.15,24.83,0.13,0.44,3.87,0.34,0.71,0.16,0.33,0.71,0.83
2,0.17,0.39,0.35,0.59,0.57,0.11,0.6,0.41,0.89,0.14,-0.62,-0.58,0.15,0.15,24.83,0.13,0.44,3.87,0.34,0.71,0.16,0.33,0.71,0.83
2,0.17,0.39,0.35,0.59,0.57,0.11,0.6,0.41,0.89,0.14,-0.62,-0.58,0.15,0.15,24.83,0.13,0.44,3.87,0.34,0.71,0.16,0.33,0.71,0.83
2,0.17,0.39,0.35,0.59,0.57,0.11,0.6,0.41,0.89,0.14,-0.62,-0.58,0.15,0.15,24.83,0.13,0.44,3.87,0.34,0.71,0.16,0.33,0.71,0.83
2,0.17,0.39,0.35,0.59,0.57,0.11,0.6,0.41,0.89,0.14,-0.62,-0.58,0.15,0.15,24.83,0.13,0.44,3.87,0.34,0.71,0.16,0.33,0.71,0.83
2,0.17,0.39,0.35,0.59,0.57,0.11,0.6,0.41,0.89,0.14,-0.62,-0.58,0.15,0.15,24.83,0.13,0.44,3.87,0.34,0.71,0.16,0.33,0.71,0.83
2,0.17,0.39,0.35,0.59,0.57,0.11,0.6,0.41,0.89,0.14,-0.62,-0.58,0.15,0.15,24.83,0.13,0.44,3.87,0.34,0.71,0.16,0.33,0.71,0.83
2,0.43,0.39,0.16,0.46,0.41,0.15,0.8,0.09,0.91,0.16,0.47,0.2,0.15,0.16,1.03,0.11,0.19,0.59,0.16,0.96,0.18,0.14,0.95,0.97
2,0.43,0.39,0.16,0.46,0.41,0.15,0.8,0.09,0.91,0.16,0.47,0.2,0.15,0.16,1.03,0.11,0.19,0.59,0.16,0.96,0.18,0.14,0.95,0.97
2,0.43,0.39,0.16,0.46,0.41,0.15,0.8,0.09,0.91,0.16,0.47,0.2,0.15,0.16,1.03,0.11,0.19,0.59,0.16,0.96,0.18,0.14,0.95,0.97
2,0.43,0.39,0.16,0.46,0.41,0.15,0.8,0.09,0.91,0.16,0.47,0.2,0.15,0.16,1.03,0.11,0.19,0.59,0.16,0.96,0.18,0.14,0.95,0.97
2,0.43,0.39,0.16,0.46,0.41,0.15,0.8,0.09,0.91,0.16,0.47,0.2,0.15,0.16,1.03,0.11,0.19,0.59,0.16,0.96,0.18,0.14,0.95,0.97
2,0.43,0.39,0.16,0.46,0.41,0.15,0.8,0.09,0.91,0.16,0.47,0.2,0.15,0.16,1.03,0.11,0.19,0.59,0.16,0.96,0.18,0.14,0.95,0.97
2,0.43,0.39,0.16,0.46,0.41,0.15,0.8,0.09,0.91,0.16,0.47,0.2,0.15,0.16,1.03,0.11,0.19,0.59,0.16,0.96,0.18,0.14,0.95,0.97
2,0.43,0.39,0.16,0.46,0.41,0.15,0.8,0.09,0.91,0.16,0.47,0.2,0.15,0.16,1.03,0.11,0.19,0.59,0.16,0.96,0.18,0.14,0.95,0.97
2,0.43,0.39,0.16,0.46,0.41,0.15,0.8,0.09,0.91,0.16,0.47,0.2,0.15,0.16,1.03,0.11,0.19,0.59,0.16,0.96,0.18,0.14,0.95,0.97
2,0.43,0.39,0.16,0.46,0.41,0.15,0.8,0.09,0.91,0.16,0.47,0.2,0.15,0.16,1.03,0.11,0.19,0.59,0.16,0.96,0.18,0.14,0.95,0.97
2,0.43,0.39,0.16,0.46,0.41,0.15,0.8,0.09,0.91,0.16,0.47,0.2,0.15,0.16,1.03,0.11,0.19,0.59,0.16,0.96,0.18,0.14,0.95,0.97
2,0.43,0.39,0.16,0.46,0.41,0.15,0.8,0.09,0.91,0.16,0.47,0.2,0.15,0.16,1.03,0.11,0.19,0.59,0.16,0.96,0.18,0.14,0.95,0.97
2,0.6,0.35,0.48,0.55,0.77,0.15,0.75,0.05,0.98,0.12,-0.39,0.07,0.14,0.12,3.09,0.1,0.55,1.76,0.34,0.59,0.09,0.34,0.6,0.9
2,0.6,0.35,0.48,0.55,0.77,0.15,0.75,0.05,0.98,0.12,-0.39,0.07,0.14,0.12,3.09,0.1,0.55,1.76,0.34,0.59,0.09,0.34,0.6,0.9
2,0.6,0.35,0.48,0.55,0.77,0.15,0.75,0.05,0.98,0.12,-0.39,0.07,0.14,0.12,3.09,0.1,0.55,1.76,0.34,0.59,0.09,0.34,0.6,0.9
2,0.6,0.35,0.48,0.55,0.77,0.15,0.75,0.05,0.98,0.12,-0.39,0.07,0.14,0.12,3.09,0.1,0.55,1.76,0.34,0.59,0.09,0.34,0.6,0.9
2,0.6,0.35,0.48,0.55,0.77,0.15,0.75,0.05,0.98,0.12,-0.39,0.07,0.14,0.12,3.09,0.1,0.55,1.76,0.34,0.59,0.09,0.34,0.6,0.9
2,0.6,0.35,0.48,0.55,0.77,0.15,0.75,0.05,0.98,0.12,-0.39,0.07,0.14,0.12,3.09,0.1,0.55,1.76,0.34,0.59,0.09,0.34,0.6,0.9
2,0.6,0.35,0.48,0.55,0.77,0.15,0.75,0.05,0.98,0.12,-0.39,0.07,0.14,0.12,3.09,0.1,0.55,1.76,0.34,0.59,0.09,0.34,0.6,0.9
2,0.6,0.35,0.48,0.55,0.77,0.15,0.75,0.05,0.98,0.12,-0.39,0.07,0.14,0.12,3.09,0.1,0.55,1.76,0.34,0.59,0.09,0.34,0.6,0.9
2,0.6,0.35,0.48,0.55,0.77,0.15,0.75,0.05,0.98,0.12,-0.39,0.07,0.14,0.12,3.09,0.1,0.55,1.76,0.34,0.59,0.09,0.34,0.6,0.9
2,0.6,0.35,0.48,0.55,0.77,0.15,0.75,0.05,0.98,0.12,-0.39,0.07,0.14,0.12,3.09,0.1,0.55,1.76,0.34,0.59,0.09,0.34,0.6,0.9
2,0.6,0.35,0.48,0.55,0.77,0.15,0.75,0.05,0.98,0.12,-0.39,0.07,0.14,0.12,3.09,0.1,0.55,1.76,0.34,0.59,0.09,0.34,0.6,0.9
2,0.6,0.35,0.48,0.55,0.77,0.15,0.75,0.05,0.98,0.12,-0.39,0.07,0.14,0.12,3.09,0.1,0.55,1.76,0.34,0.59,0.09,0.34,0.6,0.9
2,0.53,0.5,0.18,0.38,0.35,0.17,0.71,0.16,0.92,0.15,0.56,0.53,0.18,0.18,2.07,0.15,0.28,1.04,0.28,0.87,0.18,0.26,0.86,0.92
2,0.53,0.5,0.18,0.38,0.35,0.17,0.71,0.16,0.92,0.15,0.56,0.53,0.18,0.18,2.07,0.15,0.28,1.04,0.28,0.87,0.18,0.26,0.86,0.92
2,0.53,0.5,0.18,0.38,0.35,0.17,0.71,0.16,0.92,0.15,0.56,0.53,0.18,0.18,2.07,0.15,0.28,1.04,0.28,0.87,0.18,0.26,0.86,0.92
2,0.53,0.5,0.18,0.38,0.35,0.17,0.71,0.16,0.92,0.15,0.56,0.53,0.18,0.18,2.07,0.15,0.28,1.04,0.28,0.87,0.18,0.26,0.86,0.92
2,0.53,0.5,0.18,0.38,0.35,0.17,0.71,0.16,0.92,0.15,0.56,0.53,0.18,0.18,2.07,0.15,0.28,1.04,0.28,0.87,0.18,0.26,0.86,0.92
2,0.53,0.5,0.18,0.38,0.35,0.17,0.71,0.16,0.92,0.15,0.56,0.53,0.18,0.18,2.07,0.15,0.28,1.04,0.28,0.87,0.18,0.26,0.86,0.92
2,0.53,0.5,0.18,0.38,0.35,0.17,0.71,0.16,0.92,0.15,0.56,0.53,0.18,0.18,2.07,0.15,0.28,1.04,0.28,0.87,0.18,0.26,0.86,0.92
2,0.53,0.5,0.18,0.38,0.35,0.17,0.71,0.16,0.92,0.15,0.56,0.53,0.18,0.18,2.07,0.15,0.28,1.04,0.28,0.87,0.18,0.26,0.86,0.92
2,0.53,0.5,0.18,0.38,0.35,0.17,0.71,0.16,0.92,0.15,0.56,0.53,0.18,0.18,2.07,0.15,0.28,1.04,0.28,0.87,0.18,0.26,0.86,0.92
2,0.53,0.5,0.18,0.38,0.35,0.17,0.71,0.16,0.92,0.15,0.56,0.53,0.18,0.18,2.07,0.15,0.28,1.04,0.28,0.87,0.18,0.26,0.86,0.92
2,0.53,0.5,0.18,0.38,0.35,0.17,0.71,0.16,0.92,0.15,0.56,0.53,0.18,0.18,2.07,0.15,0.28,1.04,0.28,0.87,0.18,0.26,0.86,0.92
2,0.53,0.5,0.18,0.38,0.35,0.17,0.71,0.16,0.92,0.15,0.56,0.53,0.18,0.18,2.07,0.15,0.28,1.04,0.28,0.87,0.18,0.26,0.86,0.92
2,0.3,0.5,0.4,0.47,0.47,0.22,0.63,0.23,0.93,0.19,0.42,0.26,0.26,0.25,3.51,0.23,0.32,7.55,0.34,0.71,0.19,0.34,0.72,0.76
2,0.3,0.5,0.4,0.47,0.47,0.22,0.63,0.23,0.93,0.19,0.42,0.26,0.26,0.25,3.51,0.23,0.32,7.55,0.34,0.71,0.19,0.34,0.72,0.76
2,0.3,0.5,0.4,0.47,0.47,0.22,0.63,0.23,0.93,0.19,0.42,0.26,0.26,0.25,3.51,0.23,0.32,7.55,0.34,0.71,0.19,0.34,0.72,0.76
2,0.3,0.5,0.4,0.47,0.47,0.22,0.63,0.23,0.93,0.19,0.42,0.26,0.26,0.25,3.51,0.23,0.32,7.55,0.34,0.71,0.19,0.34,0.72,0.76
2,0.3,0.5,0.4,0.47,0.47,0.22,0.63,0.23,0.93,0.19,0.42,0.26,0.26,0.25,3.51,0.23,0.32,7.55,0.34,0.71,0.19,0.34,0.72,0.76
2,0.3,0.5,0.4,0.47,0.47,0.22,0.63,0.23,0.93,0.19,0.42,0.26,0.26,0.25,3.51,0.23,0.32,7.55,0.34,0.71,0.19,0.34,0.72,0.76
2,0.3,0.5,0.4,0.47,0.47,0.22,0.63,0.23,0.93,0.19,0.42,0.26,0.26,0.25,3.51,0.23,0.32,7.55,0.34,0.71,0.19,0.34,0.72,0.76
2,0.3,0.5,0.4,0.47,0.47,0.22,0.63,0.23,0.93,0.19,0.42,0.26,0.26,0.25,3.51,0.23,0.32,7.55,0.34,0.71,0.19,0.34,0.72,0.76
2,0.3,0.5,0.4,0.47,0.47,0.22,0.63,0.23,0.93,0.19,0.42,0.26,0.26,0.25,3.51,0.23,0.32,7.55,0.34,0.71,0.19,0.34,0.72,0.76
2,0.3,0.5,0.4,0.47,0.47,0.22,0.63,0.23,0.93,0.19,0.42,0.26,0.26,0.25,3.51,0.23,0.32,7.55,0.34,0.71,0.19,0.34,0.72,0.76
2,0.3,0.5,0.4,0.47,0.47,0.22,0.63,0.23,0.93,0.19,0.42,0.26,0.26,0.25,3.51,0.23,0.32,7.55,0.34,0.71,0.19,0.34,0.72,0.76
2,0.3,0.5,0.4,0.47,0.47,0.22,0.63,0.23,0.93,0.19,0.42,0.26,0.26,0.25,3.51,0.23,0.32,7.55,0.34,0.71,0.19,0.34,0.72,0.76
2,0.55,0.48,0.15,0.55,0.5,0.15,0.76,0.06,0.94,0.19,-0.27,-0.14,0.2,0.19,0.74,0.22,0.51,0.97,0.28,0.87,0.2,0.28,0.87,0.94
2,0.55,0.48,0.15,0.55,0.5,0.15,0.76,0.06,0.94,0.19,-0.27,-0.14,0.2,0.19,0.74,0.22,0.51,0.97,0.28,0.87,0.2,0.28,0.87,0.94
2,0.55,0.48,0.15,0.55,0.5,0.15,0.76,0.06,0.94,0.19,-0.27,-0.14,0.2,0.19,0.74,0.22,0.51,0.97,0.28,0.87,0.2,0.28,0.87,0.94
2,0.55,0.48,0.15,0.55,0.5,0.15,0.76,0.06,0.94,0.19,-0.27,-0.14,0.2,0.19,0.74,0.22,0.51,0.97,0.28,0.87,0.2,0.28,0.87,0.94
2,0.55,0.48,0.15,0.55,0.5,0.15,0.76,0.06,0.94,0.19,-0.27,-0.14,0.2,0.19,0.74,0.22,0.51,0.97,0.28,0.87,0.2,0.28,0.87,0.94
2,0.55,0.48,0.15,0.55,0.5,0.15,0.76,0.06,0.94,0.19,-0.27,-0.14,0.2,0.19,0.74,0.22,0.51,0.97,0.28,0.87,0.2,0.28,0.87,0.94
2,0.55,0.48,0.15,0.55,0.5,0.15,0.76,0.06,0.94,0.19,-0.27,-0.14,0.2,0.19,0.74,0.22,0.51,0.97,0.28,0.87,0.2,0.28,0.87,0.94
2,0.55,0.48,0.15,0.55,0.5,0.15,0.76,0.06,0.94,0.19,-0.27,-0.14,0.2,0.19,0.74,0.22,0.51,0.97,0.28,0.87,0.2,0.28,0.87,0.94
2,0.55,0.48,0.15,0.55,0.5,0.15,0.76,0.06,0.94,0.19,-0.27,-0.14,0.2,0.19,0.74,0.22,0.51,0.97,0.28,0.87,0.2,0.28,0.87,0.94
2,0.55,0.48,0.15,0.55,0.5,0.15,0.76,0.06,0.94,0.19,-0.27,-0.14,0.2,0.19,0.74,0.22,0.51,0.97,0.28,0.87,0.2,0.28,0.87,0.94
2,0.55,0.48,0.15,0.55,0.5,0.15,0.76,0.06,0.94,0.19,-0.27,-0.14,0.2,0.19,0.74,0.22,0.51,0.97,0.28,0.87,0.2,0.28,0.87,0.94
2,0.55,0.48,0.15,0.55,0.5,0.15,0.76,0.06,0.94,0.19,-0.27,-0.14,0.2,0.19,0.74,0.22,0.51,0.97,0.28,0.87,0.2,0.28,0.87,0.94
2,0.05,0.52,0.08,0.52,0.56,0.09,0.81,0.06,0.97,0.07,0.44,-1.11,0.19,0.16,2.58,0.11,0.55,2.95,0.32,0.81,0.1,0.29,0.78,0.89
2,0.05,0.52,0.08,0.52,0.56,0.09,0.81,0.06,0.97,0.07,0.44,-1.11,0.19,0.16,2.58,0.11,0.55,2.95,0.32,0.81,0.1,0.29,0.78,0.89
2,0.05,0.52,0.08,0.52,0.56,0.09,0.81,0.06,0.97,0.07,0.44,-1.11,0.19,0.16,2.58,0.11,0.55,2.95,0.32,0.81,0.1,0.29,0.78,0.89
2,0.05,0.52,0.08,0.52,0.56,0.09,0.81,0.06,0.97,0.07,0.44,-1.11,0.19,0.16,2.58,0.11,0.55,2.95,0.32,0.81,0.1,0.29,0.78,0.89
2,0.05,0.52,0.08,0.52,0.56,0.09,0.81,0.06,0.97,0.07,0.44,-1.11,0.19,0.16,2.58,0.11,0.55,2.95,0.32,0.81,0.1,0.29,0.78,0.89
2,0.05,0.52,0.08,0.52,0.56,0.09,0.81,0.06,0.97,0.07,0.44,-1.11,0.19,0.16,2.58,0.11,0.55,2.95,0.32,0.81,0.1,0.29,0.78,0.89
2,0.05,0.52,0.08,0.52,0.56,0.09,0.81,0.06,0.97,0.07,0.44,-1.11,0.19,0.16,2.58,0.11,0.55,2.95,0.32,0.81,0.1,0.29,0.78,0.89
2,0.05,0.52,0.08,0.52,0.56,0.09,0.81,0.06,0.97,0.07,0.44,-1.11,0.19,0.16,2.58,0.11,0.55,2.95,0.32,0.81,0.1,0.29,0.78,0.89
2,0.05,0.52,0.08,0.52,0.56,0.09,0.81,0.06,0.97,0.07,0.44,-1.11,0.19,0.16,2.58,0.11,0.55,2.95,0.32,0.81,0.1,0.29,0.78,0.89
2,0.05,0.52,0.08,0.52,0.56,0.09,0.81,0.06,0.97,0.07,0.44,-1.11,0.19,0.16,2.58,0.11,0.55,2.95,0.32,0.81,0.1,0.29,0.78,0.89
2,0.05,0.52,0.08,0.52,0.56,0.09,0.81,0.06,0.97,0.07,0.44,-1.11,0.19,0.16,2.58,0.11,0.55,2.95,0.32,0.81,0.1,0.29,0.78,0.89
2,0.05,0.52,0.08,0.52,0.56,0.09,0.81,0.06,0.97,0.07,0.44,-1.11,0.19,0.16,2.58,0.11,0.55,2.95,0.32,0.81,0.1,0.29,0.78,0.89
2,0.07,0.63,0.06,0.83,0.62,0.14,0.67,0.28,0.91,0.11,-1.32,-3.52,0.15,0.15,19.5,0.11,0.61,25.65,0.37,0.71,0.17,0.33,0.68,0.83
2,0.07,0.63,0.06,0.83,0.62,0.14,0.67,0.28,0.91,0.11,-1.32,-3.52,0.15,0.15,19.5,0.11,0.61,25.65,0.37,0.71,0.17,0.33,0.68,0.83
2,0.07,0.63,0.06,0.83,0.62,0.14,0.67,0.28,0.91,0.11,-1.32,-3.52,0.15,0.15,19.5,0.11,0.61,25.65,0.37,0.71,0.17,0.33,0.68,0.83
2,0.07,0.63,0.06,0.83,0.62,0.14,0.67,0.28,0.91,0.11,-1.32,-3.52,0.15,0.15,19.5,0.11,0.61,25.65,0.37,0.71,0.17,0.33,0.68,0.83
2,0.07,0.63,0.06,0.83,0.62,0.14,0.67,0.28,0.91,0.11,-1.32,-3.52,0.15,0.15,19.5,0.11,0.61,25.65,0.37,0.71,0.17,0.33,0.68,0.83
2,0.07,0.63,0.06,0.83,0.62,0.14,0.67,0.28,0.91,0.11,-1.32,-3.52,0.15,0.15,19.5,0.11,0.61,25.65,0.37,0.71,0.17,0.33,0.68,0.83
2,0.07,0.63,0.06,0.83,0.62,0.14,0.67,0.28,0.91,0.11,-1.32,-3.52,0.15,0.15,19.5,0.11,0.61,25.65,0.37,0.71,0.17,0.33,0.68,0.83
2,0.07,0.63,0.06,0.83,0.62,0.14,0.67,0.28,0.91,0.11,-1.32,-3.52,0.15,0.15,19.5,0.11,0.61,25.65,0.37,0.71,0.17,0.33,0.68,0.83
2,0.07,0.63,0.06,0.83,0.62,0.14,0.67,0.28,0.91,0.11,-1.32,-3.52,0.15,0.15,19.5,0.11,0.61,25.65,0.37,0.71,0.17,0.33,0.68,0.83
2,0.07,0.63,0.06,0.83,0.62,0.14,0.67,0.28,0.91,0.11,-1.32,-3.52,0.15,0.15,19.5,0.11,0.61,25.65,0.37,0.71,0.17,0.33,0.68,0.83
2,0.07,0.63,0.06,0.83,0.62,0.14,0.67,0.28,0.91,0.11,-1.32,-3.52,0.15,0.15,19.5,0.11,0.61,25.65,0.37,0.71,0.17,0.33,0.68,0.83
2,0.07,0.63,0.06,0.83,0.62,0.14,0.67,0.28,0.91,0.11,-1.32,-3.52,0.15,0.15,19.5,0.11,0.61,25.65,0.37,0.71,0.17,0.33,0.68,0.83
2,0.05,0.62,0.02,0.5,0.26,0.16,0.62,0.14,0.95,0.16,1.29,-0.07,0.14,0.16,4.8,0.12,0.36,1.6,0.35,0.73,0.14,0.32,0.71,0.75
2,0.05,0.62,0.02,0.5,0.26,0.16,0.62,0.14,0.95,0.16,1.29,-0.07,0.14,0.16,4.8,0.12,0.36,1.6,0.35,0.73,0.14,0.32,0.71,0.75
2,0.05,0.62,0.02,0.5,0.26,0.16,0.62,0.14,0.95,0.16,1.29,-0.07,0.14,0.16,4.8,0.12,0.36,1.6,0.35,0.73,0.14,0.32,0.71,0.75
2,0.05,0.62,0.02,0.5,0.26,0.16,0.62,0.14,0.95,0.16,1.29,-0.07,0.14,0.16,4.8,0.12,0.36,1.6,0.35,0.73,0.14,0.32,0.71,0.75
2,0.05,0.62,0.02,0.5,0.26,0.16,0.62,0.14,0.95,0.16,1.29,-0.07,0.14,0.16,4.8,0.12,0.36,1.6,0.35,0.73,0.14,0.32,0.71,0.75
2,0.05,0.62,0.02,0.5,0.26,0.16,0.62,0.14,0.95,0.16,1.29,-0.07,0.14,0.16,4.8,0.12,0.36,1.6,0.35,0.73,0.14,0.32,0.71,0.75
2,0.05,0.62,0.02,0.5,0.26,0.16,0.62,0.14,0.95,0.16,1.29,-0.07,0.14,0.16,4.8,0.12,0.36,1.6,0.35,0.73,0.14,0.32,0.71,0.75
2,0.05,0.62,0.02,0.5,0.26,0.16,0.62,0.14,0.95,0.16,1.29,-0.07,0.14,0.16,4.8,0.12,0.36,1.6,0.35,0.73,0.14,0.32,0.71,0.75
2,0.05,0.62,0.02,0.5,0.26,0.16,0.62,0.14,0.95,0.16,1.29,-0.07,0.14,0.16,4.8,0.12,0.36,1.6,0.35,0.73,0.14,0.32,0.71,0.75
2,0.05,0.62,0.02,0.5,0.26,0.16,0.62,0.14,0.95,0.16,1.29,-0.07,0.14,0.16,4.8,0.12,0.36,1.6,0.35,0.73,0.14,0.32,0.71,0.75
2,0.05,0.62,0.02,0.5,0.26,0.16,0.62,0.14,0.95,0.16,1.29,-0.07,0.14,0.16,4.8,0.12,0.36,1.6,0.35,0.73,0.14,0.32,0.71,0.75
2,0.05,0.62,0.02,0.5,0.26,0.16,0.62,0.14,0.95,0.16,1.29,-0.07,0.14,0.16,4.8,0.12,0.36,1.6,0.35,0.73,0.14,0.32,0.71,0.75
2,0.62,0.32,0.48,0.52,0.74,0.09,0.56,0.06,0.98,0.1,-0.32,0.3,0.07,0.06,2.68,0.07,0.53,1.64,0.37,0.54,0.09,0.38,0.55,0.7
2,0.62,0.32,0.48,0.52,0.74,0.09,0.56,0.06,0.98,0.1,-0.32,0.3,0.07,0.06,2.68,0.07,0.53,1.64,0.37,0.54,0.09,0.38,0.55,0.7
2,0.62,0.32,0.48,0.52,0.74,0.09,0.56,0.06,0.98,0.1,-0.32,0.3,0.07,0.06,2.68,0.07,0.53,1.64,0.37,0.54,0.09,0.38,0.55,0.7
2,0.62,0.32,0.48,0.52,0.74,0.09,0.56,0.06,0.98,0.1,-0.32,0.3,0.07,0.06,2.68,0.07,0.53,1.64,0.37,0.54,0.09,0.38,0.55,0.7
2,0.62,0.32,0.48,0.52,0.74,0.09,0.56,0.06,0.98,0.1,-0.32,0.3,0.07,0.06,2.68,0.07,0.53,1.64,0.37,0.54,0.09,0.38,0.55,0.7
2,0.62,0.32,0.48,0.52,0.74,0.09,0.56,0.06,0.98,0.1,-0.32,0.3,0.07,0.06,2.68,0.07,0.53,1.64,0.37,0.54,0.09,0.38,0.55,0.7
2,0.62,0.32,0.48,0.52,0.74,0.09,0.56,0.06,0.98,0.1,-0.32,0.3,0.07,0.06,2.68,0.07,0.53,1.64,0.37,0.54,0.09,0.38,0.55,0.7
2,0.62,0.32,0.48,0.52,0.74,0.09,0.56,0.06,0.98,0.1,-0.32,0.3,0.07,0.06,2.68,0.07,0.53,1.64,0.37,0.54,0.09,0.38,0.55,0.7
2,0.62,0.32,0.48,0.52,0.74,0.09,0.56,0.06,0.98,0.1,-0.32,0.3,0.07,0.06,2.68,0.07,0.53,1.64,0.37,0.54,0.09,0.38,0.55,0.7
2,0.62,0.32,0.48,0.52,0.74,0.09,0.56,0.06,0.98,0.1,-0.32,0.3,0.07,0.06,2.68,0.07,0.53,1.64,0.37,0.54,0.09,0.38,0.55,0.7
2,0.62,0.32,0.48,0.52,0.74,0.09,0.56,0.06,0.98,0.1,-0.32,0.3,0.07,0.06,2.68,0.07,0.53,1.64,0.37,0.54,0.09,0.38,0.55,0.7
2,0.62,0.32,0.48,0.52,0.74,0.09,0.56,0.06,0.98,0.1,-0.32,0.3,0.07,0.06,2.68,0.07,0.53,1.64,0.37,0.54,0.09,0.38,0.55,0.7
2,0.46,0.44,0.49,0.52,0.71,0.1,0.68,0.11,0.97,0.13,-0.83,0.14,0.11,0.1,3.6,0.09,0.52,2.21,0.34,0.78,0.09,0.35,0.79,0.86
2,0.46,0.44,0.49,0.52,0.71,0.1,0.68,0.11,0.97,0.13,-0.83,0.14,0.11,0.1,3.6,0.09,0.52,2.21,0.34,0.78,0.09,0.35,0.79,0.86
2,0.46,0.44,0.49,0.52,0.71,0.1,0.68,0.11,0.97,0.13,-0.83,0.14,0.11,0.1,3.6,0.09,0.52,2.21,0.34,0.78,0.09,0.35,0.79,0.86
2,0.46,0.44,0.49,0.52,0.71,0.1,0.68,0.11,0.97,0.13,-0.83,0.14,0.11,0.1,3.6,0.09,0.52,2.21,0.34,0.78,0.09,0.35,0.79,0.86
2,0.46,0.44,0.49,0.52,0.71,0.1,0.68,0.11,0.97,0.13,-0.83,0.14,0.11,0.1,3.6,0.09,0.52,2.21,0.34,0.78,0.09,0.35,0.79,0.86
2,0.46,0.44,0.49,0.52,0.71,0.1,0.68,0.11,0.97,0.13,-0.83,0.14,0.11,0.1,3.6,0.09,0.52,2.21,0.34,0.78,0.09,0.35,0.79,0.86
2,0.46,0.44,0.49,0.52,0.71,0.1,0.68,0.11,0.97,0.13,-0.83,0.14,0.11,0.1,3.6,0.09,0.52,2.21,0.34,0.78,0.09,0.35,0.79,0.86
2,0.46,0.44,0.49,0.52,0.71,0.1,0.68,0.11,0.97,0.13,-0.83,0.14,0.11,0.1,3.6,0.09,0.52,2.21,0.34,0.78,0.09,0.35,0.79,0.86
2,0.46,0.44,0.49,0.52,0.71,0.1,0.68,0.11,0.97,0.13,-0.83,0.14,0.11,0.1,3.6,0.09,0.52,2.21,0.34,0.78,0.09,0.35,0.79,0.86
2,0.46,0.44,0.49,0.52,0.71,0.1,0.68,0.11,0.97,0.13,-0.83,0.14,0.11,0.1,3.6,0.09,0.52,2.21,0.34,0.78,0.09,0.35,0.79,0.86
2,0.46,0.44,0.49,0.52,0.71,0.1,0.68,0.11,0.97,0.13,-0.83,0.14,0.11,0.1,3.6,0.09,0.52,2.21,0.34,0.78,0.09,0.35,0.79,0.86
2,0.46,0.44,0.49,0.52,0.71,0.1,0.68,0.11,0.97,0.13,-0.83,0.14,0.11,0.1,3.6,0.09,0.52,2.21,0.34,0.78,0.09,0.35,0.79,0.86
2,0.17,0.49,0.37,0.51,0.53,0.16,0.74,0.09,0.98,0.1,0.16,0.14,0.11,0.12,0.9,0.08,0.33,0.25,0.4,0.67,0.2,0.39,0.66,0.77
2,0.17,0.49,0.37,0.51,0.53,0.16,0.74,0.09,0.98,0.1,0.16,0.14,0.11,0.12,0.9,0.08,0.33,0.25,0.4,0.67,0.2,0.39,0.66,0.77
2,0.17,0.49,0.37,0.51,0.53,0.16,0.74,0.09,0.98,0.1,0.16,0.14,0.11,0.12,0.9,0.08,0.33,0.25,0.4,0.67,0.2,0.39,0.66,0.77
2,0.17,0.49,0.37,0.51,0.53,0.16,0.74,0.09,0.98,0.1,0.16,0.14,0.11,0.12,0.9,0.08,0.33,0.25,0.4,0.67,0.2,0.39,0.66,0.77
2,0.17,0.49,0.37,0.51,0.53,0.16,0.74,0.09,0.98,0.1,0.16,0.14,0.11,0.12,0.9,0.08,0.33,0.25,0.4,0.67,0.2,0.39,0.66,0.77
2,0.17,0.49,0.37,0.51,0.53,0.16,0.74,0.09,0.98,0.1,0.16,0.14,0.11,0.12,0.9,0.08,0.33,0.25,0.4,0.67,0.2,0.39,0.66,0.77
2,0.17,0.49,0.37,0.51,0.53,0.16,0.74,0.09,0.98,0.1,0.16,0.14,0.11,0.12,0.9,0.08,0.33,0.25,0.4,0.67,0.2,0.39,0.66,0.77
2,0.17,0.49,0.37,0.51,0.53,0.16,0.74,0.09,0.98,0.1,0.16,0.14,0.11,0.12,0.9,0.08,0.33,0.25,0.4,0.67,0.2,0.39,0.66,0.77
2,0.17,0.49,0.37,0.51,0.53,0.16,0.74,0.09,0.98,0.1,0.16,0.14,0.11,0.12,0.9,0.08,0.33,0.25,0.4,0.67,0.2,0.39,0.66,0.77
2,0.17,0.49,0.37,0.51,0.53,0.16,0.74,0.09,0.98,0.1,0.16,0.14,0.11,0.12,0.9,0.08,0.33,0.25,0.4,0.67,0.2,0.39,0.66,0.77
2,0.17,0.49,0.37,0.51,0.53,0.16,0.74,0.09,0.98,0.1,0.16,0.14,0.11,0.12,0.9,0.08,0.33,0.25,0.4,0.67,0.2,0.39,0.66,0.77
2,0.17,0.49,0.37,0.51,0.53,0.16,0.74,0.09,0.98,0.1,0.16,0.14,0.11,0.12,0.9,0.08,0.33,0.25,0.4,0.67,0.2,0.39,0.66,0.77
2,0.09,0.32,0.28,0.39,0.48,0.1,0.71,0.05,0.99,0.08,0.08,-0.2,0.11,0.12,0.27,0.1,0.49,0.16,0.35,0.78,0.15,0.35,0.78,0.84
2,0.09,0.32,0.28,0.39,0.48,0.1,0.71,0.05,0.99,0.08,0.08,-0.2,0.11,0.12,0.27,0.1,0.49,0.16,0.35,0.78,0.15,0.35,0.78,0.84
2,0.09,0.32,0.28,0.39,0.48,0.1,0.71,0.05,0.99,0.08,0.08,-0.2,0.11,0.12,0.27,0.1,0.49,0.16,0.35,0.78,0.15,0.35,0.78,0.84
2,0.09,0.32,0.28,0.39,0.48,0.1,0.71,0.05,0.99,0.08,0.08,-0.2,0.11,0.12,0.27,0.1,0.49,0.16,0.35,0.78,0.15,0.35,0.78,0.84
2,0.09,0.32,0.28,0.39,0.48,0.1,0.71,0.05,0.99,0.08,0.08,-0.2,0.11,0.12,0.27,0.1,0.49,0.16,0.35,0.78,0.15,0.35,0.78,0.84
2,0.09,0.32,0.28,0.39,0.48,0.1,0.71,0.05,0.99,0.08,0.08,-0.2,0.11,0.12,0.27,0.1,0.49,0.16,0.35,0.78,0.15,0.35,0.78,0.84
2,0.09,0.32,0.28,0.39,0.48,0.1,0.71,0.05,0.99,0.08,0.08,-0.2,0.11,0.12,0.27,0.1,0.49,0.16,0.35,0.78,0.15,0.35,0.78,0.84
2,0.09,0.32,0.28,0.39,0.48,0.1,0.71,0.05,0.99,0.08,0.08,-0.2,0.11,0.12,0.27,0.1,0.49,0.16,0.35,0.78,0.15,0.35,0.78,0.84
2,0.09,0.32,0.28,0.39,0.48,0.1,0.71,0.05,0.99,0.08,0.08,-0.2,0.11,0.12,0.27,0.1,0.49,0.16,0.35,0.78,0.15,0.35,0.78,0.84
2,0.09,0.32,0.28,0.39,0.48,0.1,0.71,0.05,0.99,0.08,0.08,-0.2,0.11,0.12,0.27,0.1,0.49,0.16,0.35,0.78,0.15,0.35,0.78,0.84
2,0.09,0.32,0.28,0.39,0.48,0.1,0.71,0.05,0.99,0.08,0.08,-0.2,0.11,0.12,0.27,0.1,0.49,0.16,0.35,0.78,0.15,0.35,0.78,0.84
2,0.09,0.32,0.28,0.39,0.48,0.1,0.71,0.05,0.99,0.08,0.08,-0.2,0.11,0.12,0.27,0.1,0.49,0.16,0.35,0.78,0.15,0.35,0.78,0.84
2,0.35,0.52,0.12,0.47,0.61,0.2,0.5,0.09,0.96,0.18,0.5,0.43,0.19,0.15,0.95,0.19,0.4,7.84,0.33,0.74,0.1,0.32,0.73,0.79
2,0.35,0.52,0.12,0.47,0.61,0.2,0.5,0.09,0.96,0.18,0.5,0.43,0.19,0.15,0.95,0.19,0.4,7.84,0.33,0.74,0.1,0.32,0.73,0.79
2,0.35,0.52,0.12,0.47,0.61,0.2,0.5,0.09,0.96,0.18,0.5,0.43,0.19,0.15,0.95,0.19,0.4,7.84,0.33,0.74,0.1,0.32,0.73,0.79
2,0.35,0.52,0.12,0.47,0.61,0.2,0.5,0.09,0.96,0.18,0.5,0.43,0.19,0.15,0.95,0.19,0.4,7.84,0.33,0.74,0.1,0.32,0.73,0.79
2,0.35,0.52,0.12,0.47,0.61,0.2,0.5,0.09,0.96,0.18,0.5,0.43,0.19,0.15,0.95,0.19,0.4,7.84,0.33,0.74,0.1,0.32,0.73,0.79
2,0.35,0.52,0.12,0.47,0.61,0.2,0.5,0.09,0.96,0.18,0.5,0.43,0.19,0.15,0.95,0.19,0.4,7.84,0.33,0.74,0.1,0.32,0.73,0.79
2,0.35,0.52,0.12,0.47,0.61,0.2,0.5,0.09,0.96,0.18,0.5,0.43,0.19,0.15,0.95,0.19,0.4,7.84,0.33,0.74,0.1,0.32,0.73,0.79
2,0.35,0.52,0.12,0.47,0.61,0.2,0.5,0.09,0.96,0.18,0.5,0.43,0.19,0.15,0.95,0.19,0.4,7.84,0.33,0.74,0.1,0.32,0.73,0.79
2,0.35,0.52,0.12,0.47,0.61,0.2,0.5,0.09,0.96,0.18,0.5,0.43,0.19,0.15,0.95,0.19,0.4,7.84,0.33,0.74,0.1,0.32,0.73,0.79
2,0.35,0.52,0.12,0.47,0.61,0.2,0.5,0.09,0.96,0.18,0.5,0.43,0.19,0.15,0.95,0.19,0.4,7.84,0.33,0.74,0.1,0.32,0.73,0.79
2,0.35,0.52,0.12,0.47,0.61,0.2,0.5,0.09,0.96,0.18,0.5,0.43,0.19,0.15,0.95,0.19,0.4,7.84,0.33,0.74,0.1,0.32,0.73,0.79
2,0.35,0.52,0.12,0.47,0.61,0.2,0.5,0.09,0.96,0.18,0.5,0.43,0.19,0.15,0.95,0.19,0.4,7.84,0.33,0.74,0.1,0.32,0.73,0.79
2,0.05,0.39,0.15,0.43,0.62,0.13,0.72,0.29,0.89,0.12,-0.01,1.95,0.12,0.11,1.09,0.11,0.4,18.87,0.21,0.93,0.08,0.19,0.92,0.95
2,0.05,0.39,0.15,0.43,0.62,0.13,0.72,0.29,0.89,0.12,-0.01,1.95,0.12,0.11,1.09,0.11,0.4,18.87,0.21,0.93,0.08,0.19,0.92,0.95
2,0.05,0.39,0.15,0.43,0.62,0.13,0.72,0.29,0.89,0.12,-0.01,1.95,0.12,0.11,1.09,0.11,0.4,18.87,0.21,0.93,0.08,0.19,0.92,0.95
2,0.05,0.39,0.15,0.43,0.62,0.13,0.72,0.29,0.89,0.12,-0.01,1.95,0.12,0.11,1.09,0.11,0.4,18.87,0.21,0.93,0.08,0.19,0.92,0.95
2,0.05,0.39,0.15,0.43,0.62,0.13,0.72,0.29,0.89,0.12,-0.01,1.95,0.12,0.11,1.09,0.11,0.4,18.87,0.21,0.93,0.08,0.19,0.92,0.95
2,0.05,0.39,0.15,0.43,0.62,0.13,0.72,0.29,0.89,0.12,-0.01,1.95,0.12,0.11,1.09,0.11,0.4,18.87,0.21,0.93,0.08,0.19,0.92,0.95
2,0.05,0.39,0.15,0.43,0.62,0.13,0.72,0.29,0.89,0.12,-0.01,1.95,0.12,0.11,1.09,0.11,0.4,18.87,0.21,0.93,0.08,0.19,0.92,0.95
2,0.05,0.39,0.15,0.43,0.62,0.13,0.72,0.29,0.89,0.12,-0.01,1.95,0.12,0.11,1.09,0.11,0.4,18.87,0.21,0.93,0.08,0.19,0.92,0.95
2,0.05,0.39,0.15,0.43,0.62,0.13,0.72,0.29,0.89,0.12,-0.01,1.95,0.12,0.11,1.09,0.11,0.4,18.87,0.21,0.93,0.08,0.19,0.92,0.95
2,0.05,0.39,0.15,0.43,0.62,0.13,0.72,0.29,0.89,0.12,-0.01,1.95,0.12,0.11,1.09,0.11,0.4,18.87,0.21,0.93,0.08,0.19,0.92,0.95
2,0.05,0.39,0.15,0.43,0.62,0.13,0.72,0.29,0.89,0.12,-0.01,1.95,0.12,0.11,1.09,0.11,0.4,18.87,0.21,0.93,0.08,0.19,0.92,0.95
2,0.05,0.39,0.15,0.43,0.62,0.13,0.72,0.29,0.89,0.12,-0.01,1.95,0.12,0.11,1.09,0.11,0.4,18.87,0.21,0.93,0.08,0.19,0.92,0.95
2,0.42,0.3,0.49,0.53,0.63,0.09,0.65,0.04,0.98,0.12,-0.05,-0.66,0.12,0.14,3.56,0.06,0.27,2.11,0.36,0.65,0.11,0.34,0.63,0.84
2,0.42,0.3,0.49,0.53,0.63,0.09,0.65,0.04,0.98,0.12,-0.05,-0.66,0.12,0.14,3.56,0.06,0.27,2.11,0.36,0.65,0.11,0.34,0.63,0.84
2,0.42,0.3,0.49,0.53,0.63,0.09,0.65,0.04,0.98,0.12,-0.05,-0.66,0.12,0.14,3.56,0.06,0.27,2.11,0.36,0.65,0.11,0.34,0.63,0.84
2,0.42,0.3,0.49,0.53,0.63,0.09,0.65,0.04,0.98,0.12,-0.05,-0.66,0.12,0.14,3.56,0.06,0.27,2.11,0.36,0.65,0.11,0.34,0.63,0.84
2,0.42,0.3,0.49,0.53,0.63,0.09,0.65,0.04,0.98,0.12,-0.05,-0.66,0.12,0.14,3.56,0.06,0.27,2.11,0.36,0.65,0.11,0.34,0.63,0.84
2,0.42,0.3,0.49,0.53,0.63,0.09,0.65,0.04,0.98,0.12,-0.05,-0.66,0.12,0.14,3.56,0.06,0.27,2.11,0.36,0.65,0.11,0.34,0.63,0.84
2,0.42,0.3,0.49,0.53,0.63,0.09,0.65,0.04,0.98,0.12,-0.05,-0.66,0.12,0.14,3.56,0.06,0.27,2.11,0.36,0.65,0.11,0.34,0.63,0.84
2,0.42,0.3,0.49,0.53,0.63,0.09,0.65,0.04,0.98,0.12,-0.05,-0.66,0.12,0.14,3.56,0.06,0.27,2.11,0.36,0.65,0.11,0.34,0.63,0.84
2,0.42,0.3,0.49,0.53,0.63,0.09,0.65,0.04,0.98,0.12,-0.05,-0.66,0.12,0.14,3.56,0.06,0.27,2.11,0.36,0.65,0.11,0.34,0.63,0.84
2,0.42,0.3,0.49,0.53,0.63,0.09,0.65,0.04,0.98,0.12,-0.05,-0.66,0.12,0.14,3.56,0.06,0.27,2.11,0.36,0.65,0.11,0.34,0.63,0.84
2,0.42,0.3,0.49,0.53,0.63,0.09,0.65,0.04,0.98,0.12,-0.05,-0.66,0.12,0.14,3.56,0.06,0.27,2.11,0.36,0.65,0.11,0.34,0.63,0.84
2,0.42,0.3,0.49,0.53,0.63,0.09,0.65,0.04,0.98,0.12,-0.05,-0.66,0.12,0.14,3.56,0.06,0.27,2.11,0.36,0.65,0.11,0.34,0.63,0.84
2,0.43,0.45,0.48,0.35,0.54,0.17,0.73,0.11,0.95,0.15,0.64,0.82,0.13,0.1,3.6,0.09,0.36,2.46,0.27,0.84,0.14,0.27,0.84,0.9
2,0.43,0.45,0.48,0.35,0.54,0.17,0.73,0.11,0.95,0.15,0.64,0.82,0.13,0.1,3.6,0.09,0.36,2.46,0.27,0.84,0.14,0.27,0.84,0.9
2,0.43,0.45,0.48,0.35,0.54,0.17,0.73,0.11,0.95,0.15,0.64,0.82,0.13,0.1,3.6,0.09,0.36,2.46,0.27,0.84,0.14,0.27,0.84,0.9
2,0.43,0.45,0.48,0.35,0.54,0.17,0.73,0.11,0.95,0.15,0.64,0.82,0.13,0.1,3.6,0.09,0.36,2.46,0.27,0.84,0.14,0.27,0.84,0.9
2,0.43,0.45,0.48,0.35,0.54,0.17,0.73,0.11,0.95,0.15,0.64,0.82,0.13,0.1,3.6,0.09,0.36,2.46,0.27,0.84,0.14,0.27,0.84,0.9
2,0.43,0.45,0.48,0.35,0.54,0.17,0.73,0.11,0.95,0.15,0.64,0.82,0.13,0.1,3.6,0.09,0.36,2.46,0.27,0.84,0.14,0.27,0.84,0.9
2,0.43,0.45,0.48,0.35,0.54,0.17,0.73,0.11,0.95,0.15,0.64,0.82,0.13,0.1,3.6,0.09,0.36,2.46,0.27,0.84,0.14,0.27,0.84,0.9
2,0.43,0.45,0.48,0.35,0.54,0.17,0.73,0.11,0.95,0.15,0.64,0.82,0.13,0.1,3.6,0.09,0.36,2.46,0.27,0.84,0.14,0.27,0.84,0.9
2,0.43,0.45,0.48,0.35,0.54,0.17,0.73,0.11,0.95,0.15,0.64,0.82,0.13,0.1,3.6,0.09,0.36,2.46,0.27,0.84,0.14,0.27,0.84,0.9
2,0.43,0.45,0.48,0.35,0.54,0.17,0.73,0.11,0.95,0.15,0.64,0.82,0.13,0.1,3.6,0.09,0.36,2.46,0.27,0.84,0.14,0.27,0.84,0.9
2,0.43,0.45,0.48,0.35,0.54,0.17,0.73,0.11,0.95,0.15,0.64,0.82,0.13,0.1,3.6,0.09,0.36,2.46,0.27,0.84,0.14,0.27,0.84,0.9
2,0.43,0.45,0.48,0.35,0.54,0.17,0.73,0.11,0.95,0.15,0.64,0.82,0.13,0.1,3.6,0.09,0.36,2.46,0.27,0.84,0.14,0.27,0.84,0.9
2,0.3,0.53,0.43,0.45,0.44,0.2,0.76,0.15,0.92,0.15,0.86,0.13,0.14,0.12,5.15,0.13,0.43,1.86,0.2,0.94,0.15,0.19,0.93,0.96
2,0.3,0.53,0.43,0.45,0.44,0.2,0.76,0.15,0.92,0.15,0.86,0.13,0.14,0.12,5.15,0.13,0.43,1.86,0.2,0.94,0.15,0.19,0.93,0.96
2,0.3,0.53,0.43,0.45,0.44,0.2,0.76,0.15,0.92,0.15,0.86,0.13,0.14,0.12,5.15,0.13,0.43,1.86,0.2,0.94,0.15,0.19,0.93,0.96
2,0.3,0.53,0.43,0.45,0.44,0.2,0.76,0.15,0.92,0.15,0.86,0.13,0.14,0.12,5.15,0.13,0.43,1.86,0.2,0.94,0.15,0.19,0.93,0.96
2,0.3,0.53,0.43,0.45,0.44,0.2,0.76,0.15,0.92,0.15,0.86,0.13,0.14,0.12,5.15,0.13,0.43,1.86,0.2,0.94,0.15,0.19,0.93,0.96
2,0.3,0.53,0.43,0.45,0.44,0.2,0.76,0.15,0.92,0.15,0.86,0.13,0.14,0.12,5.15,0.13,0.43,1.86,0.2,0.94,0.15,0.19,0.93,0.96
2,0.3,0.53,0.43,0.45,0.44,0.2,0.76,0.15,0.92,0.15,0.86,0.13,0.14,0.12,5.15,0.13,0.43,1.86,0.2,0.94,0.15,0.19,0.93,0.96
2,0.3,0.53,0.43,0.45,0.44,0.2,0.76,0.15,0.92,0.15,0.86,0.13,0.14,0.12,5.15,0.13,0.43,1.86,0.2,0.94,0.15,0.19,0.93,0.96
2,0.3,0.53,0.43,0.45,0.44,0.2,0.76,0.15,0.92,0.15,0.86,0.13,0.14,0.12,5.15,0.13,0.43,1.86,0.2,0.94,0.15,0.19,0.93,0.96
2,0.3,0.53,0.43,0.45,0.44,0.2,0.76,0.15,0.92,0.15,0.86,0.13,0.14,0.12,5.15,0.13,0.43,1.86,0.2,0.94,0.15,0.19,0.93,0.96
2,0.3,0.53,0.43,0.45,0.44,0.2,0.76,0.15,0.92,0.15,0.86,0.13,0.14,0.12,5.15,0.13,0.43,1.86,0.2,0.94,0.15,0.19,0.93,0.96
2,0.3,0.53,0.43,0.45,0.44,0.2,0.76,0.15,0.92,0.15,0.86,0.13,0.14,0.12,5.15,0.13,0.43,1.86,0.2,0.94,0.15,0.19,0.93,0.96
2,0.33,0.28,0.45,0.41,0.65,0.11,0.49,0.24,0.9,0.17,-1.36,0.18,0.13,0.1,18.08,0.1,0.41,4.71,0.3,0.78,0.1,0.31,0.79,0.89
2,0.33,0.28,0.45,0.41,0.65,0.11,0.49,0.24,0.9,0.17,-1.36,0.18,0.13,0.1,18.08,0.1,0.41,4.71,0.3,0.78,0.1,0.31,0.79,0.89
2,0.33,0.28,0.45,0.41,0.65,0.11,0.49,0.24,0.9,0.17,-1.36,0.18,0.13,0.1,18.08,0.1,0.41,4.71,0.3,0.78,0.1,0.31,0.79,0.89
2,0.33,0.28,0.45,0.41,0.65,0.11,0.49,0.24,0.9,0.17,-1.36,0.18,0.13,0.1,18.08,0.1,0.41,4.71,0.3,0.78,0.1,0.31,0.79,0.89
2,0.33,0.28,0.45,0.41,0.65,0.11,0.49,0.24,0.9,0.17,-1.36,0.18,0.13,0.1,18.08,0.1,0.41,4.71,0.3,0.78,0.1,0.31,0.79,0.89
2,0.33,0.28,0.45,0.41,0.65,0.11,0.49,0.24,0.9,0.17,-1.36,0.18,0.13,0.1,18.08,0.1,0.41,4.71,0.3,0.78,0.1,0.31,0.79,0.89
2,0.33,0.28,0.45,0.41,0.65,0.11,0.49,0.24,0.9,0.17,-1.36,0.18,0.13,0.1,18.08,0.1,0.41,4.71,0.3,0.78,0.1,0.31,0.79,0.89
2,0.33,0.28,0.45,0.41,0.65,0.11,0.49,0.24,0.9,0.17,-1.36,0.18,0.13,0.1,18.08,0.1,0.41,4.71,0.3,0.78,0.1,0.31,0.79,0.89
2,0.33,0.28,0.45,0.41,0.65,0.11,0.49,0.24,0.9,0.17,-1.36,0.18,0.13,0.1,18.08,0.1,0.41,4.71,0.3,0.78,0.1,0.31,0.79,0.89
2,0.33,0.28,0.45,0.41,0.65,0.11,0.49,0.24,0.9,0.17,-1.36,0.18,0.13,0.1,18.08,0.1,0.41,4.71,0.3,0.78,0.1,0.31,0.79,0.89
2,0.33,0.28,0.45,0.41,0.65,0.11,0.49,0.24,0.9,0.17,-1.36,0.18,0.13,0.1,18.08,0.1,0.41,4.71,0.3,0.78,0.1,0.31,0.79,0.89
2,0.33,0.28,0.45,0.41,0.65,0.11,0.49,0.24,0.9,0.17,-1.36,0.18,0.13,0.1,18.08,0.1,0.41,4.71,0.3,0.78,0.1,0.31,0.79,0.89
2,0.04,0.38,0.13,0.27,0.46,0.18,0.69,0.17,0.91,0.22,0.16,1.71,0.15,0.16,0.24,0.19,0.3,11.7,0.29,0.81,0.13,0.33,0.83,0.88
2,0.04,0.38,0.13,0.27,0.46,0.18,0.69,0.17,0.91,0.22,0.16,1.71,0.15,0.16,0.24,0.19,0.3,11.7,0.29,0.81,0.13,0.33,0.83,0.88
2,0.04,0.38,0.13,0.27,0.46,0.18,0.69,0.17,0.91,0.22,0.16,1.71,0.15,0.16,0.24,0.19,0.3,11.7,0.29,0.81,0.13,0.33,0.83,0.88
2,0.04,0.38,0.13,0.27,0.46,0.18,0.69,0.17,0.91,0.22,0.16,1.71,0.15,0.16,0.24,0.19,0.3,11.7,0.29,0.81,0.13,0.33,0.83,0.88
2,0.04,0.38,0.13,0.27,0.46,0.18,0.69,0.17,0.91,0.22,0.16,1.71,0.15,0.16,0.24,0.19,0.3,11.7,0.29,0.81,0.13,0.33,0.83,0.88
2,0.04,0.38,0.13,0.27,0.46,0.18,0.69,0.17,0.91,0.22,0.16,1.71,0.15,0.16,0.24,0.19,0.3,11.7,0.29,0.81,0.13,0.33,0.83,0.88
2,0.04,0.38,0.13,0.27,0.46,0.18,0.69,0.17,0.91,0.22,0.16,1.71,0.15,0.16,0.24,0.19,0.3,11.7,0.29,0.81,0.13,0.33,0.83,0.88
2,0.04,0.38,0.13,0.27,0.46,0.18,0.69,0.17,0.91,0.22,0.16,1.71,0.15,0.16,0.24,0.19,0.3,11.7,0.29,0.81,0.13,0.33,0.83,0.88
2,0.04,0.38,0.13,0.27,0.46,0.18,0.69,0.17,0.91,0.22,0.16,1.71,0.15,0.16,0.24,0.19,0.3,11.7,0.29,0.81,0.13,0.33,0.83,0.88
2,0.04,0.38,0.13,0.27,0.46,0.18,0.69,0.17,0.91,0.22,0.16,1.71,0.15,0.16,0.24,0.19,0.3,11.7,0.29,0.81,0.13,0.33,0.83,0.88
2,0.04,0.38,0.13,0.27,0.46,0.18,0.69,0.17,0.91,0.22,0.16,1.71,0.15,0.16,0.24,0.19,0.3,11.7,0.29,0.81,0.13,0.33,0.83,0.88
2,0.04,0.38,0.13,0.27,0.46,0.18,0.69,0.17,0.91,0.22,0.16,1.71,0.15,0.16,0.24,0.19,0.3,11.7,0.29,0.81,0.13,0.33,0.83,0.88
2,0.07,0.61,0.07,0.82,0.62,0.14,0.68,0.28,0.91,0.12,-1.29,-3.53,0.14,0.14,19.57,0.12,0.6,29.76,0.37,0.73,0.17,0.31,0.68,0.85
2,0.07,0.61,0.07,0.82,0.62,0.14,0.68,0.28,0.91,0.12,-1.29,-3.53,0.14,0.14,19.57,0.12,0.6,29.76,0.37,0.73,0.17,0.31,0.68,0.85
2,0.07,0.61,0.07,0.82,0.62,0.14,0.68,0.28,0.91,0.12,-1.29,-3.53,0.14,0.14,19.57,0.12,0.6,29.76,0.37,0.73,0.17,0.31,0.68,0.85
2,0.07,0.61,0.07,0.82,0.62,0.14,0.68,0.28,0.91,0.12,-1.29,-3.53,0.14,0.14,19.57,0.12,0.6,29.76,0.37,0.73,0.17,0.31,0.68,0.85
2,0.07,0.61,0.07,0.82,0.62,0.14,0.68,0.28,0.91,0.12,-1.29,-3.53,0.14,0.14,19.57,0.12,0.6,29.76,0.37,0.73,0.17,0.31,0.68,0.85
2,0.07,0.61,0.07,0.82,0.62,0.14,0.68,0.28,0.91,0.12,-1.29,-3.53,0.14,0.14,19.57,0.12,0.6,29.76,0.37,0.73,0.17,0.31,0.68,0.85
2,0.07,0.61,0.07,0.82,0.62,0.14,0.68,0.28,0.91,0.12,-1.29,-3.53,0.14,0.14,19.57,0.12,0.6,29.76,0.37,0.73,0.17,0.31,0.68,0.85
2,0.07,0.61,0.07,0.82,0.62,0.14,0.68,0.28,0.91,0.12,-1.29,-3.53,0.14,0.14,19.57,0.12,0.6,29.76,0.37,0.73,0.17,0.31,0.68,0.85
2,0.07,0.61,0.07,0.82,0.62,0.14,0.68,0.28,0.91,0.12,-1.29,-3.53,0.14,0.14,19.57,0.12,0.6,29.76,0.37,0.73,0.17,0.31,0.68,0.85
2,0.07,0.61,0.07,0.82,0.62,0.14,0.68,0.28,0.91,0.12,-1.29,-3.53,0.14,0.14,19.57,0.12,0.6,29.76,0.37,0.73,0.17,0.31,0.68,0.85
2,0.07,0.61,0.07,0.82,0.62,0.14,0.68,0.28,0.91,0.12,-1.29,-3.53,0.14,0.14,19.57,0.12,0.6,29.76,0.37,0.73,0.17,0.31,0.68,0.85
2,0.07,0.61,0.07,0.82,0.62,0.14,0.68,0.28,0.91,0.12,-1.29,-3.53,0.14,0.14,19.57,0.12,0.6,29.76,0.37,0.73,0.17,0.31,0.68,0.85
2,0.53,0.5,0.18,0.38,0.35,0.17,0.71,0.16,0.92,0.15,0.56,0.53,0.18,0.18,2.07,0.15,0.28,1.04,0.28,0.87,0.18,0.26,0.86,0.92
2,0.53,0.5,0.18,0.38,0.35,0.17,0.71,0.16,0.92,0.15,0.56,0.53,0.18,0.18,2.07,0.15,0.28,1.04,0.28,0.87,0.18,0.26,0.86,0.92
2,0.53,0.5,0.18,0.38,0.35,0.17,0.71,0.16,0.92,0.15,0.56,0.53,0.18,0.18,2.07,0.15,0.28,1.04,0.28,0.87,0.18,0.26,0.86,0.92
2,0.53,0.5,0.18,0.38,0.35,0.17,0.71,0.16,0.92,0.15,0.56,0.53,0.18,0.18,2.07,0.15,0.28,1.04,0.28,0.87,0.18,0.26,0.86,0.92
2,0.53,0.5,0.18,0.38,0.35,0.17,0.71,0.16,0.92,0.15,0.56,0.53,0.18,0.18,2.07,0.15,0.28,1.04,0.28,0.87,0.18,0.26,0.86,0.92
2,0.53,0.5,0.18,0.38,0.35,0.17,0.71,0.16,0.92,0.15,0.56,0.53,0.18,0.18,2.07,0.15,0.28,1.04,0.28,0.87,0.18,0.26,0.86,0.92
2,0.53,0.5,0.18,0.38,0.35,0.17,0.71,0.16,0.92,0.15,0.56,0.53,0.18,0.18,2.07,0.15,0.28,1.04,0.28,0.87,0.18,0.26,0.86,0.92
2,0.53,0.5,0.18,0.38,0.35,0.17,0.71,0.16,0.92,0.15,0.56,0.53,0.18,0.18,2.07,0.15,0.28,1.04,0.28,0.87,0.18,0.26,0.86,0.92
2,0.53,0.5,0.18,0.38,0.35,0.17,0.71,0.16,0.92,0.15,0.56,0.53,0.18,0.18,2.07,0.15,0.28,1.04,0.28,0.87,0.18,0.26,0.86,0.92
2,0.53,0.5,0.18,0.38,0.35,0.17,0.71,0.16,0.92,0.15,0.56,0.53,0.18,0.18,2.07,0.15,0.28,1.04,0.28,0.87,0.18,0.26,0.86,0.92
2,0.53,0.5,0.18,0.38,0.35,0.17,0.71,0.16,0.92,0.15,0.56,0.53,0.18,0.18,2.07,0.15,0.28,1.04,0.28,0.87,0.18,0.26,0.86,0.92
2,0.53,0.5,0.18,0.38,0.35,0.17,0.71,0.16,0.92,0.15,0.56,0.53,0.18,0.18,2.07,0.15,0.28,1.04,0.28,0.87,0.18,0.26,0.86,0.92
2,0.05,0.48,0.15,0.48,0.41,0.13,0.7,0.15,0.95,0.13,0.6,-0.06,0.14,0.14,1.33,0.13,0.41,0.91,0.39,0.72,0.17,0.36,0.69,0.82
2,0.05,0.48,0.15,0.48,0.41,0.13,0.7,0.15,0.95,0.13,0.6,-0.06,0.14,0.14,1.33,0.13,0.41,0.91,0.39,0.72,0.17,0.36,0.69,0.82
2,0.05,0.48,0.15,0.48,0.41,0.13,0.7,0.15,0.95,0.13,0.6,-0.06,0.14,0.14,1.33,0.13,0.41,0.91,0.39,0.72,0.17,0.36,0.69,0.82
2,0.05,0.48,0.15,0.48,0.41,0.13,0.7,0.15,0.95,0.13,0.6,-0.06,0.14,0.14,1.33,0.13,0.41,0.91,0.39,0.72,0.17,0.36,0.69,0.82
2,0.05,0.48,0.15,0.48,0.41,0.13,0.7,0.15,0.95,0.13,0.6,-0.06,0.14,0.14,1.33,0.13,0.41,0.91,0.39,0.72,0.17,0.36,0.69,0.82
2,0.05,0.48,0.15,0.48,0.41,0.13,0.7,0.15,0.95,0.13,0.6,-0.06,0.14,0.14,1.33,0.13,0.41,0.91,0.39,0.72,0.17,0.36,0.69,0.82
2,0.05,0.48,0.15,0.48,0.41,0.13,0.7,0.15,0.95,0.13,0.6,-0.06,0.14,0.14,1.33,0.13,0.41,0.91,0.39,0.72,0.17,0.36,0.69,0.82
2,0.05,0.48,0.15,0.48,0.41,0.13,0.7,0.15,0.95,0.13,0.6,-0.06,0.14,0.14,1.33,0.13,0.41,0.91,0.39,0.72,0.17,0.36,0.69,0.82
2,0.05,0.48,0.15,0.48,0.41,0.13,0.7,0.15,0.95,0.13,0.6,-0.06,0.14,0.14,1.33,0.13,0.41,0.91,0.39,0.72,0.17,0.36,0.69,0.82
2,0.05,0.48,0.15,0.48,0.41,0.13,0.7,0.15,0.95,0.13,0.6,-0.06,0.14,0.14,1.33,0.13,0.41,0.91,0.39,0.72,0.17,0.36,0.69,0.82
2,0.05,0.48,0.15,0.48,0.41,0.13,0.7,0.15,0.95,0.13,0.6,-0.06,0.14,0.14,1.33,0.13,0.41,0.91,0.39,0.72,0.17,0.36,0.69,0.82
2,0.05,0.48,0.15,0.48,0.41,0.13,0.7,0.15,0.95,0.13,0.6,-0.06,0.14,0.14,1.33,0.13,0.41,0.91,0.39,0.72,0.17,0.36,0.69,0.82
2,0.9,0.43,0.25,0.38,0.54,0.16,0.68,0.09,0.95,0.12,0.37,0.18,0.1,0.09,6.18,0.1,0.29,3.94,0.28,0.82,0.11,0.28,0.83,0.94
2,0.9,0.43,0.25,0.38,0.54,0.16,0.68,0.09,0.95,0.12,0.37,0.18,0.1,0.09,6.18,0.1,0.29,3.94,0.28,0.82,0.11,0.28,0.83,0.94
2,0.9,0.43,0.25,0.38,0.54,0.16,0.68,0.09,0.95,0.12,0.37,0.18,0.1,0.09,6.18,0.1,0.29,3.94,0.28,0.82,0.11,0.28,0.83,0.94
2,0.9,0.43,0.25,0.38,0.54,0.16,0.68,0.09,0.95,0.12,0.37,0.18,0.1,0.09,6.18,0.1,0.29,3.94,0.28,0.82,0.11,0.28,0.83,0.94
2,0.9,0.43,0.25,0.38,0.54,0.16,0.68,0.09,0.95,0.12,0.37,0.18,0.1,0.09,6.18,0.1,0.29,3.94,0.28,0.82,0.11,0.28,0.83,0.94
2,0.9,0.43,0.25,0.38,0.54,0.16,0.68,0.09,0.95,0.12,0.37,0.18,0.1,0.09,6.18,0.1,0.29,3.94,0.28,0.82,0.11,0.28,0.83,0.94
2,0.9,0.43,0.25,0.38,0.54,0.16,0.68,0.09,0.95,0.12,0.37,0.18,0.1,0.09,6.18,0.1,0.29,3.94,0.28,0.82,0.11,0.28,0.83,0.94
2,0.9,0.43,0.25,0.38,0.54,0.16,0.68,0.09,0.95,0.12,0.37,0.18,0.1,0.09,6.18,0.1,0.29,3.94,0.28,0.82,0.11,0.28,0.83,0.94
2,0.9,0.43,0.25,0.38,0.54,0.16,0.68,0.09,0.95,0.12,0.37,0.18,0.1,0.09,6.18,0.1,0.29,3.94,0.28,0.82,0.11,0.28,0.83,0.94
2,0.9,0.43,0.25,0.38,0.54,0.16,0.68,0.09,0.95,0.12,0.37,0.18,0.1,0.09,6.18,0.1,0.29,3.94,0.28,0.82,0.11,0.28,0.83,0.94
2,0.9,0.43,0.25,0.38,0.54,0.16,0.68,0.09,0.95,0.12,0.37,0.18,0.1,0.09,6.18,0.1,0.29,3.94,0.28,0.82,0.11,0.28,0.83,0.94
2,0.9,0.43,0.25,0.38,0.54,0.16,0.68,0.09,0.95,0.12,0.37,0.18,0.1,0.09,6.18,0.1,0.29,3.94,0.28,0.82,0.11,0.28,0.83,0.94
2,0.88,0.41,0.28,0.38,0.55,0.12,0.63,0.11,0.94,0.12,-0.55,0.1,0.12,0.11,16.61,0.11,0.5,1.85,0.22,0.76,0.1,0.24,0.79,0.92
2,0.88,0.41,0.28,0.38,0.55,0.12,0.63,0.11,0.94,0.12,-0.55,0.1,0.12,0.11,16.61,0.11,0.5,1.85,0.22,0.76,0.1,0.24,0.79,0.92
2,0.88,0.41,0.28,0.38,0.55,0.12,0.63,0.11,0.94,0.12,-0.55,0.1,0.12,0.11,16.61,0.11,0.5,1.85,0.22,0.76,0.1,0.24,0.79,0.92
2,0.88,0.41,0.28,0.38,0.55,0.12,0.63,0.11,0.94,0.12,-0.55,0.1,0.12,0.11,16.61,0.11,0.5,1.85,0.22,0.76,0.1,0.24,0.79,0.92
2,0.88,0.41,0.28,0.38,0.55,0.12,0.63,0.11,0.94,0.12,-0.55,0.1,0.12,0.11,16.61,0.11,0.5,1.85,0.22,0.76,0.1,0.24,0.79,0.92
2,0.88,0.41,0.28,0.38,0.55,0.12,0.63,0.11,0.94,0.12,-0.55,0.1,0.12,0.11,16.61,0.11,0.5,1.85,0.22,0.76,0.1,0.24,0.79,0.92
2,0.88,0.41,0.28,0.38,0.55,0.12,0.63,0.11,0.94,0.12,-0.55,0.1,0.12,0.11,16.61,0.11,0.5,1.85,0.22,0.76,0.1,0.24,0.79,0.92
2,0.88,0.41,0.28,0.38,0.55,0.12,0.63,0.11,0.94,0.12,-0.55,0.1,0.12,0.11,16.61,0.11,0.5,1.85,0.22,0.76,0.1,0.24,0.79,0.92
2,0.88,0.41,0.28,0.38,0.55,0.12,0.63,0.11,0.94,0.12,-0.55,0.1,0.12,0.11,16.61,0.11,0.5,1.85,0.22,0.76,0.1,0.24,0.79,0.92
2,0.88,0.41,0.28,0.38,0.55,0.12,0.63,0.11,0.94,0.12,-0.55,0.1,0.12,0.11,16.61,0.11,0.5,1.85,0.22,0.76,0.1,0.24,0.79,0.92
2,0.88,0.41,0.28,0.38,0.55,0.12,0.63,0.11,0.94,0.12,-0.55,0.1,0.12,0.11,16.61,0.11,0.5,1.85,0.22,0.76,0.1,0.24,0.79,0.92
2,0.88,0.41,0.28,0.38,0.55,0.12,0.63,0.11,0.94,0.12,-0.55,0.1,0.12,0.11,16.61,0.11,0.5,1.85,0.22,0.76,0.1,0.24,0.79,0.92
2,0.93,0.35,0.2,0.36,0.61,0.12,0.62,0.11,0.96,0.11,0.07,0.09,0.09,0.07,5.58,0.09,0.51,3.01,0.33,0.66,0.1,0.33,0.67,0.84
2,0.93,0.35,0.2,0.36,0.61,0.12,0.62,0.11,0.96,0.11,0.07,0.09,0.09,0.07,5.58,0.09,0.51,3.01,0.33,0.66,0.1,0.33,0.67,0.84
2,0.93,0.35,0.2,0.36,0.61,0.12,0.62,0.11,0.96,0.11,0.07,0.09,0.09,0.07,5.58,0.09,0.51,3.01,0.33,0.66,0.1,0.33,0.67,0.84
2,0.93,0.35,0.2,0.36,0.61,0.12,0.62,0.11,0.96,0.11,0.07,0.09,0.09,0.07,5.58,0.09,0.51,3.01,0.33,0.66,0.1,0.33,0.67,0.84
2,0.93,0.35,0.2,0.36,0.61,0.12,0.62,0.11,0.96,0.11,0.07,0.09,0.09,0.07,5.58,0.09,0.51,3.01,0.33,0.66,0.1,0.33,0.67,0.84
2,0.93,0.35,0.2,0.36,0.61,0.12,0.62,0.11,0.96,0.11,0.07,0.09,0.09,0.07,5.58,0.09,0.51,3.01,0.33,0.66,0.1,0.33,0.67,0.84
2,0.93,0.35,0.2,0.36,0.61,0.12,0.62,0.11,0.96,0.11,0.07,0.09,0.09,0.07,5.58,0.09,0.51,3.01,0.33,0.66,0.1,0.33,0.67,0.84
2,0.93,0.35,0.2,0.36,0.61,0.12,0.62,0.11,0.96,0.11,0.07,0.09,0.09,0.07,5.58,0.09,0.51,3.01,0.33,0.66,0.1,0.33,0.67,0.84
2,0.93,0.35,0.2,0.36,0.61,0.12,0.62,0.11,0.96,0.11,0.07,0.09,0.09,0.07,5.58,0.09,0.51,3.01,0.33,0.66,0.1,0.33,0.67,0.84
2,0.93,0.35,0.2,0.36,0.61,0.12,0.62,0.11,0.96,0.11,0.07,0.09,0.09,0.07,5.58,0.09,0.51,3.01,0.33,0.66,0.1,0.33,0.67,0.84
2,0.93,0.35,0.2,0.36,0.61,0.12,0.62,0.11,0.96,0.11,0.07,0.09,0.09,0.07,5.58,0.09,0.51,3.01,0.33,0.66,0.1,0.33,0.67,0.84
2,0.93,0.35,0.2,0.36,0.61,0.12,0.62,0.11,0.96,0.11,0.07,0.09,0.09,0.07,5.58,0.09,0.51,3.01,0.33,0.66,0.1,0.33,0.67,0.84
2,0.94,0.44,0.18,0.35,0.29,0.14,0.69,0.07,0.96,0.11,0.62,0.19,0.15,0.13,4.22,0.13,0.25,1.61,0.3,0.76,0.13,0.3,0.76,0.87
2,0.94,0.44,0.18,0.35,0.29,0.14,0.69,0.07,0.96,0.11,0.62,0.19,0.15,0.13,4.22,0.13,0.25,1.61,0.3,0.76,0.13,0.3,0.76,0.87
2,0.94,0.44,0.18,0.35,0.29,0.14,0.69,0.07,0.96,0.11,0.62,0.19,0.15,0.13,4.22,0.13,0.25,1.61,0.3,0.76,0.13,0.3,0.76,0.87
2,0.94,0.44,0.18,0.35,0.29,0.14,0.69,0.07,0.96,0.11,0.62,0.19,0.15,0.13,4.22,0.13,0.25,1.61,0.3,0.76,0.13,0.3,0.76,0.87
2,0.94,0.44,0.18,0.35,0.29,0.14,0.69,0.07,0.96,0.11,0.62,0.19,0.15,0.13,4.22,0.13,0.25,1.61,0.3,0.76,0.13,0.3,0.76,0.87
2,0.94,0.44,0.18,0.35,0.29,0.14,0.69,0.07,0.96,0.11,0.62,0.19,0.15,0.13,4.22,0.13,0.25,1.61,0.3,0.76,0.13,0.3,0.76,0.87
2,0.94,0.44,0.18,0.35,0.29,0.14,0.69,0.07,0.96,0.11,0.62,0.19,0.15,0.13,4.22,0.13,0.25,1.61,0.3,0.76,0.13,0.3,0.76,0.87
2,0.94,0.44,0.18,0.35,0.29,0.14,0.69,0.07,0.96,0.11,0.62,0.19,0.15,0.13,4.22,0.13,0.25,1.61,0.3,0.76,0.13,0.3,0.76,0.87
2,0.94,0.44,0.18,0.35,0.29,0.14,0.69,0.07,0.96,0.11,0.62,0.19,0.15,0.13,4.22,0.13,0.25,1.61,0.3,0.76,0.13,0.3,0.76,0.87
2,0.94,0.44,0.18,0.35,0.29,0.14,0.69,0.07,0.96,0.11,0.62,0.19,0.15,0.13,4.22,0.13,0.25,1.61,0.3,0.76,0.13,0.3,0.76,0.87
2,0.94,0.44,0.18,0.35,0.29,0.14,0.69,0.07,0.96,0.11,0.62,0.19,0.15,0.13,4.22,0.13,0.25,1.61,0.3,0.76,0.13,0.3,0.76,0.87
2,0.94,0.44,0.18,0.35,0.29,0.14,0.69,0.07,0.96,0.11,0.62,0.19,0.15,0.13,4.22,0.13,0.25,1.61,0.3,0.76,0.13,0.3,0.76,0.87
2,0.83,0.45,0.34,0.42,0.31,0.18,0.85,0.05,0.95,0.15,0.41,0.38,0.15,0.15,5.6,0.13,0.26,2.59,0.2,0.93,0.15,0.19,0.93,0.96
2,0.83,0.45,0.34,0.42,0.31,0.18,0.85,0.05,0.95,0.15,0.41,0.38,0.15,0.15,5.6,0.13,0.26,2.59,0.2,0.93,0.15,0.19,0.93,0.96
2,0.83,0.45,0.34,0.42,0.31,0.18,0.85,0.05,0.95,0.15,0.41,0.38,0.15,0.15,5.6,0.13,0.26,2.59,0.2,0.93,0.15,0.19,0.93,0.96
2,0.83,0.45,0.34,0.42,0.31,0.18,0.85,0.05,0.95,0.15,0.41,0.38,0.15,0.15,5.6,0.13,0.26,2.59,0.2,0.93,0.15,0.19,0.93,0.96
2,0.83,0.45,0.34,0.42,0.31,0.18,0.85,0.05,0.95,0.15,0.41,0.38,0.15,0.15,5.6,0.13,0.26,2.59,0.2,0.93,0.15,0.19,0.93,0.96
2,0.83,0.45,0.34,0.42,0.31,0.18,0.85,0.05,0.95,0.15,0.41,0.38,0.15,0.15,5.6,0.13,0.26,2.59,0.2,0.93,0.15,0.19,0.93,0.96
2,0.83,0.45,0.34,0.42,0.31,0.18,0.85,0.05,0.95,0.15,0.41,0.38,0.15,0.15,5.6,0.13,0.26,2.59,0.2,0.93,0.15,0.19,0.93,0.96
2,0.83,0.45,0.34,0.42,0.31,0.18,0.85,0.05,0.95,0.15,0.41,0.38,0.15,0.15,5.6,0.13,0.26,2.59,0.2,0.93,0.15,0.19,0.93,0.96
2,0.83,0.45,0.34,0.42,0.31,0.18,0.85,0.05,0.95,0.15,0.41,0.38,0.15,0.15,5.6,0.13,0.26,2.59,0.2,0.93,0.15,0.19,0.93,0.96
2,0.83,0.45,0.34,0.42,0.31,0.18,0.85,0.05,0.95,0.15,0.41,0.38,0.15,0.15,5.6,0.13,0.26,2.59,0.2,0.93,0.15,0.19,0.93,0.96
2,0.83,0.45,0.34,0.42,0.31,0.18,0.85,0.05,0.95,0.15,0.41,0.38,0.15,0.15,5.6,0.13,0.26,2.59,0.2,0.93,0.15,0.19,0.93,0.96
2,0.83,0.45,0.34,0.42,0.31,0.18,0.85,0.05,0.95,0.15,0.41,0.38,0.15,0.15,5.6,0.13,0.26,2.59,0.2,0.93,0.15,0.19,0.93,0.96
2,0.12,0.36,0.3,0.48,0.67,0.21,0.79,0.14,0.97,0.14,-0.64,0.73,0.13,0.11,1.72,0.12,0.59,2.51,0.37,0.74,0.11,0.36,0.73,0.8
2,0.12,0.36,0.3,0.48,0.67,0.21,0.79,0.14,0.97,0.14,-0.64,0.73,0.13,0.11,1.72,0.12,0.59,2.51,0.37,0.74,0.11,0.36,0.73,0.8
2,0.12,0.36,0.3,0.48,0.67,0.21,0.79,0.14,0.97,0.14,-0.64,0.73,0.13,0.11,1.72,0.12,0.59,2.51,0.37,0.74,0.11,0.36,0.73,0.8
2,0.12,0.36,0.3,0.48,0.67,0.21,0.79,0.14,0.97,0.14,-0.64,0.73,0.13,0.11,1.72,0.12,0.59,2.51,0.37,0.74,0.11,0.36,0.73,0.8
2,0.12,0.36,0.3,0.48,0.67,0.21,0.79,0.14,0.97,0.14,-0.64,0.73,0.13,0.11,1.72,0.12,0.59,2.51,0.37,0.74,0.11,0.36,0.73,0.8
2,0.12,0.36,0.3,0.48,0.67,0.21,0.79,0.14,0.97,0.14,-0.64,0.73,0.13,0.11,1.72,0.12,0.59,2.51,0.37,0.74,0.11,0.36,0.73,0.8
2,0.12,0.36,0.3,0.48,0.67,0.21,0.79,0.14,0.97,0.14,-0.64,0.73,0.13,0.11,1.72,0.12,0.59,2.51,0.37,0.74,0.11,0.36,0.73,0.8
2,0.12,0.36,0.3,0.48,0.67,0.21,0.79,0.14,0.97,0.14,-0.64,0.73,0.13,0.11,1.72,0.12,0.59,2.51,0.37,0.74,0.11,0.36,0.73,0.8
2,0.12,0.36,0.3,0.48,0.67,0.21,0.79,0.14,0.97,0.14,-0.64,0.73,0.13,0.11,1.72,0.12,0.59,2.51,0.37,0.74,0.11,0.36,0.73,0.8
2,0.12,0.36,0.3,0.48,0.67,0.21,0.79,0.14,0.97,0.14,-0.64,0.73,0.13,0.11,1.72,0.12,0.59,2.51,0.37,0.74,0.11,0.36,0.73,0.8
2,0.12,0.36,0.3,0.48,0.67,0.21,0.79,0.14,0.97,0.14,-0.64,0.73,0.13,0.11,1.72,0.12,0.59,2.51,0.37,0.74,0.11,0.36,0.73,0.8
2,0.12,0.36,0.3,0.48,0.67,0.21,0.79,0.14,0.97,0.14,-0.64,0.73,0.13,0.11,1.72,0.12,0.59,2.51,0.37,0.74,0.11,0.36,0.73,0.8
2,0.13,0.41,0.3,0.5,0.67,0.19,0.81,0.12,0.97,0.13,-0.68,0.76,0.12,0.1,1.76,0.11,0.57,2.6,0.37,0.75,0.1,0.36,0.74,0.81
2,0.13,0.41,0.3,0.5,0.67,0.19,0.81,0.12,0.97,0.13,-0.68,0.76,0.12,0.1,1.76,0.11,0.57,2.6,0.37,0.75,0.1,0.36,0.74,0.81
2,0.13,0.41,0.3,0.5,0.67,0.19,0.81,0.12,0.97,0.13,-0.68,0.76,0.12,0.1,1.76,0.11,0.57,2.6,0.37,0.75,0.1,0.36,0.74,0.81
2,0.13,0.41,0.3,0.5,0.67,0.19,0.81,0.12,0.97,0.13,-0.68,0.76,0.12,0.1,1.76,0.11,0.57,2.6,0.37,0.75,0.1,0.36,0.74,0.81
2,0.13,0.41,0.3,0.5,0.67,0.19,0.81,0.12,0.97,0.13,-0.68,0.76,0.12,0.1,1.76,0.11,0.57,2.6,0.37,0.75,0.1,0.36,0.74,0.81
2,0.13,0.41,0.3,0.5,0.67,0.19,0.81,0.12,0.97,0.13,-0.68,0.76,0.12,0.1,1.76,0.11,0.57,2.6,0.37,0.75,0.1,0.36,0.74,0.81
2,0.13,0.41,0.3,0.5,0.67,0.19,0.81,0.12,0.97,0.13,-0.68,0.76,0.12,0.1,1.76,0.11,0.57,2.6,0.37,0.75,0.1,0.36,0.74,0.81
2,0.13,0.41,0.3,0.5,0.67,0.19,0.81,0.12,0.97,0.13,-0.68,0.76,0.12,0.1,1.76,0.11,0.57,2.6,0.37,0.75,0.1,0.36,0.74,0.81
2,0.13,0.41,0.3,0.5,0.67,0.19,0.81,0.12,0.97,0.13,-0.68,0.76,0.12,0.1,1.76,0.11,0.57,2.6,0.37,0.75,0.1,0.36,0.74,0.81
2,0.13,0.41,0.3,0.5,0.67,0.19,0.81,0.12,0.97,0.13,-0.68,0.76,0.12,0.1,1.76,0.11,0.57,2.6,0.37,0.75,0.1,0.36,0.74,0.81
2,0.13,0.41,0.3,0.5,0.67,0.19,0.81,0.12,0.97,0.13,-0.68,0.76,0.12,0.1,1.76,0.11,0.57,2.6,0.37,0.75,0.1,0.36,0.74,0.81
2,0.13,0.41,0.3,0.5,0.67,0.19,0.81,0.12,0.97,0.13,-0.68,0.76,0.12,0.1,1.76,0.11,0.57,2.6,0.37,0.75,0.1,0.36,0.74,0.81
2,0.24,0.64,0.41,0.59,0.37,0.14,0.55,0.43,0.88,0.13,0.66,-0.22,0.22,0.24,14.24,0.24,0.49,8.75,0.28,0.88,0.2,0.27,0.87,0.94
2,0.24,0.64,0.41,0.59,0.37,0.14,0.55,0.43,0.88,0.13,0.66,-0.22,0.22,0.24,14.24,0.24,0.49,8.75,0.28,0.88,0.2,0.27,0.87,0.94
2,0.24,0.64,0.41,0.59,0.37,0.14,0.55,0.43,0.88,0.13,0.66,-0.22,0.22,0.24,14.24,0.24,0.49,8.75,0.28,0.88,0.2,0.27,0.87,0.94
2,0.24,0.64,0.41,0.59,0.37,0.14,0.55,0.43,0.88,0.13,0.66,-0.22,0.22,0.24,14.24,0.24,0.49,8.75,0.28,0.88,0.2,0.27,0.87,0.94
2,0.24,0.64,0.41,0.59,0.37,0.14,0.55,0.43,0.88,0.13,0.66,-0.22,0.22,0.24,14.24,0.24,0.49,8.75,0.28,0.88,0.2,0.27,0.87,0.94
2,0.24,0.64,0.41,0.59,0.37,0.14,0.55,0.43,0.88,0.13,0.66,-0.22,0.22,0.24,14.24,0.24,0.49,8.75,0.28,0.88,0.2,0.27,0.87,0.94
2,0.24,0.64,0.41,0.59,0.37,0.14,0.55,0.43,0.88,0.13,0.66,-0.22,0.22,0.24,14.24,0.24,0.49,8.75,0.28,0.88,0.2,0.27,0.87,0.94
2,0.24,0.64,0.41,0.59,0.37,0.14,0.55,0.43,0.88,0.13,0.66,-0.22,0.22,0.24,14.24,0.24,0.49,8.75,0.28,0.88,0.2,0.27,0.87,0.94
2,0.24,0.64,0.41,0.59,0.37,0.14,0.55,0.43,0.88,0.13,0.66,-0.22,0.22,0.24,14.24,0.24,0.49,8.75,0.28,0.88,0.2,0.27,0.87,0.94
2,0.24,0.64,0.41,0.59,0.37,0.14,0.55,0.43,0.88,0.13,0.66,-0.22,0.22,0.24,14.24,0.24,0.49,8.75,0.28,0.88,0.2,0.27,0.87,0.94
2,0.24,0.64,0.41,0.59,0.37,0.14,0.55,0.43,0.88,0.13,0.66,-0.22,0.22,0.24,14.24,0.24,0.49,8.75,0.28,0.88,0.2,0.27,0.87,0.94
2,0.24,0.64,0.41,0.59,0.37,0.14,0.55,0.43,0.88,0.13,0.66,-0.22,0.22,0.24,14.24,0.24,0.49,8.75,0.28,0.88,0.2,0.27,0.87,0.94
2,0.04,0.42,0.12,0.7,0.64,0.16,0.66,0.31,0.91,0.09,0.5,-0.5,0.1,0.1,28.51,0.09,0.73,17.77,0.37,0.75,0.11,0.34,0.73,0.87
2,0.04,0.42,0.12,0.7,0.64,0.16,0.66,0.31,0.91,0.09,0.5,-0.5,0.1,0.1,28.51,0.09,0.73,17.77,0.37,0.75,0.11,0.34,0.73,0.87
2,0.04,0.42,0.12,0.7,0.64,0.16,0.66,0.31,0.91,0.09,0.5,-0.5,0.1,0.1,28.51,0.09,0.73,17.77,0.37,0.75,0.11,0.34,0.73,0.87
2,0.04,0.42,0.12,0.7,0.64,0.16,0.66,0.31,0.91,0.09,0.5,-0.5,0.1,0.1,28.51,0.09,0.73,17.77,0.37,0.75,0.11,0.34,0.73,0.87
2,0.04,0.42,0.12,0.7,0.64,0.16,0.66,0.31,0.91,0.09,0.5,-0.5,0.1,0.1,28.51,0.09,0.73,17.77,0.37,0.75,0.11,0.34,0.73,0.87
2,0.04,0.42,0.12,0.7,0.64,0.16,0.66,0.31,0.91,0.09,0.5,-0.5,0.1,0.1,28.51,0.09,0.73,17.77,0.37,0.75,0.11,0.34,0.73,0.87
2,0.04,0.42,0.12,0.7,0.64,0.16,0.66,0.31,0.91,0.09,0.5,-0.5,0.1,0.1,28.51,0.09,0.73,17.77,0.37,0.75,0.11,0.34,0.73,0.87
2,0.04,0.42,0.12,0.7,0.64,0.16,0.66,0.31,0.91,0.09,0.5,-0.5,0.1,0.1,28.51,0.09,0.73,17.77,0.37,0.75,0.11,0.34,0.73,0.87
2,0.04,0.42,0.12,0.7,0.64,0.16,0.66,0.31,0.91,0.09,0.5,-0.5,0.1,0.1,28.51,0.09,0.73,17.77,0.37,0.75,0.11,0.34,0.73,0.87
2,0.04,0.42,0.12,0.7,0.64,0.16,0.66,0.31,0.91,0.09,0.5,-0.5,0.1,0.1,28.51,0.09,0.73,17.77,0.37,0.75,0.11,0.34,0.73,0.87
2,0.04,0.42,0.12,0.7,0.64,0.16,0.66,0.31,0.91,0.09,0.5,-0.5,0.1,0.1,28.51,0.09,0.73,17.77,0.37,0.75,0.11,0.34,0.73,0.87
2,0.04,0.42,0.12,0.7,0.64,0.16,0.66,0.31,0.91,0.09,0.5,-0.5,0.1,0.1,28.51,0.09,0.73,17.77,0.37,0.75,0.11,0.34,0.73,0.87
2,0.08,0.48,0.23,0.62,0.6,0.15,0.73,0.21,0.91,0.14,-0.37,-1.09,0.09,0.08,4.31,0.1,0.64,5.04,0.34,0.8,0.12,0.33,0.79,0.88
2,0.08,0.48,0.23,0.62,0.6,0.15,0.73,0.21,0.91,0.14,-0.37,-1.09,0.09,0.08,4.31,0.1,0.64,5.04,0.34,0.8,0.12,0.33,0.79,0.88
2,0.08,0.48,0.23,0.62,0.6,0.15,0.73,0.21,0.91,0.14,-0.37,-1.09,0.09,0.08,4.31,0.1,0.64,5.04,0.34,0.8,0.12,0.33,0.79,0.88
2,0.08,0.48,0.23,0.62,0.6,0.15,0.73,0.21,0.91,0.14,-0.37,-1.09,0.09,0.08,4.31,0.1,0.64,5.04,0.34,0.8,0.12,0.33,0.79,0.88
2,0.08,0.48,0.23,0.62,0.6,0.15,0.73,0.21,0.91,0.14,-0.37,-1.09,0.09,0.08,4.31,0.1,0.64,5.04,0.34,0.8,0.12,0.33,0.79,0.88
2,0.08,0.48,0.23,0.62,0.6,0.15,0.73,0.21,0.91,0.14,-0.37,-1.09,0.09,0.08,4.31,0.1,0.64,5.04,0.34,0.8,0.12,0.33,0.79,0.88
2,0.08,0.48,0.23,0.62,0.6,0.15,0.73,0.21,0.91,0.14,-0.37,-1.09,0.09,0.08,4.31,0.1,0.64,5.04,0.34,0.8,0.12,0.33,0.79,0.88
2,0.08,0.48,0.23,0.62,0.6,0.15,0.73,0.21,0.91,0.14,-0.37,-1.09,0.09,0.08,4.31,0.1,0.64,5.04,0.34,0.8,0.12,0.33,0.79,0.88
2,0.08,0.48,0.23,0.62,0.6,0.15,0.73,0.21,0.91,0.14,-0.37,-1.09,0.09,0.08,4.31,0.1,0.64,5.04,0.34,0.8,0.12,0.33,0.79,0.88
2,0.08,0.48,0.23,0.62,0.6,0.15,0.73,0.21,0.91,0.14,-0.37,-1.09,0.09,0.08,4.31,0.1,0.64,5.04,0.34,0.8,0.12,0.33,0.79,0.88
2,0.08,0.48,0.23,0.62,0.6,0.15,0.73,0.21,0.91,0.14,-0.37,-1.09,0.09,0.08,4.31,0.1,0.64,5.04,0.34,0.8,0.12,0.33,0.79,0.88
2,0.08,0.48,0.23,0.62,0.6,0.15,0.73,0.21,0.91,0.14,-0.37,-1.09,0.09,0.08,4.31,0.1,0.64,5.04,0.34,0.8,0.12,0.33,0.79,0.88
2,0.03,0.59,0.01,0.83,0.62,0.16,0.59,0.14,0.93,0.06,0.43,-0.05,0.13,0.09,3.29,0.07,0.68,1.62,0.37,0.79,0.13,0.33,0.76,0.87
2,0.03,0.59,0.01,0.83,0.62,0.16,0.59,0.14,0.93,0.06,0.43,-0.05,0.13,0.09,3.29,0.07,0.68,1.62,0.37,0.79,0.13,0.33,0.76,0.87
2,0.03,0.59,0.01,0.83,0.62,0.16,0.59,0.14,0.93,0.06,0.43,-0.05,0.13,0.09,3.29,0.07,0.68,1.62,0.37,0.79,0.13,0.33,0.76,0.87
2,0.03,0.59,0.01,0.83,0.62,0.16,0.59,0.14,0.93,0.06,0.43,-0.05,0.13,0.09,3.29,0.07,0.68,1.62,0.37,0.79,0.13,0.33,0.76,0.87
2,0.03,0.59,0.01,0.83,0.62,0.16,0.59,0.14,0.93,0.06,0.43,-0.05,0.13,0.09,3.29,0.07,0.68,1.62,0.37,0.79,0.13,0.33,0.76,0.87
2,0.03,0.59,0.01,0.83,0.62,0.16,0.59,0.14,0.93,0.06,0.43,-0.05,0.13,0.09,3.29,0.07,0.68,1.62,0.37,0.79,0.13,0.33,0.76,0.87
2,0.03,0.59,0.01,0.83,0.62,0.16,0.59,0.14,0.93,0.06,0.43,-0.05,0.13,0.09,3.29,0.07,0.68,1.62,0.37,0.79,0.13,0.33,0.76,0.87
2,0.03,0.59,0.01,0.83,0.62,0.16,0.59,0.14,0.93,0.06,0.43,-0.05,0.13,0.09,3.29,0.07,0.68,1.62,0.37,0.79,0.13,0.33,0.76,0.87
2,0.03,0.59,0.01,0.83,0.62,0.16,0.59,0.14,0.93,0.06,0.43,-0.05,0.13,0.09,3.29,0.07,0.68,1.62,0.37,0.79,0.13,0.33,0.76,0.87
2,0.03,0.59,0.01,0.83,0.62,0.16,0.59,0.14,0.93,0.06,0.43,-0.05,0.13,0.09,3.29,0.07,0.68,1.62,0.37,0.79,0.13,0.33,0.76,0.87
2,0.03,0.59,0.01,0.83,0.62,0.16,0.59,0.14,0.93,0.06,0.43,-0.05,0.13,0.09,3.29,0.07,0.68,1.62,0.37,0.79,0.13,0.33,0.76,0.87
2,0.03,0.59,0.01,0.83,0.62,0.16,0.59,0.14,0.93,0.06,0.43,-0.05,0.13,0.09,3.29,0.07,0.68,1.62,0.37,0.79,0.13,0.33,0.76,0.87
2,0.03,0.49,0.03,0.5,0.34,0.14,0.76,0.15,0.92,0.14,0.43,0.3,0.12,0.11,2.68,0.13,0.41,1.34,0.31,0.84,0.16,0.28,0.83,0.88
2,0.03,0.49,0.03,0.5,0.34,0.14,0.76,0.15,0.92,0.14,0.43,0.3,0.12,0.11,2.68,0.13,0.41,1.34,0.31,0.84,0.16,0.28,0.83,0.88
2,0.03,0.49,0.03,0.5,0.34,0.14,0.76,0.15,0.92,0.14,0.43,0.3,0.12,0.11,2.68,0.13,0.41,1.34,0.31,0.84,0.16,0.28,0.83,0.88
2,0.03,0.49,0.03,0.5,0.34,0.14,0.76,0.15,0.92,0.14,0.43,0.3,0.12,0.11,2.68,0.13,0.41,1.34,0.31,0.84,0.16,0.28,0.83,0.88
2,0.03,0.49,0.03,0.5,0.34,0.14,0.76,0.15,0.92,0.14,0.43,0.3,0.12,0.11,2.68,0.13,0.41,1.34,0.31,0.84,0.16,0.28,0.83,0.88
2,0.03,0.49,0.03,0.5,0.34,0.14,0.76,0.15,0.92,0.14,0.43,0.3,0.12,0.11,2.68,0.13,0.41,1.34,0.31,0.84,0.16,0.28,0.83,0.88
2,0.03,0.49,0.03,0.5,0.34,0.14,0.76,0.15,0.92,0.14,0.43,0.3,0.12,0.11,2.68,0.13,0.41,1.34,0.31,0.84,0.16,0.28,0.83,0.88
2,0.03,0.49,0.03,0.5,0.34,0.14,0.76,0.15,0.92,0.14,0.43,0.3,0.12,0.11,2.68,0.13,0.41,1.34,0.31,0.84,0.16,0.28,0.83,0.88
2,0.03,0.49,0.03,0.5,0.34,0.14,0.76,0.15,0.92,0.14,0.43,0.3,0.12,0.11,2.68,0.13,0.41,1.34,0.31,0.84,0.16,0.28,0.83,0.88
2,0.03,0.49,0.03,0.5,0.34,0.14,0.76,0.15,0.92,0.14,0.43,0.3,0.12,0.11,2.68,0.13,0.41,1.34,0.31,0.84,0.16,0.28,0.83,0.88
2,0.03,0.49,0.03,0.5,0.34,0.14,0.76,0.15,0.92,0.14,0.43,0.3,0.12,0.11,2.68,0.13,0.41,1.34,0.31,0.84,0.16,0.28,0.83,0.88
2,0.03,0.49,0.03,0.5,0.34,0.14,0.76,0.15,0.92,0.14,0.43,0.3,0.12,0.11,2.68,0.13,0.41,1.34,0.31,0.84,0.16,0.28,0.83,0.88
2,0.35,0.49,0.46,0.45,0.44,0.2,0.77,0.22,0.95,0.22,-0.07,0.02,0.36,0.36,39.57,0.25,0.35,3.34,0.34,0.77,0.29,0.35,0.77,0.84
2,0.35,0.49,0.46,0.45,0.44,0.2,0.77,0.22,0.95,0.22,-0.07,0.02,0.36,0.36,39.57,0.25,0.35,3.34,0.34,0.77,0.29,0.35,0.77,0.84
2,0.35,0.49,0.46,0.45,0.44,0.2,0.77,0.22,0.95,0.22,-0.07,0.02,0.36,0.36,39.57,0.25,0.35,3.34,0.34,0.77,0.29,0.35,0.77,0.84
2,0.35,0.49,0.46,0.45,0.44,0.2,0.77,0.22,0.95,0.22,-0.07,0.02,0.36,0.36,39.57,0.25,0.35,3.34,0.34,0.77,0.29,0.35,0.77,0.84
2,0.35,0.49,0.46,0.45,0.44,0.2,0.77,0.22,0.95,0.22,-0.07,0.02,0.36,0.36,39.57,0.25,0.35,3.34,0.34,0.77,0.29,0.35,0.77,0.84
2,0.35,0.49,0.46,0.45,0.44,0.2,0.77,0.22,0.95,0.22,-0.07,0.02,0.36,0.36,39.57,0.25,0.35,3.34,0.34,0.77,0.29,0.35,0.77,0.84
2,0.35,0.49,0.46,0.45,0.44,0.2,0.77,0.22,0.95,0.22,-0.07,0.02,0.36,0.36,39.57,0.25,0.35,3.34,0.34,0.77,0.29,0.35,0.77,0.84
2,0.35,0.49,0.46,0.45,0.44,0.2,0.77,0.22,0.95,0.22,-0.07,0.02,0.36,0.36,39.57,0.25,0.35,3.34,0.34,0.77,0.29,0.35,0.77,0.84
2,0.35,0.49,0.46,0.45,0.44,0.2,0.77,0.22,0.95,0.22,-0.07,0.02,0.36,0.36,39.57,0.25,0.35,3.34,0.34,0.77,0.29,0.35,0.77,0.84
2,0.35,0.49,0.46,0.45,0.44,0.2,0.77,0.22,0.95,0.22,-0.07,0.02,0.36,0.36,39.57,0.25,0.35,3.34,0.34,0.77,0.29,0.35,0.77,0.84
2,0.35,0.49,0.46,0.45,0.44,0.2,0.77,0.22,0.95,0.22,-0.07,0.02,0.36,0.36,39.57,0.25,0.35,3.34,0.34,0.77,0.29,0.35,0.77,0.84
2,0.35,0.49,0.46,0.45,0.44,0.2,0.77,0.22,0.95,0.22,-0.07,0.02,0.36,0.36,39.57,0.25,0.35,3.34,0.34,0.77,0.29,0.35,0.77,0.84
2,0.05,0.51,0.19,0.39,0.37,0.15,0.71,0.18,0.93,0.15,0.53,0.79,0.13,0.13,1.31,0.15,0.39,0.41,0.28,0.88,0.18,0.28,0.88,0.9
2,0.05,0.51,0.19,0.39,0.37,0.15,0.71,0.18,0.93,0.15,0.53,0.79,0.13,0.13,1.31,0.15,0.39,0.41,0.28,0.88,0.18,0.28,0.88,0.9
2,0.05,0.51,0.19,0.39,0.37,0.15,0.71,0.18,0.93,0.15,0.53,0.79,0.13,0.13,1.31,0.15,0.39,0.41,0.28,0.88,0.18,0.28,0.88,0.9
2,0.05,0.51,0.19,0.39,0.37,0.15,0.71,0.18,0.93,0.15,0.53,0.79,0.13,0.13,1.31,0.15,0.39,0.41,0.28,0.88,0.18,0.28,0.88,0.9
2,0.05,0.51,0.19,0.39,0.37,0.15,0.71,0.18,0.93,0.15,0.53,0.79,0.13,0.13,1.31,0.15,0.39,0.41,0.28,0.88,0.18,0.28,0.88,0.9
2,0.05,0.51,0.19,0.39,0.37,0.15,0.71,0.18,0.93,0.15,0.53,0.79,0.13,0.13,1.31,0.15,0.39,0.41,0.28,0.88,0.18,0.28,0.88,0.9
2,0.05,0.51,0.19,0.39,0.37,0.15,0.71,0.18,0.93,0.15,0.53,0.79,0.13,0.13,1.31,0.15,0.39,0.41,0.28,0.88,0.18,0.28,0.88,0.9
2,0.05,0.51,0.19,0.39,0.37,0.15,0.71,0.18,0.93,0.15,0.53,0.79,0.13,0.13,1.31,0.15,0.39,0.41,0.28,0.88,0.18,0.28,0.88,0.9
2,0.05,0.51,0.19,0.39,0.37,0.15,0.71,0.18,0.93,0.15,0.53,0.79,0.13,0.13,1.31,0.15,0.39,0.41,0.28,0.88,0.18,0.28,0.88,0.9
2,0.05,0.51,0.19,0.39,0.37,0.15,0.71,0.18,0.93,0.15,0.53,0.79,0.13,0.13,1.31,0.15,0.39,0.41,0.28,0.88,0.18,0.28,0.88,0.9
2,0.05,0.51,0.19,0.39,0.37,0.15,0.71,0.18,0.93,0.15,0.53,0.79,0.13,0.13,1.31,0.15,0.39,0.41,0.28,0.88,0.18,0.28,0.88,0.9
2,0.05,0.51,0.19,0.39,0.37,0.15,0.71,0.18,0.93,0.15,0.53,0.79,0.13,0.13,1.31,0.15,0.39,0.41,0.28,0.88,0.18,0.28,0.88,0.9
2,0.06,0.62,0.04,0.8,0.71,0.1,0.51,0.1,0.95,0.09,-2.76,-2.27,0.09,0.09,2.11,0.08,0.76,6.53,0.35,0.47,0.08,0.29,0.35,0.66
2,0.06,0.62,0.04,0.8,0.71,0.1,0.51,0.1,0.95,0.09,-2.76,-2.27,0.09,0.09,2.11,0.08,0.76,6.53,0.35,0.47,0.08,0.29,0.35,0.66
2,0.06,0.62,0.04,0.8,0.71,0.1,0.51,0.1,0.95,0.09,-2.76,-2.27,0.09,0.09,2.11,0.08,0.76,6.53,0.35,0.47,0.08,0.29,0.35,0.66
2,0.06,0.62,0.04,0.8,0.71,0.1,0.51,0.1,0.95,0.09,-2.76,-2.27,0.09,0.09,2.11,0.08,0.76,6.53,0.35,0.47,0.08,0.29,0.35,0.66
2,0.06,0.62,0.04,0.8,0.71,0.1,0.51,0.1,0.95,0.09,-2.76,-2.27,0.09,0.09,2.11,0.08,0.76,6.53,0.35,0.47,0.08,0.29,0.35,0.66
2,0.06,0.62,0.04,0.8,0.71,0.1,0.51,0.1,0.95,0.09,-2.76,-2.27,0.09,0.09,2.11,0.08,0.76,6.53,0.35,0.47,0.08,0.29,0.35,0.66
2,0.06,0.62,0.04,0.8,0.71,0.1,0.51,0.1,0.95,0.09,-2.76,-2.27,0.09,0.09,2.11,0.08,0.76,6.53,0.35,0.47,0.08,0.29,0.35,0.66
2,0.06,0.62,0.04,0.8,0.71,0.1,0.51,0.1,0.95,0.09,-2.76,-2.27,0.09,0.09,2.11,0.08,0.76,6.53,0.35,0.47,0.08,0.29,0.35,0.66
2,0.06,0.62,0.04,0.8,0.71,0.1,0.51,0.1,0.95,0.09,-2.76,-2.27,0.09,0.09,2.11,0.08,0.76,6.53,0.35,0.47,0.08,0.29,0.35,0.66
2,0.06,0.62,0.04,0.8,0.71,0.1,0.51,0.1,0.95,0.09,-2.76,-2.27,0.09,0.09,2.11,0.08,0.76,6.53,0.35,0.47,0.08,0.29,0.35,0.66
2,0.06,0.62,0.04,0.8,0.71,0.1,0.51,0.1,0.95,0.09,-2.76,-2.27,0.09,0.09,2.11,0.08,0.76,6.53,0.35,0.47,0.08,0.29,0.35,0.66
2,0.06,0.62,0.04,0.8,0.71,0.1,0.51,0.1,0.95,0.09,-2.76,-2.27,0.09,0.09,2.11,0.08,0.76,6.53,0.35,0.47,0.08,0.29,0.35,0.66
2,0.47,0.47,0.22,0.47,0.4,0.19,0.62,0.1,0.97,0.11,0.31,0.58,0.12,0.13,3.8,0.11,0.5,0.71,0.39,0.71,0.2,0.38,0.7,0.8
2,0.47,0.47,0.22,0.47,0.4,0.19,0.62,0.1,0.97,0.11,0.31,0.58,0.12,0.13,3.8,0.11,0.5,0.71,0.39,0.71,0.2,0.38,0.7,0.8
2,0.47,0.47,0.22,0.47,0.4,0.19,0.62,0.1,0.97,0.11,0.31,0.58,0.12,0.13,3.8,0.11,0.5,0.71,0.39,0.71,0.2,0.38,0.7,0.8
2,0.47,0.47,0.22,0.47,0.4,0.19,0.62,0.1,0.97,0.11,0.31,0.58,0.12,0.13,3.8,0.11,0.5,0.71,0.39,0.71,0.2,0.38,0.7,0.8
2,0.47,0.47,0.22,0.47,0.4,0.19,0.62,0.1,0.97,0.11,0.31,0.58,0.12,0.13,3.8,0.11,0.5,0.71,0.39,0.71,0.2,0.38,0.7,0.8
2,0.47,0.47,0.22,0.47,0.4,0.19,0.62,0.1,0.97,0.11,0.31,0.58,0.12,0.13,3.8,0.11,0.5,0.71,0.39,0.71,0.2,0.38,0.7,0.8
2,0.47,0.47,0.22,0.47,0.4,0.19,0.62,0.1,0.97,0.11,0.31,0.58,0.12,0.13,3.8,0.11,0.5,0.71,0.39,0.71,0.2,0.38,0.7,0.8
2,0.47,0.47,0.22,0.47,0.4,0.19,0.62,0.1,0.97,0.11,0.31,0.58,0.12,0.13,3.8,0.11,0.5,0.71,0.39,0.71,0.2,0.38,0.7,0.8
2,0.47,0.47,0.22,0.47,0.4,0.19,0.62,0.1,0.97,0.11,0.31,0.58,0.12,0.13,3.8,0.11,0.5,0.71,0.39,0.71,0.2,0.38,0.7,0.8
2,0.47,0.47,0.22,0.47,0.4,0.19,0.62,0.1,0.97,0.11,0.31,0.58,0.12,0.13,3.8,0.11,0.5,0.71,0.39,0.71,0.2,0.38,0.7,0.8
2,0.47,0.47,0.22,0.47,0.4,0.19,0.62,0.1,0.97,0.11,0.31,0.58,0.12,0.13,3.8,0.11,0.5,0.71,0.39,0.71,0.2,0.38,0.7,0.8
2,0.47,0.47,0.22,0.47,0.4,0.19,0.62,0.1,0.97,0.11,0.31,0.58,0.12,0.13,3.8,0.11,0.5,0.71,0.39,0.71,0.2,0.38,0.7,0.8
2,0.47,0.47,0.22,0.47,0.42,0.19,0.62,0.1,0.97,0.11,0.31,0.58,0.12,0.13,3.8,0.11,0.5,0.71,0.39,0.71,0.2,0.38,0.7,0.8
2,0.47,0.47,0.22,0.47,0.42,0.19,0.62,0.1,0.97,0.11,0.31,0.58,0.12,0.13,3.8,0.11,0.5,0.71,0.39,0.71,0.2,0.38,0.7,0.8
2,0.47,0.47,0.22,0.47,0.42,0.19,0.62,0.1,0.97,0.11,0.31,0.58,0.12,0.13,3.8,0.11,0.5,0.71,0.39,0.71,0.2,0.38,0.7,0.8
2,0.47,0.47,0.22,0.47,0.42,0.19,0.62,0.1,0.97,0.11,0.31,0.58,0.12,0.13,3.8,0.11,0.5,0.71,0.39,0.71,0.2,0.38,0.7,0.8
2,0.47,0.47,0.22,0.47,0.42,0.19,0.62,0.1,0.97,0.11,0.31,0.58,0.12,0.13,3.8,0.11,0.5,0.71,0.39,0.71,0.2,0.38,0.7,0.8
2,0.47,0.47,0.22,0.47,0.42,0.19,0.62,0.1,0.97,0.11,0.31,0.58,0.12,0.13,3.8,0.11,0.5,0.71,0.39,0.71,0.2,0.38,0.7,0.8
2,0.47,0.47,0.22,0.47,0.42,0.19,0.62,0.1,0.97,0.11,0.31,0.58,0.12,0.13,3.8,0.11,0.5,0.71,0.39,0.71,0.2,0.38,0.7,0.8
2,0.47,0.47,0.22,0.47,0.42,0.19,0.62,0.1,0.97,0.11,0.31,0.58,0.12,0.13,3.8,0.11,0.5,0.71,0.39,0.71,0.2,0.38,0.7,0.8
2,0.47,0.47,0.22,0.47,0.42,0.19,0.62,0.1,0.97,0.11,0.31,0.58,0.12,0.13,3.8,0.11,0.5,0.71,0.39,0.71,0.2,0.38,0.7,0.8
2,0.47,0.47,0.22,0.47,0.42,0.19,0.62,0.1,0.97,0.11,0.31,0.58,0.12,0.13,3.8,0.11,0.5,0.71,0.39,0.71,0.2,0.38,0.7,0.8
2,0.47,0.47,0.22,0.47,0.42,0.19,0.62,0.1,0.97,0.11,0.31,0.58,0.12,0.13,3.8,0.11,0.5,0.71,0.39,0.71,0.2,0.38,0.7,0.8
2,0.47,0.47,0.22,0.47,0.42,0.19,0.62,0.1,0.97,0.11,0.31,0.58,0.12,0.13,3.8,0.11,0.5,0.71,0.39,0.71,0.2,0.38,0.7,0.8
2,0.47,0.44,0.22,0.45,0.39,0.19,0.58,0.17,0.96,0.13,0.32,0.56,0.13,0.13,3.77,0.11,0.47,0.73,0.39,0.72,0.19,0.37,0.7,0.81
2,0.47,0.44,0.22,0.45,0.39,0.19,0.58,0.17,0.96,0.13,0.32,0.56,0.13,0.13,3.77,0.11,0.47,0.73,0.39,0.72,0.19,0.37,0.7,0.81
2,0.47,0.44,0.22,0.45,0.39,0.19,0.58,0.17,0.96,0.13,0.32,0.56,0.13,0.13,3.77,0.11,0.47,0.73,0.39,0.72,0.19,0.37,0.7,0.81
2,0.47,0.44,0.22,0.45,0.39,0.19,0.58,0.17,0.96,0.13,0.32,0.56,0.13,0.13,3.77,0.11,0.47,0.73,0.39,0.72,0.19,0.37,0.7,0.81
2,0.47,0.44,0.22,0.45,0.39,0.19,0.58,0.17,0.96,0.13,0.32,0.56,0.13,0.13,3.77,0.11,0.47,0.73,0.39,0.72,0.19,0.37,0.7,0.81
2,0.47,0.44,0.22,0.45,0.39,0.19,0.58,0.17,0.96,0.13,0.32,0.56,0.13,0.13,3.77,0.11,0.47,0.73,0.39,0.72,0.19,0.37,0.7,0.81
2,0.47,0.44,0.22,0.45,0.39,0.19,0.58,0.17,0.96,0.13,0.32,0.56,0.13,0.13,3.77,0.11,0.47,0.73,0.39,0.72,0.19,0.37,0.7,0.81
2,0.47,0.44,0.22,0.45,0.39,0.19,0.58,0.17,0.96,0.13,0.32,0.56,0.13,0.13,3.77,0.11,0.47,0.73,0.39,0.72,0.19,0.37,0.7,0.81
2,0.47,0.44,0.22,0.45,0.39,0.19,0.58,0.17,0.96,0.13,0.32,0.56,0.13,0.13,3.77,0.11,0.47,0.73,0.39,0.72,0.19,0.37,0.7,0.81
2,0.47,0.44,0.22,0.45,0.39,0.19,0.58,0.17,0.96,0.13,0.32,0.56,0.13,0.13,3.77,0.11,0.47,0.73,0.39,0.72,0.19,0.37,0.7,0.81
2,0.47,0.44,0.22,0.45,0.39,0.19,0.58,0.17,0.96,0.13,0.32,0.56,0.13,0.13,3.77,0.11,0.47,0.73,0.39,0.72,0.19,0.37,0.7,0.81
2,0.47,0.44,0.22,0.45,0.39,0.19,0.58,0.17,0.96,0.13,0.32,0.56,0.13,0.13,3.77,0.11,0.47,0.73,0.39,0.72,0.19,0.37,0.7,0.81
2,0.45,0.38,0.49,0.55,0.7,0.17,0.56,0.25,0.93,0.16,-0.8,-0.11,0.14,0.12,5.12,0.12,0.65,1.7,0.38,0.71,0.14,0.39,0.72,0.8
2,0.45,0.38,0.49,0.55,0.7,0.17,0.56,0.25,0.93,0.16,-0.8,-0.11,0.14,0.12,5.12,0.12,0.65,1.7,0.38,0.71,0.14,0.39,0.72,0.8
2,0.45,0.38,0.49,0.55,0.7,0.17,0.56,0.25,0.93,0.16,-0.8,-0.11,0.14,0.12,5.12,0.12,0.65,1.7,0.38,0.71,0.14,0.39,0.72,0.8
2,0.45,0.38,0.49,0.55,0.7,0.17,0.56,0.25,0.93,0.16,-0.8,-0.11,0.14,0.12,5.12,0.12,0.65,1.7,0.38,0.71,0.14,0.39,0.72,0.8
2,0.45,0.38,0.49,0.55,0.7,0.17,0.56,0.25,0.93,0.16,-0.8,-0.11,0.14,0.12,5.12,0.12,0.65,1.7,0.38,0.71,0.14,0.39,0.72,0.8
2,0.45,0.38,0.49,0.55,0.7,0.17,0.56,0.25,0.93,0.16,-0.8,-0.11,0.14,0.12,5.12,0.12,0.65,1.7,0.38,0.71,0.14,0.39,0.72,0.8
2,0.45,0.38,0.49,0.55,0.7,0.17,0.56,0.25,0.93,0.16,-0.8,-0.11,0.14,0.12,5.12,0.12,0.65,1.7,0.38,0.71,0.14,0.39,0.72,0.8
2,0.45,0.38,0.49,0.55,0.7,0.17,0.56,0.25,0.93,0.16,-0.8,-0.11,0.14,0.12,5.12,0.12,0.65,1.7,0.38,0.71,0.14,0.39,0.72,0.8
2,0.45,0.38,0.49,0.55,0.7,0.17,0.56,0.25,0.93,0.16,-0.8,-0.11,0.14,0.12,5.12,0.12,0.65,1.7,0.38,0.71,0.14,0.39,0.72,0.8
2,0.45,0.38,0.49,0.55,0.7,0.17,0.56,0.25,0.93,0.16,-0.8,-0.11,0.14,0.12,5.12,0.12,0.65,1.7,0.38,0.71,0.14,0.39,0.72,0.8
2,0.45,0.38,0.49,0.55,0.7,0.17,0.56,0.25,0.93,0.16,-0.8,-0.11,0.14,0.12,5.12,0.12,0.65,1.7,0.38,0.71,0.14,0.39,0.72,0.8
2,0.45,0.38,0.49,0.55,0.7,0.17,0.56,0.25,0.93,0.16,-0.8,-0.11,0.14,0.12,5.12,0.12,0.65,1.7,0.38,0.71,0.14,0.39,0.72,0.8
2,0.06,0.66,0.11,0.76,0.61,0.16,0.54,0.19,0.95,0.12,0.59,-1.62,0.11,0.11,16.98,0.1,0.65,9.05,0.4,0.61,0.14,0.37,0.59,0.74
2,0.06,0.66,0.11,0.76,0.61,0.16,0.54,0.19,0.95,0.12,0.59,-1.62,0.11,0.11,16.98,0.1,0.65,9.05,0.4,0.61,0.14,0.37,0.59,0.74
2,0.06,0.66,0.11,0.76,0.61,0.16,0.54,0.19,0.95,0.12,0.59,-1.62,0.11,0.11,16.98,0.1,0.65,9.05,0.4,0.61,0.14,0.37,0.59,0.74
2,0.06,0.66,0.11,0.76,0.61,0.16,0.54,0.19,0.95,0.12,0.59,-1.62,0.11,0.11,16.98,0.1,0.65,9.05,0.4,0.61,0.14,0.37,0.59,0.74
2,0.06,0.66,0.11,0.76,0.61,0.16,0.54,0.19,0.95,0.12,0.59,-1.62,0.11,0.11,16.98,0.1,0.65,9.05,0.4,0.61,0.14,0.37,0.59,0.74
2,0.06,0.66,0.11,0.76,0.61,0.16,0.54,0.19,0.95,0.12,0.59,-1.62,0.11,0.11,16.98,0.1,0.65,9.05,0.4,0.61,0.14,0.37,0.59,0.74
2,0.06,0.66,0.11,0.76,0.61,0.16,0.54,0.19,0.95,0.12,0.59,-1.62,0.11,0.11,16.98,0.1,0.65,9.05,0.4,0.61,0.14,0.37,0.59,0.74
2,0.06,0.66,0.11,0.76,0.61,0.16,0.54,0.19,0.95,0.12,0.59,-1.62,0.11,0.11,16.98,0.1,0.65,9.05,0.4,0.61,0.14,0.37,0.59,0.74
2,0.06,0.66,0.11,0.76,0.61,0.16,0.54,0.19,0.95,0.12,0.59,-1.62,0.11,0.11,16.98,0.1,0.65,9.05,0.4,0.61,0.14,0.37,0.59,0.74
2,0.06,0.66,0.11,0.76,0.61,0.16,0.54,0.19,0.95,0.12,0.59,-1.62,0.11,0.11,16.98,0.1,0.65,9.05,0.4,0.61,0.14,0.37,0.59,0.74
2,0.06,0.66,0.11,0.76,0.61,0.16,0.54,0.19,0.95,0.12,0.59,-1.62,0.11,0.11,16.98,0.1,0.65,9.05,0.4,0.61,0.14,0.37,0.59,0.74
2,0.06,0.66,0.11,0.76,0.61,0.16,0.54,0.19,0.95,0.12,0.59,-1.62,0.11,0.11,16.98,0.1,0.65,9.05,0.4,0.61,0.14,0.37,0.59,0.74
2,0.04,0.55,0.1,0.71,0.68,0.17,0.62,0.28,0.92,0.08,1.2,0.94,0.13,0.1,12.95,0.09,0.79,6.27,0.41,0.66,0.1,0.36,0.61,0.86
2,0.04,0.55,0.1,0.71,0.68,0.17,0.62,0.28,0.92,0.08,1.2,0.94,0.13,0.1,12.95,0.09,0.79,6.27,0.41,0.66,0.1,0.36,0.61,0.86
2,0.04,0.55,0.1,0.71,0.68,0.17,0.62,0.28,0.92,0.08,1.2,0.94,0.13,0.1,12.95,0.09,0.79,6.27,0.41,0.66,0.1,0.36,0.61,0.86
2,0.04,0.55,0.1,0.71,0.68,0.17,0.62,0.28,0.92,0.08,1.2,0.94,0.13,0.1,12.95,0.09,0.79,6.27,0.41,0.66,0.1,0.36,0.61,0.86
2,0.04,0.55,0.1,0.71,0.68,0.17,0.62,0.28,0.92,0.08,1.2,0.94,0.13,0.1,12.95,0.09,0.79,6.27,0.41,0.66,0.1,0.36,0.61,0.86
2,0.04,0.55,0.1,0.71,0.68,0.17,0.62,0.28,0.92,0.08,1.2,0.94,0.13,0.1,12.95,0.09,0.79,6.27,0.41,0.66,0.1,0.36,0.61,0.86
2,0.04,0.55,0.1,0.71,0.68,0.17,0.62,0.28,0.92,0.08,1.2,0.94,0.13,0.1,12.95,0.09,0.79,6.27,0.41,0.66,0.1,0.36,0.61,0.86
2,0.04,0.55,0.1,0.71,0.68,0.17,0.62,0.28,0.92,0.08,1.2,0.94,0.13,0.1,12.95,0.09,0.79,6.27,0.41,0.66,0.1,0.36,0.61,0.86
2,0.04,0.55,0.1,0.71,0.68,0.17,0.62,0.28,0.92,0.08,1.2,0.94,0.13,0.1,12.95,0.09,0.79,6.27,0.41,0.66,0.1,0.36,0.61,0.86
2,0.04,0.55,0.1,0.71,0.68,0.17,0.62,0.28,0.92,0.08,1.2,0.94,0.13,0.1,12.95,0.09,0.79,6.27,0.41,0.66,0.1,0.36,0.61,0.86
2,0.04,0.55,0.1,0.71,0.68,0.17,0.62,0.28,0.92,0.08,1.2,0.94,0.13,0.1,12.95,0.09,0.79,6.27,0.41,0.66,0.1,0.36,0.61,0.86
2,0.04,0.55,0.1,0.71,0.68,0.17,0.62,0.28,0.92,0.08,1.2,0.94,0.13,0.1,12.95,0.09,0.79,6.27,0.41,0.66,0.1,0.36,0.61,0.86
2,0.06,0.37,0.03,0.46,0.47,0.21,0.72,0.18,0.92,0.16,0.13,1.04,0.19,0.17,6.61,0.14,0.46,23.36,0.32,0.78,0.18,0.33,0.78,0.83
2,0.06,0.37,0.03,0.46,0.47,0.21,0.72,0.18,0.92,0.16,0.13,1.04,0.19,0.17,6.61,0.14,0.46,23.36,0.32,0.78,0.18,0.33,0.78,0.83
2,0.06,0.37,0.03,0.46,0.47,0.21,0.72,0.18,0.92,0.16,0.13,1.04,0.19,0.17,6.61,0.14,0.46,23.36,0.32,0.78,0.18,0.33,0.78,0.83
2,0.06,0.37,0.03,0.46,0.47,0.21,0.72,0.18,0.92,0.16,0.13,1.04,0.19,0.17,6.61,0.14,0.46,23.36,0.32,0.78,0.18,0.33,0.78,0.83
2,0.06,0.37,0.03,0.46,0.47,0.21,0.72,0.18,0.92,0.16,0.13,1.04,0.19,0.17,6.61,0.14,0.46,23.36,0.32,0.78,0.18,0.33,0.78,0.83
2,0.06,0.37,0.03,0.46,0.47,0.21,0.72,0.18,0.92,0.16,0.13,1.04,0.19,0.17,6.61,0.14,0.46,23.36,0.32,0.78,0.18,0.33,0.78,0.83
2,0.06,0.37,0.03,0.46,0.47,0.21,0.72,0.18,0.92,0.16,0.13,1.04,0.19,0.17,6.61,0.14,0.46,23.36,0.32,0.78,0.18,0.33,0.78,0.83
2,0.06,0.37,0.03,0.46,0.47,0.21,0.72,0.18,0.92,0.16,0.13,1.04,0.19,0.17,6.61,0.14,0.46,23.36,0.32,0.78,0.18,0.33,0.78,0.83
2,0.06,0.37,0.03,0.46,0.47,0.21,0.72,0.18,0.92,0.16,0.13,1.04,0.19,0.17,6.61,0.14,0.46,23.36,0.32,0.78,0.18,0.33,0.78,0.83
2,0.06,0.37,0.03,0.46,0.47,0.21,0.72,0.18,0.92,0.16,0.13,1.04,0.19,0.17,6.61,0.14,0.46,23.36,0.32,0.78,0.18,0.33,0.78,0.83
2,0.06,0.37,0.03,0.46,0.47,0.21,0.72,0.18,0.92,0.16,0.13,1.04,0.19,0.17,6.61,0.14,0.46,23.36,0.32,0.78,0.18,0.33,0.78,0.83
2,0.06,0.37,0.03,0.46,0.47,0.21,0.72,0.18,0.92,0.16,0.13,1.04,0.19,0.17,6.61,0.14,0.46,23.36,0.32,0.78,0.18,0.33,0.78,0.83
2,0.24,0.64,0.41,0.59,0.37,0.14,0.55,0.43,0.88,0.13,0.66,-0.22,0.22,0.24,14.24,0.24,0.49,8.75,0.28,0.88,0.2,0.27,0.87,0.94
2,0.24,0.64,0.41,0.59,0.37,0.14,0.55,0.43,0.88,0.13,0.66,-0.22,0.22,0.24,14.24,0.24,0.49,8.75,0.28,0.88,0.2,0.27,0.87,0.94
2,0.24,0.64,0.41,0.59,0.37,0.14,0.55,0.43,0.88,0.13,0.66,-0.22,0.22,0.24,14.24,0.24,0.49,8.75,0.28,0.88,0.2,0.27,0.87,0.94
2,0.24,0.64,0.41,0.59,0.37,0.14,0.55,0.43,0.88,0.13,0.66,-0.22,0.22,0.24,14.24,0.24,0.49,8.75,0.28,0.88,0.2,0.27,0.87,0.94
2,0.24,0.64,0.41,0.59,0.37,0.14,0.55,0.43,0.88,0.13,0.66,-0.22,0.22,0.24,14.24,0.24,0.49,8.75,0.28,0.88,0.2,0.27,0.87,0.94
2,0.24,0.64,0.41,0.59,0.37,0.14,0.55,0.43,0.88,0.13,0.66,-0.22,0.22,0.24,14.24,0.24,0.49,8.75,0.28,0.88,0.2,0.27,0.87,0.94
2,0.24,0.64,0.41,0.59,0.37,0.14,0.55,0.43,0.88,0.13,0.66,-0.22,0.22,0.24,14.24,0.24,0.49,8.75,0.28,0.88,0.2,0.27,0.87,0.94
2,0.24,0.64,0.41,0.59,0.37,0.14,0.55,0.43,0.88,0.13,0.66,-0.22,0.22,0.24,14.24,0.24,0.49,8.75,0.28,0.88,0.2,0.27,0.87,0.94
2,0.24,0.64,0.41,0.59,0.37,0.14,0.55,0.43,0.88,0.13,0.66,-0.22,0.22,0.24,14.24,0.24,0.49,8.75,0.28,0.88,0.2,0.27,0.87,0.94
2,0.24,0.64,0.41,0.59,0.37,0.14,0.55,0.43,0.88,0.13,0.66,-0.22,0.22,0.24,14.24,0.24,0.49,8.75,0.28,0.88,0.2,0.27,0.87,0.94
2,0.24,0.64,0.41,0.59,0.37,0.14,0.55,0.43,0.88,0.13,0.66,-0.22,0.22,0.24,14.24,0.24,0.49,8.75,0.28,0.88,0.2,0.27,0.87,0.94
2,0.24,0.64,0.41,0.59,0.37,0.14,0.55,0.43,0.88,0.13,0.66,-0.22,0.22,0.24,14.24,0.24,0.49,8.75,0.28,0.88,0.2,0.27,0.87,0.94
2,0.05,0.43,0.18,0.49,0.44,0.11,0.46,0.4,0.9,0.14,0.14,0.45,0.16,0.16,1.52,0.17,0.44,1.52,0.37,0.56,0.18,0.38,0.57,0.72
2,0.05,0.43,0.18,0.49,0.44,0.11,0.46,0.4,0.9,0.14,0.14,0.45,0.16,0.16,1.52,0.17,0.44,1.52,0.37,0.56,0.18,0.38,0.57,0.72
2,0.05,0.43,0.18,0.49,0.44,0.11,0.46,0.4,0.9,0.14,0.14,0.45,0.16,0.16,1.52,0.17,0.44,1.52,0.37,0.56,0.18,0.38,0.57,0.72
2,0.05,0.43,0.18,0.49,0.44,0.11,0.46,0.4,0.9,0.14,0.14,0.45,0.16,0.16,1.52,0.17,0.44,1.52,0.37,0.56,0.18,0.38,0.57,0.72
2,0.05,0.43,0.18,0.49,0.44,0.11,0.46,0.4,0.9,0.14,0.14,0.45,0.16,0.16,1.52,0.17,0.44,1.52,0.37,0.56,0.18,0.38,0.57,0.72
2,0.05,0.43,0.18,0.49,0.44,0.11,0.46,0.4,0.9,0.14,0.14,0.45,0.16,0.16,1.52,0.17,0.44,1.52,0.37,0.56,0.18,0.38,0.57,0.72
2,0.05,0.43,0.18,0.49,0.44,0.11,0.46,0.4,0.9,0.14,0.14,0.45,0.16,0.16,1.52,0.17,0.44,1.52,0.37,0.56,0.18,0.38,0.57,0.72
2,0.05,0.43,0.18,0.49,0.44,0.11,0.46,0.4,0.9,0.14,0.14,0.45,0.16,0.16,1.52,0.17,0.44,1.52,0.37,0.56,0.18,0.38,0.57,0.72
2,0.05,0.43,0.18,0.49,0.44,0.11,0.46,0.4,0.9,0.14,0.14,0.45,0.16,0.16,1.52,0.17,0.44,1.52,0.37,0.56,0.18,0.38,0.57,0.72
2,0.05,0.43,0.18,0.49,0.44,0.11,0.46,0.4,0.9,0.14,0.14,0.45,0.16,0.16,1.52,0.17,0.44,1.52,0.37,0.56,0.18,0.38,0.57,0.72
2,0.05,0.43,0.18,0.49,0.44,0.11,0.46,0.4,0.9,0.14,0.14,0.45,0.16,0.16,1.52,0.17,0.44,1.52,0.37,0.56,0.18,0.38,0.57,0.72
2,0.05,0.43,0.18,0.49,0.44,0.11,0.46,0.4,0.9,0.14,0.14,0.45,0.16,0.16,1.52,0.17,0.44,1.52,0.37,0.56,0.18,0.38,0.57,0.72
2,0.14,0.5,0.29,0.74,0.52,0.17,0.66,0.23,0.93,0.1,0.98,-0.84,0.15,0.13,12.78,0.11,0.41,3.8,0.35,0.69,0.14,0.35,0.7,0.77
2,0.14,0.5,0.29,0.74,0.52,0.17,0.66,0.23,0.93,0.1,0.98,-0.84,0.15,0.13,12.78,0.11,0.41,3.8,0.35,0.69,0.14,0.35,0.7,0.77
2,0.14,0.5,0.29,0.74,0.52,0.17,0.66,0.23,0.93,0.1,0.98,-0.84,0.15,0.13,12.78,0.11,0.41,3.8,0.35,0.69,0.14,0.35,0.7,0.77
2,0.14,0.5,0.29,0.74,0.52,0.17,0.66,0.23,0.93,0.1,0.98,-0.84,0.15,0.13,12.78,0.11,0.41,3.8,0.35,0.69,0.14,0.35,0.7,0.77
2,0.14,0.5,0.29,0.74,0.52,0.17,0.66,0.23,0.93,0.1,0.98,-0.84,0.15,0.13,12.78,0.11,0.41,3.8,0.35,0.69,0.14,0.35,0.7,0.77
2,0.14,0.5,0.29,0.74,0.52,0.17,0.66,0.23,0.93,0.1,0.98,-0.84,0.15,0.13,12.78,0.11,0.41,3.8,0.35,0.69,0.14,0.35,0.7,0.77
2,0.14,0.5,0.29,0.74,0.52,0.17,0.66,0.23,0.93,0.1,0.98,-0.84,0.15,0.13,12.78,0.11,0.41,3.8,0.35,0.69,0.14,0.35,0.7,0.77
2,0.14,0.5,0.29,0.74,0.52,0.17,0.66,0.23,0.93,0.1,0.98,-0.84,0.15,0.13,12.78,0.11,0.41,3.8,0.35,0.69,0.14,0.35,0.7,0.77
2,0.14,0.5,0.29,0.74,0.52,0.17,0.66,0.23,0.93,0.1,0.98,-0.84,0.15,0.13,12.78,0.11,0.41,3.8,0.35,0.69,0.14,0.35,0.7,0.77
2,0.14,0.5,0.29,0.74,0.52,0.17,0.66,0.23,0.93,0.1,0.98,-0.84,0.15,0.13,12.78,0.11,0.41,3.8,0.35,0.69,0.14,0.35,0.7,0.77
2,0.14,0.5,0.29,0.74,0.52,0.17,0.66,0.23,0.93,0.1,0.98,-0.84,0.15,0.13,12.78,0.11,0.41,3.8,0.35,0.69,0.14,0.35,0.7,0.77
2,0.14,0.5,0.29,0.74,0.52,0.17,0.66,0.23,0.93,0.1,0.98,-0.84,0.15,0.13,12.78,0.11,0.41,3.8,0.35,0.69,0.14,0.35,0.7,0.77
2,0.34,0.29,0.46,0.46,0.73,0.15,0.57,0.31,0.92,0.16,-1.91,-0.51,0.19,0.2,16.72,0.12,0.58,7.34,0.37,0.47,0.16,0.37,0.47,0.66
2,0.34,0.29,0.46,0.46,0.73,0.15,0.57,0.31,0.92,0.16,-1.91,-0.51,0.19,0.2,16.72,0.12,0.58,7.34,0.37,0.47,0.16,0.37,0.47,0.66
2,0.34,0.29,0.46,0.46,0.73,0.15,0.57,0.31,0.92,0.16,-1.91,-0.51,0.19,0.2,16.72,0.12,0.58,7.34,0.37,0.47,0.16,0.37,0.47,0.66
2,0.34,0.29,0.46,0.46,0.73,0.15,0.57,0.31,0.92,0.16,-1.91,-0.51,0.19,0.2,16.72,0.12,0.58,7.34,0.37,0.47,0.16,0.37,0.47,0.66
2,0.34,0.29,0.46,0.46,0.73,0.15,0.57,0.31,0.92,0.16,-1.91,-0.51,0.19,0.2,16.72,0.12,0.58,7.34,0.37,0.47,0.16,0.37,0.47,0.66
2,0.34,0.29,0.46,0.46,0.73,0.15,0.57,0.31,0.92,0.16,-1.91,-0.51,0.19,0.2,16.72,0.12,0.58,7.34,0.37,0.47,0.16,0.37,0.47,0.66
2,0.34,0.29,0.46,0.46,0.73,0.15,0.57,0.31,0.92,0.16,-1.91,-0.51,0.19,0.2,16.72,0.12,0.58,7.34,0.37,0.47,0.16,0.37,0.47,0.66
2,0.34,0.29,0.46,0.46,0.73,0.15,0.57,0.31,0.92,0.16,-1.91,-0.51,0.19,0.2,16.72,0.12,0.58,7.34,0.37,0.47,0.16,0.37,0.47,0.66
2,0.34,0.29,0.46,0.46,0.73,0.15,0.57,0.31,0.92,0.16,-1.91,-0.51,0.19,0.2,16.72,0.12,0.58,7.34,0.37,0.47,0.16,0.37,0.47,0.66
2,0.34,0.29,0.46,0.46,0.73,0.15,0.57,0.31,0.92,0.16,-1.91,-0.51,0.19,0.2,16.72,0.12,0.58,7.34,0.37,0.47,0.16,0.37,0.47,0.66
2,0.34,0.29,0.46,0.46,0.73,0.15,0.57,0.31,0.92,0.16,-1.91,-0.51,0.19,0.2,16.72,0.12,0.58,7.34,0.37,0.47,0.16,0.37,0.47,0.66
2,0.34,0.29,0.46,0.46,0.73,0.15,0.57,0.31,0.92,0.16,-1.91,-0.51,0.19,0.2,16.72,0.12,0.58,7.34,0.37,0.47,0.16,0.37,0.47,0.66
2,0.07,0.65,0.05,0.74,0.49,0.12,0.38,0.22,0.9,0.13,0.29,-1.99,0.2,0.2,16.79,0.13,0.64,47.16,0.28,0.54,0.15,0.24,0.37,0.78
2,0.07,0.65,0.05,0.74,0.49,0.12,0.38,0.22,0.9,0.13,0.29,-1.99,0.2,0.2,16.79,0.13,0.64,47.16,0.28,0.54,0.15,0.24,0.37,0.78
2,0.07,0.65,0.05,0.74,0.49,0.12,0.38,0.22,0.9,0.13,0.29,-1.99,0.2,0.2,16.79,0.13,0.64,47.16,0.28,0.54,0.15,0.24,0.37,0.78
2,0.07,0.65,0.05,0.74,0.49,0.12,0.38,0.22,0.9,0.13,0.29,-1.99,0.2,0.2,16.79,0.13,0.64,47.16,0.28,0.54,0.15,0.24,0.37,0.78
2,0.07,0.65,0.05,0.74,0.49,0.12,0.38,0.22,0.9,0.13,0.29,-1.99,0.2,0.2,16.79,0.13,0.64,47.16,0.28,0.54,0.15,0.24,0.37,0.78
2,0.07,0.65,0.05,0.74,0.49,0.12,0.38,0.22,0.9,0.13,0.29,-1.99,0.2,0.2,16.79,0.13,0.64,47.16,0.28,0.54,0.15,0.24,0.37,0.78
2,0.07,0.65,0.05,0.74,0.49,0.12,0.38,0.22,0.9,0.13,0.29,-1.99,0.2,0.2,16.79,0.13,0.64,47.16,0.28,0.54,0.15,0.24,0.37,0.78
2,0.07,0.65,0.05,0.74,0.49,0.12,0.38,0.22,0.9,0.13,0.29,-1.99,0.2,0.2,16.79,0.13,0.64,47.16,0.28,0.54,0.15,0.24,0.37,0.78
2,0.07,0.65,0.05,0.74,0.49,0.12,0.38,0.22,0.9,0.13,0.29,-1.99,0.2,0.2,16.79,0.13,0.64,47.16,0.28,0.54,0.15,0.24,0.37,0.78
2,0.07,0.65,0.05,0.74,0.49,0.12,0.38,0.22,0.9,0.13,0.29,-1.99,0.2,0.2,16.79,0.13,0.64,47.16,0.28,0.54,0.15,0.24,0.37,0.78
2,0.07,0.65,0.05,0.74,0.49,0.12,0.38,0.22,0.9,0.13,0.29,-1.99,0.2,0.2,16.79,0.13,0.64,47.16,0.28,0.54,0.15,0.24,0.37,0.78
2,0.07,0.65,0.05,0.74,0.49,0.12,0.38,0.22,0.9,0.13,0.29,-1.99,0.2,0.2,16.79,0.13,0.64,47.16,0.28,0.54,0.15,0.24,0.37,0.78
2,0.04,0.38,0.13,0.27,0.46,0.18,0.69,0.17,0.91,0.22,0.16,1.71,0.15,0.16,0.24,0.19,0.3,11.7,0.29,0.81,0.13,0.33,0.83,0.88
2,0.04,0.38,0.13,0.27,0.46,0.18,0.69,0.17,0.91,0.22,0.16,1.71,0.15,0.16,0.24,0.19,0.3,11.7,0.29,0.81,0.13,0.33,0.83,0.88
2,0.04,0.38,0.13,0.27,0.46,0.18,0.69,0.17,0.91,0.22,0.16,1.71,0.15,0.16,0.24,0.19,0.3,11.7,0.29,0.81,0.13,0.33,0.83,0.88
2,0.04,0.38,0.13,0.27,0.46,0.18,0.69,0.17,0.91,0.22,0.16,1.71,0.15,0.16,0.24,0.19,0.3,11.7,0.29,0.81,0.13,0.33,0.83,0.88
2,0.04,0.38,0.13,0.27,0.46,0.18,0.69,0.17,0.91,0.22,0.16,1.71,0.15,0.16,0.24,0.19,0.3,11.7,0.29,0.81,0.13,0.33,0.83,0.88
2,0.04,0.38,0.13,0.27,0.46,0.18,0.69,0.17,0.91,0.22,0.16,1.71,0.15,0.16,0.24,0.19,0.3,11.7,0.29,0.81,0.13,0.33,0.83,0.88
2,0.04,0.38,0.13,0.27,0.46,0.18,0.69,0.17,0.91,0.22,0.16,1.71,0.15,0.16,0.24,0.19,0.3,11.7,0.29,0.81,0.13,0.33,0.83,0.88
2,0.04,0.38,0.13,0.27,0.46,0.18,0.69,0.17,0.91,0.22,0.16,1.71,0.15,0.16,0.24,0.19,0.3,11.7,0.29,0.81,0.13,0.33,0.83,0.88
2,0.04,0.38,0.13,0.27,0.46,0.18,0.69,0.17,0.91,0.22,0.16,1.71,0.15,0.16,0.24,0.19,0.3,11.7,0.29,0.81,0.13,0.33,0.83,0.88
2,0.04,0.38,0.13,0.27,0.46,0.18,0.69,0.17,0.91,0.22,0.16,1.71,0.15,0.16,0.24,0.19,0.3,11.7,0.29,0.81,0.13,0.33,0.83,0.88
2,0.04,0.38,0.13,0.27,0.46,0.18,0.69,0.17,0.91,0.22,0.16,1.71,0.15,0.16,0.24,0.19,0.3,11.7,0.29,0.81,0.13,0.33,0.83,0.88
2,0.04,0.38,0.13,0.27,0.46,0.18,0.69,0.17,0.91,0.22,0.16,1.71,0.15,0.16,0.24,0.19,0.3,11.7,0.29,0.81,0.13,0.33,0.83,0.88
2,0.28,0.33,0.43,0.53,0.64,0.12,0.74,0.16,0.96,0.1,-0.85,-0.26,0.13,0.12,5.63,0.09,0.48,0.5,0.35,0.77,0.11,0.35,0.77,0.83
2,0.28,0.33,0.43,0.53,0.64,0.12,0.74,0.16,0.96,0.1,-0.85,-0.26,0.13,0.12,5.63,0.09,0.48,0.5,0.35,0.77,0.11,0.35,0.77,0.83
2,0.28,0.33,0.43,0.53,0.64,0.12,0.74,0.16,0.96,0.1,-0.85,-0.26,0.13,0.12,5.63,0.09,0.48,0.5,0.35,0.77,0.11,0.35,0.77,0.83
2,0.28,0.33,0.43,0.53,0.64,0.12,0.74,0.16,0.96,0.1,-0.85,-0.26,0.13,0.12,5.63,0.09,0.48,0.5,0.35,0.77,0.11,0.35,0.77,0.83
2,0.28,0.33,0.43,0.53,0.64,0.12,0.74,0.16,0.96,0.1,-0.85,-0.26,0.13,0.12,5.63,0.09,0.48,0.5,0.35,0.77,0.11,0.35,0.77,0.83
2,0.28,0.33,0.43,0.53,0.64,0.12,0.74,0.16,0.96,0.1,-0.85,-0.26,0.13,0.12,5.63,0.09,0.48,0.5,0.35,0.77,0.11,0.35,0.77,0.83
2,0.28,0.33,0.43,0.53,0.64,0.12,0.74,0.16,0.96,0.1,-0.85,-0.26,0.13,0.12,5.63,0.09,0.48,0.5,0.35,0.77,0.11,0.35,0.77,0.83
2,0.28,0.33,0.43,0.53,0.64,0.12,0.74,0.16,0.96,0.1,-0.85,-0.26,0.13,0.12,5.63,0.09,0.48,0.5,0.35,0.77,0.11,0.35,0.77,0.83
2,0.28,0.33,0.43,0.53,0.64,0.12,0.74,0.16,0.96,0.1,-0.85,-0.26,0.13,0.12,5.63,0.09,0.48,0.5,0.35,0.77,0.11,0.35,0.77,0.83
2,0.28,0.33,0.43,0.53,0.64,0.12,0.74,0.16,0.96,0.1,-0.85,-0.26,0.13,0.12,5.63,0.09,0.48,0.5,0.35,0.77,0.11,0.35,0.77,0.83
2,0.28,0.33,0.43,0.53,0.64,0.12,0.74,0.16,0.96,0.1,-0.85,-0.26,0.13,0.12,5.63,0.09,0.48,0.5,0.35,0.77,0.11,0.35,0.77,0.83
2,0.28,0.33,0.43,0.53,0.64,0.12,0.74,0.16,0.96,0.1,-0.85,-0.26,0.13,0.12,5.63,0.09,0.48,0.5,0.35,0.77,0.11,0.35,0.77,0.83
2,0.48,0.26,0.49,0.42,0.72,0.1,0.4,0.12,0.97,0.1,-0.92,-0.31,0.12,0.12,2.84,0.09,0.41,0.44,0.33,0.41,0.1,0.33,0.4,0.49
2,0.48,0.26,0.49,0.42,0.72,0.1,0.4,0.12,0.97,0.1,-0.92,-0.31,0.12,0.12,2.84,0.09,0.41,0.44,0.33,0.41,0.1,0.33,0.4,0.49
2,0.48,0.26,0.49,0.42,0.72,0.1,0.4,0.12,0.97,0.1,-0.92,-0.31,0.12,0.12,2.84,0.09,0.41,0.44,0.33,0.41,0.1,0.33,0.4,0.49
2,0.48,0.26,0.49,0.42,0.72,0.1,0.4,0.12,0.97,0.1,-0.92,-0.31,0.12,0.12,2.84,0.09,0.41,0.44,0.33,0.41,0.1,0.33,0.4,0.49
2,0.48,0.26,0.49,0.42,0.72,0.1,0.4,0.12,0.97,0.1,-0.92,-0.31,0.12,0.12,2.84,0.09,0.41,0.44,0.33,0.41,0.1,0.33,0.4,0.49
2,0.48,0.26,0.49,0.42,0.72,0.1,0.4,0.12,0.97,0.1,-0.92,-0.31,0.12,0.12,2.84,0.09,0.41,0.44,0.33,0.41,0.1,0.33,0.4,0.49
2,0.48,0.26,0.49,0.42,0.72,0.1,0.4,0.12,0.97,0.1,-0.92,-0.31,0.12,0.12,2.84,0.09,0.41,0.44,0.33,0.41,0.1,0.33,0.4,0.49
2,0.48,0.26,0.49,0.42,0.72,0.1,0.4,0.12,0.97,0.1,-0.92,-0.31,0.12,0.12,2.84,0.09,0.41,0.44,0.33,0.41,0.1,0.33,0.4,0.49
2,0.48,0.26,0.49,0.42,0.72,0.1,0.4,0.12,0.97,0.1,-0.92,-0.31,0.12,0.12,2.84,0.09,0.41,0.44,0.33,0.41,0.1,0.33,0.4,0.49
2,0.48,0.26,0.49,0.42,0.72,0.1,0.4,0.12,0.97,0.1,-0.92,-0.31,0.12,0.12,2.84,0.09,0.41,0.44,0.33,0.41,0.1,0.33,0.4,0.49
2,0.48,0.26,0.49,0.42,0.72,0.1,0.4,0.12,0.97,0.1,-0.92,-0.31,0.12,0.12,2.84,0.09,0.41,0.44,0.33,0.41,0.1,0.33,0.4,0.49
2,0.48,0.26,0.49,0.42,0.72,0.1,0.4,0.12,0.97,0.1,-0.92,-0.31,0.12,0.12,2.84,0.09,0.41,0.44,0.33,0.41,0.1,0.33,0.4,0.49
2,0.27,0.33,0.43,0.51,0.58,0.11,0.74,0.14,0.97,0.1,-0.82,-0.37,0.13,0.11,5.83,0.08,0.46,0.5,0.35,0.78,0.1,0.34,0.77,0.84
2,0.27,0.33,0.43,0.51,0.58,0.11,0.74,0.14,0.97,0.1,-0.82,-0.37,0.13,0.11,5.83,0.08,0.46,0.5,0.35,0.78,0.1,0.34,0.77,0.84
2,0.27,0.33,0.43,0.51,0.58,0.11,0.74,0.14,0.97,0.1,-0.82,-0.37,0.13,0.11,5.83,0.08,0.46,0.5,0.35,0.78,0.1,0.34,0.77,0.84
2,0.27,0.33,0.43,0.51,0.58,0.11,0.74,0.14,0.97,0.1,-0.82,-0.37,0.13,0.11,5.83,0.08,0.46,0.5,0.35,0.78,0.1,0.34,0.77,0.84
2,0.27,0.33,0.43,0.51,0.58,0.11,0.74,0.14,0.97,0.1,-0.82,-0.37,0.13,0.11,5.83,0.08,0.46,0.5,0.35,0.78,0.1,0.34,0.77,0.84
2,0.27,0.33,0.43,0.51,0.58,0.11,0.74,0.14,0.97,0.1,-0.82,-0.37,0.13,0.11,5.83,0.08,0.46,0.5,0.35,0.78,0.1,0.34,0.77,0.84
2,0.27,0.33,0.43,0.51,0.58,0.11,0.74,0.14,0.97,0.1,-0.82,-0.37,0.13,0.11,5.83,0.08,0.46,0.5,0.35,0.78,0.1,0.34,0.77,0.84
2,0.27,0.33,0.43,0.51,0.58,0.11,0.74,0.14,0.97,0.1,-0.82,-0.37,0.13,0.11,5.83,0.08,0.46,0.5,0.35,0.78,0.1,0.34,0.77,0.84
2,0.27,0.33,0.43,0.51,0.58,0.11,0.74,0.14,0.97,0.1,-0.82,-0.37,0.13,0.11,5.83,0.08,0.46,0.5,0.35,0.78,0.1,0.34,0.77,0.84
2,0.27,0.33,0.43,0.51,0.58,0.11,0.74,0.14,0.97,0.1,-0.82,-0.37,0.13,0.11,5.83,0.08,0.46,0.5,0.35,0.78,0.1,0.34,0.77,0.84
2,0.27,0.33,0.43,0.51,0.58,0.11,0.74,0.14,0.97,0.1,-0.82,-0.37,0.13,0.11,5.83,0.08,0.46,0.5,0.35,0.78,0.1,0.34,0.77,0.84
2,0.27,0.33,0.43,0.51,0.58,0.11,0.74,0.14,0.97,0.1,-0.82,-0.37,0.13,0.11,5.83,0.08,0.46,0.5,0.35,0.78,0.1,0.34,0.77,0.84
2,0.05,0.4,0.11,0.66,0.6,0.23,0.47,0.41,0.87,0.14,-0.75,-0.98,0.2,0.2,15.57,0.16,0.68,3.76,0.32,0.48,0.18,0.31,0.45,0.65
2,0.05,0.4,0.11,0.66,0.6,0.23,0.47,0.41,0.87,0.14,-0.75,-0.98,0.2,0.2,15.57,0.16,0.68,3.76,0.32,0.48,0.18,0.31,0.45,0.65
2,0.05,0.4,0.11,0.66,0.6,0.23,0.47,0.41,0.87,0.14,-0.75,-0.98,0.2,0.2,15.57,0.16,0.68,3.76,0.32,0.48,0.18,0.31,0.45,0.65
2,0.05,0.4,0.11,0.66,0.6,0.23,0.47,0.41,0.87,0.14,-0.75,-0.98,0.2,0.2,15.57,0.16,0.68,3.76,0.32,0.48,0.18,0.31,0.45,0.65
2,0.05,0.4,0.11,0.66,0.6,0.23,0.47,0.41,0.87,0.14,-0.75,-0.98,0.2,0.2,15.57,0.16,0.68,3.76,0.32,0.48,0.18,0.31,0.45,0.65
2,0.05,0.4,0.11,0.66,0.6,0.23,0.47,0.41,0.87,0.14,-0.75,-0.98,0.2,0.2,15.57,0.16,0.68,3.76,0.32,0.48,0.18,0.31,0.45,0.65
2,0.05,0.4,0.11,0.66,0.6,0.23,0.47,0.41,0.87,0.14,-0.75,-0.98,0.2,0.2,15.57,0.16,0.68,3.76,0.32,0.48,0.18,0.31,0.45,0.65
2,0.05,0.4,0.11,0.66,0.6,0.23,0.47,0.41,0.87,0.14,-0.75,-0.98,0.2,0.2,15.57,0.16,0.68,3.76,0.32,0.48,0.18,0.31,0.45,0.65
2,0.05,0.4,0.11,0.66,0.6,0.23,0.47,0.41,0.87,0.14,-0.75,-0.98,0.2,0.2,15.57,0.16,0.68,3.76,0.32,0.48,0.18,0.31,0.45,0.65
2,0.05,0.4,0.11,0.66,0.6,0.23,0.47,0.41,0.87,0.14,-0.75,-0.98,0.2,0.2,15.57,0.16,0.68,3.76,0.32,0.48,0.18,0.31,0.45,0.65
2,0.05,0.4,0.11,0.66,0.6,0.23,0.47,0.41,0.87,0.14,-0.75,-0.98,0.2,0.2,15.57,0.16,0.68,3.76,0.32,0.48,0.18,0.31,0.45,0.65
2,0.05,0.4,0.11,0.66,0.6,0.23,0.47,0.41,0.87,0.14,-0.75,-0.98,0.2,0.2,15.57,0.16,0.68,3.76,0.32,0.48,0.18,0.31,0.45,0.65
2,0.03,0.41,0.06,0.3,0.42,0.16,0.71,0.14,0.94,0.16,0.31,0.82,0.18,0.19,0.19,0.2,0.41,8.27,0.35,0.74,0.12,0.34,0.73,0.83
2,0.03,0.41,0.06,0.3,0.42,0.16,0.71,0.14,0.94,0.16,0.31,0.82,0.18,0.19,0.19,0.2,0.41,8.27,0.35,0.74,0.12,0.34,0.73,0.83
2,0.03,0.41,0.06,0.3,0.42,0.16,0.71,0.14,0.94,0.16,0.31,0.82,0.18,0.19,0.19,0.2,0.41,8.27,0.35,0.74,0.12,0.34,0.73,0.83
2,0.03,0.41,0.06,0.3,0.42,0.16,0.71,0.14,0.94,0.16,0.31,0.82,0.18,0.19,0.19,0.2,0.41,8.27,0.35,0.74,0.12,0.34,0.73,0.83
2,0.03,0.41,0.06,0.3,0.42,0.16,0.71,0.14,0.94,0.16,0.31,0.82,0.18,0.19,0.19,0.2,0.41,8.27,0.35,0.74,0.12,0.34,0.73,0.83
2,0.03,0.41,0.06,0.3,0.42,0.16,0.71,0.14,0.94,0.16,0.31,0.82,0.18,0.19,0.19,0.2,0.41,8.27,0.35,0.74,0.12,0.34,0.73,0.83
2,0.03,0.41,0.06,0.3,0.42,0.16,0.71,0.14,0.94,0.16,0.31,0.82,0.18,0.19,0.19,0.2,0.41,8.27,0.35,0.74,0.12,0.34,0.73,0.83
2,0.03,0.41,0.06,0.3,0.42,0.16,0.71,0.14,0.94,0.16,0.31,0.82,0.18,0.19,0.19,0.2,0.41,8.27,0.35,0.74,0.12,0.34,0.73,0.83
2,0.03,0.41,0.06,0.3,0.42,0.16,0.71,0.14,0.94,0.16,0.31,0.82,0.18,0.19,0.19,0.2,0.41,8.27,0.35,0.74,0.12,0.34,0.73,0.83
2,0.03,0.41,0.06,0.3,0.42,0.16,0.71,0.14,0.94,0.16,0.31,0.82,0.18,0.19,0.19,0.2,0.41,8.27,0.35,0.74,0.12,0.34,0.73,0.83
2,0.03,0.41,0.06,0.3,0.42,0.16,0.71,0.14,0.94,0.16,0.31,0.82,0.18,0.19,0.19,0.2,0.41,8.27,0.35,0.74,0.12,0.34,0.73,0.83
2,0.03,0.41,0.06,0.3,0.42,0.16,0.71,0.14,0.94,0.16,0.31,0.82,0.18,0.19,0.19,0.2,0.41,8.27,0.35,0.74,0.12,0.34,0.73,0.83
2,0.05,0.36,0.13,0.43,0.51,0.09,0.46,0.18,0.95,0.08,-0.27,1.49,0.26,0.21,9.02,0.15,0.45,7.96,0.32,0.55,0.14,0.32,0.52,0.73
2,0.05,0.36,0.13,0.43,0.51,0.09,0.46,0.18,0.95,0.08,-0.27,1.49,0.26,0.21,9.02,0.15,0.45,7.96,0.32,0.55,0.14,0.32,0.52,0.73
2,0.05,0.36,0.13,0.43,0.51,0.09,0.46,0.18,0.95,0.08,-0.27,1.49,0.26,0.21,9.02,0.15,0.45,7.96,0.32,0.55,0.14,0.32,0.52,0.73
2,0.05,0.36,0.13,0.43,0.51,0.09,0.46,0.18,0.95,0.08,-0.27,1.49,0.26,0.21,9.02,0.15,0.45,7.96,0.32,0.55,0.14,0.32,0.52,0.73
2,0.05,0.36,0.13,0.43,0.51,0.09,0.46,0.18,0.95,0.08,-0.27,1.49,0.26,0.21,9.02,0.15,0.45,7.96,0.32,0.55,0.14,0.32,0.52,0.73
2,0.05,0.36,0.13,0.43,0.51,0.09,0.46,0.18,0.95,0.08,-0.27,1.49,0.26,0.21,9.02,0.15,0.45,7.96,0.32,0.55,0.14,0.32,0.52,0.73
2,0.05,0.36,0.13,0.43,0.51,0.09,0.46,0.18,0.95,0.08,-0.27,1.49,0.26,0.21,9.02,0.15,0.45,7.96,0.32,0.55,0.14,0.32,0.52,0.73
2,0.05,0.36,0.13,0.43,0.51,0.09,0.46,0.18,0.95,0.08,-0.27,1.49,0.26,0.21,9.02,0.15,0.45,7.96,0.32,0.55,0.14,0.32,0.52,0.73
2,0.05,0.36,0.13,0.43,0.51,0.09,0.46,0.18,0.95,0.08,-0.27,1.49,0.26,0.21,9.02,0.15,0.45,7.96,0.32,0.55,0.14,0.32,0.52,0.73
2,0.05,0.36,0.13,0.43,0.51,0.09,0.46,0.18,0.95,0.08,-0.27,1.49,0.26,0.21,9.02,0.15,0.45,7.96,0.32,0.55,0.14,0.32,0.52,0.73
2,0.05,0.36,0.13,0.43,0.51,0.09,0.46,0.18,0.95,0.08,-0.27,1.49,0.26,0.21,9.02,0.15,0.45,7.96,0.32,0.55,0.14,0.32,0.52,0.73
2,0.05,0.36,0.13,0.43,0.51,0.09,0.46,0.18,0.95,0.08,-0.27,1.49,0.26,0.21,9.02,0.15,0.45,7.96,0.32,0.55,0.14,0.32,0.52,0.73
2,0.08,0.38,0.12,0.45,0.5,0.13,0.57,0.48,0.86,0.12,0.21,0.53,0.19,0.18,7.63,0.13,0.31,3.98,0.32,0.69,0.15,0.3,0.66,0.75
2,0.08,0.38,0.12,0.45,0.5,0.13,0.57,0.48,0.86,0.12,0.21,0.53,0.19,0.18,7.63,0.13,0.31,3.98,0.32,0.69,0.15,0.3,0.66,0.75
2,0.08,0.38,0.12,0.45,0.5,0.13,0.57,0.48,0.86,0.12,0.21,0.53,0.19,0.18,7.63,0.13,0.31,3.98,0.32,0.69,0.15,0.3,0.66,0.75
2,0.08,0.38,0.12,0.45,0.5,0.13,0.57,0.48,0.86,0.12,0.21,0.53,0.19,0.18,7.63,0.13,0.31,3.98,0.32,0.69,0.15,0.3,0.66,0.75
2,0.08,0.38,0.12,0.45,0.5,0.13,0.57,0.48,0.86,0.12,0.21,0.53,0.19,0.18,7.63,0.13,0.31,3.98,0.32,0.69,0.15,0.3,0.66,0.75
2,0.08,0.38,0.12,0.45,0.5,0.13,0.57,0.48,0.86,0.12,0.21,0.53,0.19,0.18,7.63,0.13,0.31,3.98,0.32,0.69,0.15,0.3,0.66,0.75
2,0.08,0.38,0.12,0.45,0.5,0.13,0.57,0.48,0.86,0.12,0.21,0.53,0.19,0.18,7.63,0.13,0.31,3.98,0.32,0.69,0.15,0.3,0.66,0.75
2,0.08,0.38,0.12,0.45,0.5,0.13,0.57,0.48,0.86,0.12,0.21,0.53,0.19,0.18,7.63,0.13,0.31,3.98,0.32,0.69,0.15,0.3,0.66,0.75
2,0.08,0.38,0.12,0.45,0.5,0.13,0.57,0.48,0.86,0.12,0.21,0.53,0.19,0.18,7.63,0.13,0.31,3.98,0.32,0.69,0.15,0.3,0.66,0.75
2,0.08,0.38,0.12,0.45,0.5,0.13,0.57,0.48,0.86,0.12,0.21,0.53,0.19,0.18,7.63,0.13,0.31,3.98,0.32,0.69,0.15,0.3,0.66,0.75
2,0.08,0.38,0.12,0.45,0.5,0.13,0.57,0.48,0.86,0.12,0.21,0.53,0.19,0.18,7.63,0.13,0.31,3.98,0.32,0.69,0.15,0.3,0.66,0.75
2,0.08,0.38,0.12,0.45,0.5,0.13,0.57,0.48,0.86,0.12,0.21,0.53,0.19,0.18,7.63,0.13,0.31,3.98,0.32,0.69,0.15,0.3,0.66,0.75
2,0.04,0.38,0.13,0.27,0.46,0.18,0.69,0.17,0.91,0.22,0.16,1.71,0.15,0.16,0.24,0.19,0.3,11.7,0.29,0.81,0.13,0.33,0.83,0.88
2,0.04,0.38,0.13,0.27,0.46,0.18,0.69,0.17,0.91,0.22,0.16,1.71,0.15,0.16,0.24,0.19,0.3,11.7,0.29,0.81,0.13,0.33,0.83,0.88
2,0.04,0.38,0.13,0.27,0.46,0.18,0.69,0.17,0.91,0.22,0.16,1.71,0.15,0.16,0.24,0.19,0.3,11.7,0.29,0.81,0.13,0.33,0.83,0.88
2,0.04,0.38,0.13,0.27,0.46,0.18,0.69,0.17,0.91,0.22,0.16,1.71,0.15,0.16,0.24,0.19,0.3,11.7,0.29,0.81,0.13,0.33,0.83,0.88
2,0.04,0.38,0.13,0.27,0.46,0.18,0.69,0.17,0.91,0.22,0.16,1.71,0.15,0.16,0.24,0.19,0.3,11.7,0.29,0.81,0.13,0.33,0.83,0.88
2,0.04,0.38,0.13,0.27,0.46,0.18,0.69,0.17,0.91,0.22,0.16,1.71,0.15,0.16,0.24,0.19,0.3,11.7,0.29,0.81,0.13,0.33,0.83,0.88
2,0.04,0.38,0.13,0.27,0.46,0.18,0.69,0.17,0.91,0.22,0.16,1.71,0.15,0.16,0.24,0.19,0.3,11.7,0.29,0.81,0.13,0.33,0.83,0.88
2,0.04,0.38,0.13,0.27,0.46,0.18,0.69,0.17,0.91,0.22,0.16,1.71,0.15,0.16,0.24,0.19,0.3,11.7,0.29,0.81,0.13,0.33,0.83,0.88
2,0.04,0.38,0.13,0.27,0.46,0.18,0.69,0.17,0.91,0.22,0.16,1.71,0.15,0.16,0.24,0.19,0.3,11.7,0.29,0.81,0.13,0.33,0.83,0.88
2,0.04,0.38,0.13,0.27,0.46,0.18,0.69,0.17,0.91,0.22,0.16,1.71,0.15,0.16,0.24,0.19,0.3,11.7,0.29,0.81,0.13,0.33,0.83,0.88
2,0.04,0.38,0.13,0.27,0.46,0.18,0.69,0.17,0.91,0.22,0.16,1.71,0.15,0.16,0.24,0.19,0.3,11.7,0.29,0.81,0.13,0.33,0.83,0.88
2,0.04,0.38,0.13,0.27,0.46,0.18,0.69,0.17,0.91,0.22,0.16,1.71,0.15,0.16,0.24,0.19,0.3,11.7,0.29,0.81,0.13,0.33,0.83,0.88
2,0.09,0.61,0.14,0.6,0.46,0.12,0.65,0.13,0.97,0.22,-0.44,-0.83,0.27,0.29,9.64,0.19,0.38,21.8,0.34,0.64,0.22,0.32,0.6,0.75
2,0.09,0.61,0.14,0.6,0.46,0.12,0.65,0.13,0.97,0.22,-0.44,-0.83,0.27,0.29,9.64,0.19,0.38,21.8,0.34,0.64,0.22,0.32,0.6,0.75
2,0.09,0.61,0.14,0.6,0.46,0.12,0.65,0.13,0.97,0.22,-0.44,-0.83,0.27,0.29,9.64,0.19,0.38,21.8,0.34,0.64,0.22,0.32,0.6,0.75
2,0.09,0.61,0.14,0.6,0.46,0.12,0.65,0.13,0.97,0.22,-0.44,-0.83,0.27,0.29,9.64,0.19,0.38,21.8,0.34,0.64,0.22,0.32,0.6,0.75
2,0.09,0.61,0.14,0.6,0.46,0.12,0.65,0.13,0.97,0.22,-0.44,-0.83,0.27,0.29,9.64,0.19,0.38,21.8,0.34,0.64,0.22,0.32,0.6,0.75
2,0.09,0.61,0.14,0.6,0.46,0.12,0.65,0.13,0.97,0.22,-0.44,-0.83,0.27,0.29,9.64,0.19,0.38,21.8,0.34,0.64,0.22,0.32,0.6,0.75
2,0.09,0.61,0.14,0.6,0.46,0.12,0.65,0.13,0.97,0.22,-0.44,-0.83,0.27,0.29,9.64,0.19,0.38,21.8,0.34,0.64,0.22,0.32,0.6,0.75
2,0.09,0.61,0.14,0.6,0.46,0.12,0.65,0.13,0.97,0.22,-0.44,-0.83,0.27,0.29,9.64,0.19,0.38,21.8,0.34,0.64,0.22,0.32,0.6,0.75
2,0.09,0.61,0.14,0.6,0.46,0.12,0.65,0.13,0.97,0.22,-0.44,-0.83,0.27,0.29,9.64,0.19,0.38,21.8,0.34,0.64,0.22,0.32,0.6,0.75
2,0.09,0.61,0.14,0.6,0.46,0.12,0.65,0.13,0.97,0.22,-0.44,-0.83,0.27,0.29,9.64,0.19,0.38,21.8,0.34,0.64,0.22,0.32,0.6,0.75
2,0.09,0.61,0.14,0.6,0.46,0.12,0.65,0.13,0.97,0.22,-0.44,-0.83,0.27,0.29,9.64,0.19,0.38,21.8,0.34,0.64,0.22,0.32,0.6,0.75
2,0.09,0.61,0.14,0.6,0.46,0.12,0.65,0.13,0.97,0.22,-0.44,-0.83,0.27,0.29,9.64,0.19,0.38,21.8,0.34,0.64,0.22,0.32,0.6,0.75
2,0.09,0.54,0.1,0.64,0.54,0.18,0.83,0.11,0.95,0.18,-0.43,-1.6,0.21,0.2,27.38,0.16,0.54,28.89,0.28,0.89,0.19,0.24,0.87,0.93
2,0.09,0.54,0.1,0.64,0.54,0.18,0.83,0.11,0.95,0.18,-0.43,-1.6,0.21,0.2,27.38,0.16,0.54,28.89,0.28,0.89,0.19,0.24,0.87,0.93
2,0.09,0.54,0.1,0.64,0.54,0.18,0.83,0.11,0.95,0.18,-0.43,-1.6,0.21,0.2,27.38,0.16,0.54,28.89,0.28,0.89,0.19,0.24,0.87,0.93
2,0.09,0.54,0.1,0.64,0.54,0.18,0.83,0.11,0.95,0.18,-0.43,-1.6,0.21,0.2,27.38,0.16,0.54,28.89,0.28,0.89,0.19,0.24,0.87,0.93
2,0.09,0.54,0.1,0.64,0.54,0.18,0.83,0.11,0.95,0.18,-0.43,-1.6,0.21,0.2,27.38,0.16,0.54,28.89,0.28,0.89,0.19,0.24,0.87,0.93
2,0.09,0.54,0.1,0.64,0.54,0.18,0.83,0.11,0.95,0.18,-0.43,-1.6,0.21,0.2,27.38,0.16,0.54,28.89,0.28,0.89,0.19,0.24,0.87,0.93
2,0.09,0.54,0.1,0.64,0.54,0.18,0.83,0.11,0.95,0.18,-0.43,-1.6,0.21,0.2,27.38,0.16,0.54,28.89,0.28,0.89,0.19,0.24,0.87,0.93
2,0.09,0.54,0.1,0.64,0.54,0.18,0.83,0.11,0.95,0.18,-0.43,-1.6,0.21,0.2,27.38,0.16,0.54,28.89,0.28,0.89,0.19,0.24,0.87,0.93
2,0.09,0.54,0.1,0.64,0.54,0.18,0.83,0.11,0.95,0.18,-0.43,-1.6,0.21,0.2,27.38,0.16,0.54,28.89,0.28,0.89,0.19,0.24,0.87,0.93
2,0.09,0.54,0.1,0.64,0.54,0.18,0.83,0.11,0.95,0.18,-0.43,-1.6,0.21,0.2,27.38,0.16,0.54,28.89,0.28,0.89,0.19,0.24,0.87,0.93
2,0.09,0.54,0.1,0.64,0.54,0.18,0.83,0.11,0.95,0.18,-0.43,-1.6,0.21,0.2,27.38,0.16,0.54,28.89,0.28,0.89,0.19,0.24,0.87,0.93
2,0.09,0.54,0.1,0.64,0.54,0.18,0.83,0.11,0.95,0.18,-0.43,-1.6,0.21,0.2,27.38,0.16,0.54,28.89,0.28,0.89,0.19,0.24,0.87,0.93
2,0.08,0.54,0.1,0.66,0.57,0.18,0.82,0.13,0.94,0.19,-0.5,-1.69,0.2,0.2,37.9,0.17,0.6,42.34,0.28,0.89,0.19,0.23,0.87,0.94
2,0.08,0.54,0.1,0.66,0.57,0.18,0.82,0.13,0.94,0.19,-0.5,-1.69,0.2,0.2,37.9,0.17,0.6,42.34,0.28,0.89,0.19,0.23,0.87,0.94
2,0.08,0.54,0.1,0.66,0.57,0.18,0.82,0.13,0.94,0.19,-0.5,-1.69,0.2,0.2,37.9,0.17,0.6,42.34,0.28,0.89,0.19,0.23,0.87,0.94
2,0.08,0.54,0.1,0.66,0.57,0.18,0.82,0.13,0.94,0.19,-0.5,-1.69,0.2,0.2,37.9,0.17,0.6,42.34,0.28,0.89,0.19,0.23,0.87,0.94
2,0.08,0.54,0.1,0.66,0.57,0.18,0.82,0.13,0.94,0.19,-0.5,-1.69,0.2,0.2,37.9,0.17,0.6,42.34,0.28,0.89,0.19,0.23,0.87,0.94
2,0.08,0.54,0.1,0.66,0.57,0.18,0.82,0.13,0.94,0.19,-0.5,-1.69,0.2,0.2,37.9,0.17,0.6,42.34,0.28,0.89,0.19,0.23,0.87,0.94
2,0.08,0.54,0.1,0.66,0.57,0.18,0.82,0.13,0.94,0.19,-0.5,-1.69,0.2,0.2,37.9,0.17,0.6,42.34,0.28,0.89,0.19,0.23,0.87,0.94
2,0.08,0.54,0.1,0.66,0.57,0.18,0.82,0.13,0.94,0.19,-0.5,-1.69,0.2,0.2,37.9,0.17,0.6,42.34,0.28,0.89,0.19,0.23,0.87,0.94
2,0.08,0.54,0.1,0.66,0.57,0.18,0.82,0.13,0.94,0.19,-0.5,-1.69,0.2,0.2,37.9,0.17,0.6,42.34,0.28,0.89,0.19,0.23,0.87,0.94
2,0.08,0.54,0.1,0.66,0.57,0.18,0.82,0.13,0.94,0.19,-0.5,-1.69,0.2,0.2,37.9,0.17,0.6,42.34,0.28,0.89,0.19,0.23,0.87,0.94
2,0.08,0.54,0.1,0.66,0.57,0.18,0.82,0.13,0.94,0.19,-0.5,-1.69,0.2,0.2,37.9,0.17,0.6,42.34,0.28,0.89,0.19,0.23,0.87,0.94
2,0.08,0.54,0.1,0.66,0.57,0.18,0.82,0.13,0.94,0.19,-0.5,-1.69,0.2,0.2,37.9,0.17,0.6,42.34,0.28,0.89,0.19,0.23,0.87,0.94
2,0.06,0.41,0.08,0.6,0.65,0.13,0.42,0.12,0.97,0.12,-0.58,-0.65,0.13,0.12,4.11,0.11,0.38,0.47,0.37,0.55,0.16,0.36,0.53,0.62
2,0.06,0.41,0.08,0.6,0.65,0.13,0.42,0.12,0.97,0.12,-0.58,-0.65,0.13,0.12,4.11,0.11,0.38,0.47,0.37,0.55,0.16,0.36,0.53,0.62
2,0.06,0.41,0.08,0.6,0.65,0.13,0.42,0.12,0.97,0.12,-0.58,-0.65,0.13,0.12,4.11,0.11,0.38,0.47,0.37,0.55,0.16,0.36,0.53,0.62
2,0.06,0.41,0.08,0.6,0.65,0.13,0.42,0.12,0.97,0.12,-0.58,-0.65,0.13,0.12,4.11,0.11,0.38,0.47,0.37,0.55,0.16,0.36,0.53,0.62
2,0.06,0.41,0.08,0.6,0.65,0.13,0.42,0.12,0.97,0.12,-0.58,-0.65,0.13,0.12,4.11,0.11,0.38,0.47,0.37,0.55,0.16,0.36,0.53,0.62
2,0.06,0.41,0.08,0.6,0.65,0.13,0.42,0.12,0.97,0.12,-0.58,-0.65,0.13,0.12,4.11,0.11,0.38,0.47,0.37,0.55,0.16,0.36,0.53,0.62
2,0.06,0.41,0.08,0.6,0.65,0.13,0.42,0.12,0.97,0.12,-0.58,-0.65,0.13,0.12,4.11,0.11,0.38,0.47,0.37,0.55,0.16,0.36,0.53,0.62
2,0.06,0.41,0.08,0.6,0.65,0.13,0.42,0.12,0.97,0.12,-0.58,-0.65,0.13,0.12,4.11,0.11,0.38,0.47,0.37,0.55,0.16,0.36,0.53,0.62
2,0.06,0.41,0.08,0.6,0.65,0.13,0.42,0.12,0.97,0.12,-0.58,-0.65,0.13,0.12,4.11,0.11,0.38,0.47,0.37,0.55,0.16,0.36,0.53,0.62
2,0.06,0.41,0.08,0.6,0.65,0.13,0.42,0.12,0.97,0.12,-0.58,-0.65,0.13,0.12,4.11,0.11,0.38,0.47,0.37,0.55,0.16,0.36,0.53,0.62
2,0.06,0.41,0.08,0.6,0.65,0.13,0.42,0.12,0.97,0.12,-0.58,-0.65,0.13,0.12,4.11,0.11,0.38,0.47,0.37,0.55,0.16,0.36,0.53,0.62
2,0.06,0.41,0.08,0.6,0.65,0.13,0.42,0.12,0.97,0.12,-0.58,-0.65,0.13,0.12,4.11,0.11,0.38,0.47,0.37,0.55,0.16,0.36,0.53,0.62
2,0.08,0.59,0.17,0.59,0.62,0.21,0.71,0.29,0.89,0.2,-0.84,-0.04,0.2,0.19,2.35,0.24,0.53,7.97,0.26,0.91,0.15,0.23,0.9,0.94
2,0.08,0.59,0.17,0.59,0.62,0.21,0.71,0.29,0.89,0.2,-0.84,-0.04,0.2,0.19,2.35,0.24,0.53,7.97,0.26,0.91,0.15,0.23,0.9,0.94
2,0.08,0.59,0.17,0.59,0.62,0.21,0.71,0.29,0.89,0.2,-0.84,-0.04,0.2,0.19,2.35,0.24,0.53,7.97,0.26,0.91,0.15,0.23,0.9,0.94
2,0.08,0.59,0.17,0.59,0.62,0.21,0.71,0.29,0.89,0.2,-0.84,-0.04,0.2,0.19,2.35,0.24,0.53,7.97,0.26,0.91,0.15,0.23,0.9,0.94
2,0.08,0.59,0.17,0.59,0.62,0.21,0.71,0.29,0.89,0.2,-0.84,-0.04,0.2,0.19,2.35,0.24,0.53,7.97,0.26,0.91,0.15,0.23,0.9,0.94
2,0.08,0.59,0.17,0.59,0.62,0.21,0.71,0.29,0.89,0.2,-0.84,-0.04,0.2,0.19,2.35,0.24,0.53,7.97,0.26,0.91,0.15,0.23,0.9,0.94
2,0.08,0.59,0.17,0.59,0.62,0.21,0.71,0.29,0.89,0.2,-0.84,-0.04,0.2,0.19,2.35,0.24,0.53,7.97,0.26,0.91,0.15,0.23,0.9,0.94
2,0.08,0.59,0.17,0.59,0.62,0.21,0.71,0.29,0.89,0.2,-0.84,-0.04,0.2,0.19,2.35,0.24,0.53,7.97,0.26,0.91,0.15,0.23,0.9,0.94
2,0.08,0.59,0.17,0.59,0.62,0.21,0.71,0.29,0.89,0.2,-0.84,-0.04,0.2,0.19,2.35,0.24,0.53,7.97,0.26,0.91,0.15,0.23,0.9,0.94
2,0.08,0.59,0.17,0.59,0.62,0.21,0.71,0.29,0.89,0.2,-0.84,-0.04,0.2,0.19,2.35,0.24,0.53,7.97,0.26,0.91,0.15,0.23,0.9,0.94
2,0.08,0.59,0.17,0.59,0.62,0.21,0.71,0.29,0.89,0.2,-0.84,-0.04,0.2,0.19,2.35,0.24,0.53,7.97,0.26,0.91,0.15,0.23,0.9,0.94
2,0.08,0.59,0.17,0.59,0.62,0.21,0.71,0.29,0.89,0.2,-0.84,-0.04,0.2,0.19,2.35,0.24,0.53,7.97,0.26,0.91,0.15,0.23,0.9,0.94
2,0.23,0.45,0.41,0.78,0.74,0.14,0.44,0.07,0.97,0.08,-0.41,-0.45,0.19,0.16,2.68,0.17,0.45,0.47,0.32,0.57,0.11,0.31,0.55,0.77
2,0.23,0.45,0.41,0.78,0.74,0.14,0.44,0.07,0.97,0.08,-0.41,-0.45,0.19,0.16,2.68,0.17,0.45,0.47,0.32,0.57,0.11,0.31,0.55,0.77
2,0.23,0.45,0.41,0.78,0.74,0.14,0.44,0.07,0.97,0.08,-0.41,-0.45,0.19,0.16,2.68,0.17,0.45,0.47,0.32,0.57,0.11,0.31,0.55,0.77
2,0.23,0.45,0.41,0.78,0.74,0.14,0.44,0.07,0.97,0.08,-0.41,-0.45,0.19,0.16,2.68,0.17,0.45,0.47,0.32,0.57,0.11,0.31,0.55,0.77
2,0.23,0.45,0.41,0.78,0.74,0.14,0.44,0.07,0.97,0.08,-0.41,-0.45,0.19,0.16,2.68,0.17,0.45,0.47,0.32,0.57,0.11,0.31,0.55,0.77
2,0.23,0.45,0.41,0.78,0.74,0.14,0.44,0.07,0.97,0.08,-0.41,-0.45,0.19,0.16,2.68,0.17,0.45,0.47,0.32,0.57,0.11,0.31,0.55,0.77
2,0.23,0.45,0.41,0.78,0.74,0.14,0.44,0.07,0.97,0.08,-0.41,-0.45,0.19,0.16,2.68,0.17,0.45,0.47,0.32,0.57,0.11,0.31,0.55,0.77
2,0.23,0.45,0.41,0.78,0.74,0.14,0.44,0.07,0.97,0.08,-0.41,-0.45,0.19,0.16,2.68,0.17,0.45,0.47,0.32,0.57,0.11,0.31,0.55,0.77
2,0.23,0.45,0.41,0.78,0.74,0.14,0.44,0.07,0.97,0.08,-0.41,-0.45,0.19,0.16,2.68,0.17,0.45,0.47,0.32,0.57,0.11,0.31,0.55,0.77
2,0.23,0.45,0.41,0.78,0.74,0.14,0.44,0.07,0.97,0.08,-0.41,-0.45,0.19,0.16,2.68,0.17,0.45,0.47,0.32,0.57,0.11,0.31,0.55,0.77
2,0.23,0.45,0.41,0.78,0.74,0.14,0.44,0.07,0.97,0.08,-0.41,-0.45,0.19,0.16,2.68,0.17,0.45,0.47,0.32,0.57,0.11,0.31,0.55,0.77
2,0.23,0.45,0.41,0.78,0.74,0.14,0.44,0.07,0.97,0.08,-0.41,-0.45,0.19,0.16,2.68,0.17,0.45,0.47,0.32,0.57,0.11,0.31,0.55,0.77
2,0.15,0.28,0.33,0.24,0.64,0.16,0.45,0.22,0.94,0.12,-0.77,1.83,0.2,0.21,0.29,0.15,0.5,5.97,0.41,0.59,0.12,0.4,0.57,0.67
2,0.15,0.28,0.33,0.24,0.64,0.16,0.45,0.22,0.94,0.12,-0.77,1.83,0.2,0.21,0.29,0.15,0.5,5.97,0.41,0.59,0.12,0.4,0.57,0.67
2,0.15,0.28,0.33,0.24,0.64,0.16,0.45,0.22,0.94,0.12,-0.77,1.83,0.2,0.21,0.29,0.15,0.5,5.97,0.41,0.59,0.12,0.4,0.57,0.67
2,0.15,0.28,0.33,0.24,0.64,0.16,0.45,0.22,0.94,0.12,-0.77,1.83,0.2,0.21,0.29,0.15,0.5,5.97,0.41,0.59,0.12,0.4,0.57,0.67
2,0.15,0.28,0.33,0.24,0.64,0.16,0.45,0.22,0.94,0.12,-0.77,1.83,0.2,0.21,0.29,0.15,0.5,5.97,0.41,0.59,0.12,0.4,0.57,0.67
2,0.15,0.28,0.33,0.24,0.64,0.16,0.45,0.22,0.94,0.12,-0.77,1.83,0.2,0.21,0.29,0.15,0.5,5.97,0.41,0.59,0.12,0.4,0.57,0.67
2,0.15,0.28,0.33,0.24,0.64,0.16,0.45,0.22,0.94,0.12,-0.77,1.83,0.2,0.21,0.29,0.15,0.5,5.97,0.41,0.59,0.12,0.4,0.57,0.67
2,0.15,0.28,0.33,0.24,0.64,0.16,0.45,0.22,0.94,0.12,-0.77,1.83,0.2,0.21,0.29,0.15,0.5,5.97,0.41,0.59,0.12,0.4,0.57,0.67
2,0.15,0.28,0.33,0.24,0.64,0.16,0.45,0.22,0.94,0.12,-0.77,1.83,0.2,0.21,0.29,0.15,0.5,5.97,0.41,0.59,0.12,0.4,0.57,0.67
2,0.15,0.28,0.33,0.24,0.64,0.16,0.45,0.22,0.94,0.12,-0.77,1.83,0.2,0.21,0.29,0.15,0.5,5.97,0.41,0.59,0.12,0.4,0.57,0.67
2,0.15,0.28,0.33,0.24,0.64,0.16,0.45,0.22,0.94,0.12,-0.77,1.83,0.2,0.21,0.29,0.15,0.5,5.97,0.41,0.59,0.12,0.4,0.57,0.67
2,0.15,0.28,0.33,0.24,0.64,0.16,0.45,0.22,0.94,0.12,-0.77,1.83,0.2,0.21,0.29,0.15,0.5,5.97,0.41,0.59,0.12,0.4,0.57,0.67
2,0.57,0.38,0.47,0.53,0.78,0.18,0.74,0.09,0.95,0.23,-1.24,0.06,0.13,0.1,5.84,0.17,0.6,5.06,0.29,0.85,0.1,0.31,0.86,0.89
2,0.57,0.38,0.47,0.53,0.78,0.18,0.74,0.09,0.95,0.23,-1.24,0.06,0.13,0.1,5.84,0.17,0.6,5.06,0.29,0.85,0.1,0.31,0.86,0.89
2,0.57,0.38,0.47,0.53,0.78,0.18,0.74,0.09,0.95,0.23,-1.24,0.06,0.13,0.1,5.84,0.17,0.6,5.06,0.29,0.85,0.1,0.31,0.86,0.89
2,0.57,0.38,0.47,0.53,0.78,0.18,0.74,0.09,0.95,0.23,-1.24,0.06,0.13,0.1,5.84,0.17,0.6,5.06,0.29,0.85,0.1,0.31,0.86,0.89
2,0.57,0.38,0.47,0.53,0.78,0.18,0.74,0.09,0.95,0.23,-1.24,0.06,0.13,0.1,5.84,0.17,0.6,5.06,0.29,0.85,0.1,0.31,0.86,0.89
2,0.57,0.38,0.47,0.53,0.78,0.18,0.74,0.09,0.95,0.23,-1.24,0.06,0.13,0.1,5.84,0.17,0.6,5.06,0.29,0.85,0.1,0.31,0.86,0.89
2,0.57,0.38,0.47,0.53,0.78,0.18,0.74,0.09,0.95,0.23,-1.24,0.06,0.13,0.1,5.84,0.17,0.6,5.06,0.29,0.85,0.1,0.31,0.86,0.89
2,0.57,0.38,0.47,0.53,0.78,0.18,0.74,0.09,0.95,0.23,-1.24,0.06,0.13,0.1,5.84,0.17,0.6,5.06,0.29,0.85,0.1,0.31,0.86,0.89
2,0.57,0.38,0.47,0.53,0.78,0.18,0.74,0.09,0.95,0.23,-1.24,0.06,0.13,0.1,5.84,0.17,0.6,5.06,0.29,0.85,0.1,0.31,0.86,0.89
2,0.57,0.38,0.47,0.53,0.78,0.18,0.74,0.09,0.95,0.23,-1.24,0.06,0.13,0.1,5.84,0.17,0.6,5.06,0.29,0.85,0.1,0.31,0.86,0.89
2,0.57,0.38,0.47,0.53,0.78,0.18,0.74,0.09,0.95,0.23,-1.24,0.06,0.13,0.1,5.84,0.17,0.6,5.06,0.29,0.85,0.1,0.31,0.86,0.89
2,0.57,0.38,0.47,0.53,0.78,0.18,0.74,0.09,0.95,0.23,-1.24,0.06,0.13,0.1,5.84,0.17,0.6,5.06,0.29,0.85,0.1,0.31,0.86,0.89
2,0.52,0.38,0.47,0.62,0.61,0.18,0.73,0.36,0.81,0.17,-0.69,-0.58,0.19,0.21,64.69,0.14,0.51,10.47,0.27,0.84,0.18,0.27,0.83,0.94
2,0.52,0.38,0.47,0.62,0.61,0.18,0.73,0.36,0.81,0.17,-0.69,-0.58,0.19,0.21,64.69,0.14,0.51,10.47,0.27,0.84,0.18,0.27,0.83,0.94
2,0.52,0.38,0.47,0.62,0.61,0.18,0.73,0.36,0.81,0.17,-0.69,-0.58,0.19,0.21,64.69,0.14,0.51,10.47,0.27,0.84,0.18,0.27,0.83,0.94
2,0.52,0.38,0.47,0.62,0.61,0.18,0.73,0.36,0.81,0.17,-0.69,-0.58,0.19,0.21,64.69,0.14,0.51,10.47,0.27,0.84,0.18,0.27,0.83,0.94
2,0.52,0.38,0.47,0.62,0.61,0.18,0.73,0.36,0.81,0.17,-0.69,-0.58,0.19,0.21,64.69,0.14,0.51,10.47,0.27,0.84,0.18,0.27,0.83,0.94
2,0.52,0.38,0.47,0.62,0.61,0.18,0.73,0.36,0.81,0.17,-0.69,-0.58,0.19,0.21,64.69,0.14,0.51,10.47,0.27,0.84,0.18,0.27,0.83,0.94
2,0.52,0.38,0.47,0.62,0.61,0.18,0.73,0.36,0.81,0.17,-0.69,-0.58,0.19,0.21,64.69,0.14,0.51,10.47,0.27,0.84,0.18,0.27,0.83,0.94
2,0.52,0.38,0.47,0.62,0.61,0.18,0.73,0.36,0.81,0.17,-0.69,-0.58,0.19,0.21,64.69,0.14,0.51,10.47,0.27,0.84,0.18,0.27,0.83,0.94
2,0.52,0.38,0.47,0.62,0.61,0.18,0.73,0.36,0.81,0.17,-0.69,-0.58,0.19,0.21,64.69,0.14,0.51,10.47,0.27,0.84,0.18,0.27,0.83,0.94
2,0.52,0.38,0.47,0.62,0.61,0.18,0.73,0.36,0.81,0.17,-0.69,-0.58,0.19,0.21,64.69,0.14,0.51,10.47,0.27,0.84,0.18,0.27,0.83,0.94
2,0.52,0.38,0.47,0.62,0.61,0.18,0.73,0.36,0.81,0.17,-0.69,-0.58,0.19,0.21,64.69,0.14,0.51,10.47,0.27,0.84,0.18,0.27,0.83,0.94
2,0.52,0.38,0.47,0.62,0.61,0.18,0.73,0.36,0.81,0.17,-0.69,-0.58,0.19,0.21,64.69,0.14,0.51,10.47,0.27,0.84,0.18,0.27,0.83,0.94
2,0.75,0.31,0.41,0.25,0.47,0.2,0.74,0.12,0.94,0.2,0.33,1.79,0.15,0.16,2.91,0.17,0.31,38.13,0.23,0.89,0.16,0.24,0.9,0.92
2,0.75,0.31,0.41,0.25,0.47,0.2,0.74,0.12,0.94,0.2,0.33,1.79,0.15,0.16,2.91,0.17,0.31,38.13,0.23,0.89,0.16,0.24,0.9,0.92
2,0.75,0.31,0.41,0.25,0.47,0.2,0.74,0.12,0.94,0.2,0.33,1.79,0.15,0.16,2.91,0.17,0.31,38.13,0.23,0.89,0.16,0.24,0.9,0.92
2,0.75,0.31,0.41,0.25,0.47,0.2,0.74,0.12,0.94,0.2,0.33,1.79,0.15,0.16,2.91,0.17,0.31,38.13,0.23,0.89,0.16,0.24,0.9,0.92
2,0.75,0.31,0.41,0.25,0.47,0.2,0.74,0.12,0.94,0.2,0.33,1.79,0.15,0.16,2.91,0.17,0.31,38.13,0.23,0.89,0.16,0.24,0.9,0.92
2,0.75,0.31,0.41,0.25,0.47,0.2,0.74,0.12,0.94,0.2,0.33,1.79,0.15,0.16,2.91,0.17,0.31,38.13,0.23,0.89,0.16,0.24,0.9,0.92
2,0.75,0.31,0.41,0.25,0.47,0.2,0.74,0.12,0.94,0.2,0.33,1.79,0.15,0.16,2.91,0.17,0.31,38.13,0.23,0.89,0.16,0.24,0.9,0.92
2,0.75,0.31,0.41,0.25,0.47,0.2,0.74,0.12,0.94,0.2,0.33,1.79,0.15,0.16,2.91,0.17,0.31,38.13,0.23,0.89,0.16,0.24,0.9,0.92
2,0.75,0.31,0.41,0.25,0.47,0.2,0.74,0.12,0.94,0.2,0.33,1.79,0.15,0.16,2.91,0.17,0.31,38.13,0.23,0.89,0.16,0.24,0.9,0.92
2,0.75,0.31,0.41,0.25,0.47,0.2,0.74,0.12,0.94,0.2,0.33,1.79,0.15,0.16,2.91,0.17,0.31,38.13,0.23,0.89,0.16,0.24,0.9,0.92
2,0.75,0.31,0.41,0.25,0.47,0.2,0.74,0.12,0.94,0.2,0.33,1.79,0.15,0.16,2.91,0.17,0.31,38.13,0.23,0.89,0.16,0.24,0.9,0.92
2,0.75,0.31,0.41,0.25,0.47,0.2,0.74,0.12,0.94,0.2,0.33,1.79,0.15,0.16,2.91,0.17,0.31,38.13,0.23,0.89,0.16,0.24,0.9,0.92
2,0.66,0.43,0.44,0.53,0.57,0.26,0.29,0.06,0.87,0.15,-0.11,-0.7,0.14,0.16,11.79,0.21,0.49,0.78,0.27,0.43,0.21,0.28,0.46,0.59
2,0.66,0.43,0.44,0.53,0.57,0.26,0.29,0.06,0.87,0.15,-0.11,-0.7,0.14,0.16,11.79,0.21,0.49,0.78,0.27,0.43,0.21,0.28,0.46,0.59
2,0.66,0.43,0.44,0.53,0.57,0.26,0.29,0.06,0.87,0.15,-0.11,-0.7,0.14,0.16,11.79,0.21,0.49,0.78,0.27,0.43,0.21,0.28,0.46,0.59
2,0.66,0.43,0.44,0.53,0.57,0.26,0.29,0.06,0.87,0.15,-0.11,-0.7,0.14,0.16,11.79,0.21,0.49,0.78,0.27,0.43,0.21,0.28,0.46,0.59
2,0.66,0.43,0.44,0.53,0.57,0.26,0.29,0.06,0.87,0.15,-0.11,-0.7,0.14,0.16,11.79,0.21,0.49,0.78,0.27,0.43,0.21,0.28,0.46,0.59
2,0.66,0.43,0.44,0.53,0.57,0.26,0.29,0.06,0.87,0.15,-0.11,-0.7,0.14,0.16,11.79,0.21,0.49,0.78,0.27,0.43,0.21,0.28,0.46,0.59
2,0.66,0.43,0.44,0.53,0.57,0.26,0.29,0.06,0.87,0.15,-0.11,-0.7,0.14,0.16,11.79,0.21,0.49,0.78,0.27,0.43,0.21,0.28,0.46,0.59
2,0.66,0.43,0.44,0.53,0.57,0.26,0.29,0.06,0.87,0.15,-0.11,-0.7,0.14,0.16,11.79,0.21,0.49,0.78,0.27,0.43,0.21,0.28,0.46,0.59
2,0.66,0.43,0.44,0.53,0.57,0.26,0.29,0.06,0.87,0.15,-0.11,-0.7,0.14,0.16,11.79,0.21,0.49,0.78,0.27,0.43,0.21,0.28,0.46,0.59
2,0.66,0.43,0.44,0.53,0.57,0.26,0.29,0.06,0.87,0.15,-0.11,-0.7,0.14,0.16,11.79,0.21,0.49,0.78,0.27,0.43,0.21,0.28,0.46,0.59
2,0.66,0.43,0.44,0.53,0.57,0.26,0.29,0.06,0.87,0.15,-0.11,-0.7,0.14,0.16,11.79,0.21,0.49,0.78,0.27,0.43,0.21,0.28,0.46,0.59
2,0.66,0.43,0.44,0.53,0.57,0.26,0.29,0.06,0.87,0.15,-0.11,-0.7,0.14,0.16,11.79,0.21,0.49,0.78,0.27,0.43,0.21,0.28,0.46,0.59
2,0.03,0.45,0.06,0.43,0.5,0.14,0.36,0.19,0.92,0.15,-0.08,1.02,0.11,0.11,0.35,0.16,0.47,4.93,0.39,0.51,0.14,0.41,0.53,0.57
2,0.03,0.45,0.06,0.43,0.5,0.14,0.36,0.19,0.92,0.15,-0.08,1.02,0.11,0.11,0.35,0.16,0.47,4.93,0.39,0.51,0.14,0.41,0.53,0.57
2,0.03,0.45,0.06,0.43,0.5,0.14,0.36,0.19,0.92,0.15,-0.08,1.02,0.11,0.11,0.35,0.16,0.47,4.93,0.39,0.51,0.14,0.41,0.53,0.57
2,0.03,0.45,0.06,0.43,0.5,0.14,0.36,0.19,0.92,0.15,-0.08,1.02,0.11,0.11,0.35,0.16,0.47,4.93,0.39,0.51,0.14,0.41,0.53,0.57
2,0.03,0.45,0.06,0.43,0.5,0.14,0.36,0.19,0.92,0.15,-0.08,1.02,0.11,0.11,0.35,0.16,0.47,4.93,0.39,0.51,0.14,0.41,0.53,0.57
2,0.03,0.45,0.06,0.43,0.5,0.14,0.36,0.19,0.92,0.15,-0.08,1.02,0.11,0.11,0.35,0.16,0.47,4.93,0.39,0.51,0.14,0.41,0.53,0.57
2,0.03,0.45,0.06,0.43,0.5,0.14,0.36,0.19,0.92,0.15,-0.08,1.02,0.11,0.11,0.35,0.16,0.47,4.93,0.39,0.51,0.14,0.41,0.53,0.57
2,0.03,0.45,0.06,0.43,0.5,0.14,0.36,0.19,0.92,0.15,-0.08,1.02,0.11,0.11,0.35,0.16,0.47,4.93,0.39,0.51,0.14,0.41,0.53,0.57
2,0.03,0.45,0.06,0.43,0.5,0.14,0.36,0.19,0.92,0.15,-0.08,1.02,0.11,0.11,0.35,0.16,0.47,4.93,0.39,0.51,0.14,0.41,0.53,0.57
2,0.03,0.45,0.06,0.43,0.5,0.14,0.36,0.19,0.92,0.15,-0.08,1.02,0.11,0.11,0.35,0.16,0.47,4.93,0.39,0.51,0.14,0.41,0.53,0.57
2,0.03,0.45,0.06,0.43,0.5,0.14,0.36,0.19,0.92,0.15,-0.08,1.02,0.11,0.11,0.35,0.16,0.47,4.93,0.39,0.51,0.14,0.41,0.53,0.57
2,0.03,0.45,0.06,0.43,0.5,0.14,0.36,0.19,0.92,0.15,-0.08,1.02,0.11,0.11,0.35,0.16,0.47,4.93,0.39,0.51,0.14,0.41,0.53,0.57
2,0.05,0.46,0.17,0.66,0.62,0.13,0.66,0.06,0.97,0.08,0.31,-0.27,0.13,0.1,4.77,0.09,0.5,2.02,0.3,0.78,0.1,0.27,0.76,0.95
2,0.05,0.46,0.17,0.66,0.62,0.13,0.66,0.06,0.97,0.08,0.31,-0.27,0.13,0.1,4.77,0.09,0.5,2.02,0.3,0.78,0.1,0.27,0.76,0.95
2,0.05,0.46,0.17,0.66,0.62,0.13,0.66,0.06,0.97,0.08,0.31,-0.27,0.13,0.1,4.77,0.09,0.5,2.02,0.3,0.78,0.1,0.27,0.76,0.95
2,0.05,0.46,0.17,0.66,0.62,0.13,0.66,0.06,0.97,0.08,0.31,-0.27,0.13,0.1,4.77,0.09,0.5,2.02,0.3,0.78,0.1,0.27,0.76,0.95
2,0.05,0.46,0.17,0.66,0.62,0.13,0.66,0.06,0.97,0.08,0.31,-0.27,0.13,0.1,4.77,0.09,0.5,2.02,0.3,0.78,0.1,0.27,0.76,0.95
2,0.05,0.46,0.17,0.66,0.62,0.13,0.66,0.06,0.97,0.08,0.31,-0.27,0.13,0.1,4.77,0.09,0.5,2.02,0.3,0.78,0.1,0.27,0.76,0.95
2,0.05,0.46,0.17,0.66,0.62,0.13,0.66,0.06,0.97,0.08,0.31,-0.27,0.13,0.1,4.77,0.09,0.5,2.02,0.3,0.78,0.1,0.27,0.76,0.95
2,0.05,0.46,0.17,0.66,0.62,0.13,0.66,0.06,0.97,0.08,0.31,-0.27,0.13,0.1,4.77,0.09,0.5,2.02,0.3,0.78,0.1,0.27,0.76,0.95
2,0.05,0.46,0.17,0.66,0.62,0.13,0.66,0.06,0.97,0.08,0.31,-0.27,0.13,0.1,4.77,0.09,0.5,2.02,0.3,0.78,0.1,0.27,0.76,0.95
2,0.05,0.46,0.17,0.66,0.62,0.13,0.66,0.06,0.97,0.08,0.31,-0.27,0.13,0.1,4.77,0.09,0.5,2.02,0.3,0.78,0.1,0.27,0.76,0.95
2,0.05,0.46,0.17,0.66,0.62,0.13,0.66,0.06,0.97,0.08,0.31,-0.27,0.13,0.1,4.77,0.09,0.5,2.02,0.3,0.78,0.1,0.27,0.76,0.95
2,0.05,0.46,0.17,0.66,0.62,0.13,0.66,0.06,0.97,0.08,0.31,-0.27,0.13,0.1,4.77,0.09,0.5,2.02,0.3,0.78,0.1,0.27,0.76,0.95
2,0.04,0.54,0.04,0.68,0.51,0.11,0.75,0.25,0.91,0.07,0.32,-0.96,0.14,0.12,0.98,0.09,0.52,3.29,0.3,0.85,0.09,0.28,0.84,0.9
2,0.04,0.54,0.04,0.68,0.51,0.11,0.75,0.25,0.91,0.07,0.32,-0.96,0.14,0.12,0.98,0.09,0.52,3.29,0.3,0.85,0.09,0.28,0.84,0.9
2,0.04,0.54,0.04,0.68,0.51,0.11,0.75,0.25,0.91,0.07,0.32,-0.96,0.14,0.12,0.98,0.09,0.52,3.29,0.3,0.85,0.09,0.28,0.84,0.9
2,0.04,0.54,0.04,0.68,0.51,0.11,0.75,0.25,0.91,0.07,0.32,-0.96,0.14,0.12,0.98,0.09,0.52,3.29,0.3,0.85,0.09,0.28,0.84,0.9
2,0.04,0.54,0.04,0.68,0.51,0.11,0.75,0.25,0.91,0.07,0.32,-0.96,0.14,0.12,0.98,0.09,0.52,3.29,0.3,0.85,0.09,0.28,0.84,0.9
2,0.04,0.54,0.04,0.68,0.51,0.11,0.75,0.25,0.91,0.07,0.32,-0.96,0.14,0.12,0.98,0.09,0.52,3.29,0.3,0.85,0.09,0.28,0.84,0.9
2,0.04,0.54,0.04,0.68,0.51,0.11,0.75,0.25,0.91,0.07,0.32,-0.96,0.14,0.12,0.98,0.09,0.52,3.29,0.3,0.85,0.09,0.28,0.84,0.9
2,0.04,0.54,0.04,0.68,0.51,0.11,0.75,0.25,0.91,0.07,0.32,-0.96,0.14,0.12,0.98,0.09,0.52,3.29,0.3,0.85,0.09,0.28,0.84,0.9
2,0.04,0.54,0.04,0.68,0.51,0.11,0.75,0.25,0.91,0.07,0.32,-0.96,0.14,0.12,0.98,0.09,0.52,3.29,0.3,0.85,0.09,0.28,0.84,0.9
2,0.04,0.54,0.04,0.68,0.51,0.11,0.75,0.25,0.91,0.07,0.32,-0.96,0.14,0.12,0.98,0.09,0.52,3.29,0.3,0.85,0.09,0.28,0.84,0.9
2,0.04,0.54,0.04,0.68,0.51,0.11,0.75,0.25,0.91,0.07,0.32,-0.96,0.14,0.12,0.98,0.09,0.52,3.29,0.3,0.85,0.09,0.28,0.84,0.9
2,0.04,0.54,0.04,0.68,0.51,0.11,0.75,0.25,0.91,0.07,0.32,-0.96,0.14,0.12,0.98,0.09,0.52,3.29,0.3,0.85,0.09,0.28,0.84,0.9
2,0.86,0.4,0.27,0.22,0.49,0.12,0.54,0.09,0.95,0.13,0.86,2.55,0.15,0.14,10.84,0.14,0.32,9.04,0.25,0.76,0.13,0.26,0.78,0.84
2,0.86,0.4,0.27,0.22,0.49,0.12,0.54,0.09,0.95,0.13,0.86,2.55,0.15,0.14,10.84,0.14,0.32,9.04,0.25,0.76,0.13,0.26,0.78,0.84
2,0.86,0.4,0.27,0.22,0.49,0.12,0.54,0.09,0.95,0.13,0.86,2.55,0.15,0.14,10.84,0.14,0.32,9.04,0.25,0.76,0.13,0.26,0.78,0.84
2,0.86,0.4,0.27,0.22,0.49,0.12,0.54,0.09,0.95,0.13,0.86,2.55,0.15,0.14,10.84,0.14,0.32,9.04,0.25,0.76,0.13,0.26,0.78,0.84
2,0.86,0.4,0.27,0.22,0.49,0.12,0.54,0.09,0.95,0.13,0.86,2.55,0.15,0.14,10.84,0.14,0.32,9.04,0.25,0.76,0.13,0.26,0.78,0.84
2,0.86,0.4,0.27,0.22,0.49,0.12,0.54,0.09,0.95,0.13,0.86,2.55,0.15,0.14,10.84,0.14,0.32,9.04,0.25,0.76,0.13,0.26,0.78,0.84
2,0.86,0.4,0.27,0.22,0.49,0.12,0.54,0.09,0.95,0.13,0.86,2.55,0.15,0.14,10.84,0.14,0.32,9.04,0.25,0.76,0.13,0.26,0.78,0.84
2,0.86,0.4,0.27,0.22,0.49,0.12,0.54,0.09,0.95,0.13,0.86,2.55,0.15,0.14,10.84,0.14,0.32,9.04,0.25,0.76,0.13,0.26,0.78,0.84
2,0.86,0.4,0.27,0.22,0.49,0.12,0.54,0.09,0.95,0.13,0.86,2.55,0.15,0.14,10.84,0.14,0.32,9.04,0.25,0.76,0.13,0.26,0.78,0.84
2,0.86,0.4,0.27,0.22,0.49,0.12,0.54,0.09,0.95,0.13,0.86,2.55,0.15,0.14,10.84,0.14,0.32,9.04,0.25,0.76,0.13,0.26,0.78,0.84
2,0.86,0.4,0.27,0.22,0.49,0.12,0.54,0.09,0.95,0.13,0.86,2.55,0.15,0.14,10.84,0.14,0.32,9.04,0.25,0.76,0.13,0.26,0.78,0.84
2,0.86,0.4,0.27,0.22,0.49,0.12,0.54,0.09,0.95,0.13,0.86,2.55,0.15,0.14,10.84,0.14,0.32,9.04,0.25,0.76,0.13,0.26,0.78,0.84
2,0.78,0.44,0.4,0.5,0.65,0.12,0.72,0.06,0.98,0.15,-0.08,0.02,0.18,0.17,7.34,0.17,0.47,16.09,0.25,0.89,0.12,0.26,0.89,0.94
2,0.78,0.44,0.4,0.5,0.65,0.12,0.72,0.06,0.98,0.15,-0.08,0.02,0.18,0.17,7.34,0.17,0.47,16.09,0.25,0.89,0.12,0.26,0.89,0.94
2,0.78,0.44,0.4,0.5,0.65,0.12,0.72,0.06,0.98,0.15,-0.08,0.02,0.18,0.17,7.34,0.17,0.47,16.09,0.25,0.89,0.12,0.26,0.89,0.94
2,0.78,0.44,0.4,0.5,0.65,0.12,0.72,0.06,0.98,0.15,-0.08,0.02,0.18,0.17,7.34,0.17,0.47,16.09,0.25,0.89,0.12,0.26,0.89,0.94
2,0.78,0.44,0.4,0.5,0.65,0.12,0.72,0.06,0.98,0.15,-0.08,0.02,0.18,0.17,7.34,0.17,0.47,16.09,0.25,0.89,0.12,0.26,0.89,0.94
2,0.78,0.44,0.4,0.5,0.65,0.12,0.72,0.06,0.98,0.15,-0.08,0.02,0.18,0.17,7.34,0.17,0.47,16.09,0.25,0.89,0.12,0.26,0.89,0.94
2,0.78,0.44,0.4,0.5,0.65,0.12,0.72,0.06,0.98,0.15,-0.08,0.02,0.18,0.17,7.34,0.17,0.47,16.09,0.25,0.89,0.12,0.26,0.89,0.94
2,0.78,0.44,0.4,0.5,0.65,0.12,0.72,0.06,0.98,0.15,-0.08,0.02,0.18,0.17,7.34,0.17,0.47,16.09,0.25,0.89,0.12,0.26,0.89,0.94
2,0.78,0.44,0.4,0.5,0.65,0.12,0.72,0.06,0.98,0.15,-0.08,0.02,0.18,0.17,7.34,0.17,0.47,16.09,0.25,0.89,0.12,0.26,0.89,0.94
2,0.78,0.44,0.4,0.5,0.65,0.12,0.72,0.06,0.98,0.15,-0.08,0.02,0.18,0.17,7.34,0.17,0.47,16.09,0.25,0.89,0.12,0.26,0.89,0.94
2,0.78,0.44,0.4,0.5,0.65,0.12,0.72,0.06,0.98,0.15,-0.08,0.02,0.18,0.17,7.34,0.17,0.47,16.09,0.25,0.89,0.12,0.26,0.89,0.94
2,0.78,0.44,0.4,0.5,0.65,0.12,0.72,0.06,0.98,0.15,-0.08,0.02,0.18,0.17,7.34,0.17,0.47,16.09,0.25,0.89,0.12,0.26,0.89,0.94
2,0.79,0.55,0.4,0.47,0.45,0.16,0.59,0.17,0.95,0.15,0.16,0.3,0.22,0.25,4.5,0.18,0.41,12.38,0.26,0.88,0.17,0.26,0.88,0.94
2,0.79,0.55,0.4,0.47,0.45,0.16,0.59,0.17,0.95,0.15,0.16,0.3,0.22,0.25,4.5,0.18,0.41,12.38,0.26,0.88,0.17,0.26,0.88,0.94
2,0.79,0.55,0.4,0.47,0.45,0.16,0.59,0.17,0.95,0.15,0.16,0.3,0.22,0.25,4.5,0.18,0.41,12.38,0.26,0.88,0.17,0.26,0.88,0.94
2,0.79,0.55,0.4,0.47,0.45,0.16,0.59,0.17,0.95,0.15,0.16,0.3,0.22,0.25,4.5,0.18,0.41,12.38,0.26,0.88,0.17,0.26,0.88,0.94
2,0.79,0.55,0.4,0.47,0.45,0.16,0.59,0.17,0.95,0.15,0.16,0.3,0.22,0.25,4.5,0.18,0.41,12.38,0.26,0.88,0.17,0.26,0.88,0.94
2,0.79,0.55,0.4,0.47,0.45,0.16,0.59,0.17,0.95,0.15,0.16,0.3,0.22,0.25,4.5,0.18,0.41,12.38,0.26,0.88,0.17,0.26,0.88,0.94
2,0.79,0.55,0.4,0.47,0.45,0.16,0.59,0.17,0.95,0.15,0.16,0.3,0.22,0.25,4.5,0.18,0.41,12.38,0.26,0.88,0.17,0.26,0.88,0.94
2,0.79,0.55,0.4,0.47,0.45,0.16,0.59,0.17,0.95,0.15,0.16,0.3,0.22,0.25,4.5,0.18,0.41,12.38,0.26,0.88,0.17,0.26,0.88,0.94
2,0.79,0.55,0.4,0.47,0.45,0.16,0.59,0.17,0.95,0.15,0.16,0.3,0.22,0.25,4.5,0.18,0.41,12.38,0.26,0.88,0.17,0.26,0.88,0.94
2,0.79,0.55,0.4,0.47,0.45,0.16,0.59,0.17,0.95,0.15,0.16,0.3,0.22,0.25,4.5,0.18,0.41,12.38,0.26,0.88,0.17,0.26,0.88,0.94
2,0.79,0.55,0.4,0.47,0.45,0.16,0.59,0.17,0.95,0.15,0.16,0.3,0.22,0.25,4.5,0.18,0.41,12.38,0.26,0.88,0.17,0.26,0.88,0.94
2,0.79,0.55,0.4,0.47,0.45,0.16,0.59,0.17,0.95,0.15,0.16,0.3,0.22,0.25,4.5,0.18,0.41,12.38,0.26,0.88,0.17,0.26,0.88,0.94
2,0.05,0.56,0.03,0.83,0.69,0.13,0.67,0.19,0.92,0.06,-0.03,-2.35,0.16,0.14,8.03,0.12,0.71,13.92,0.36,0.81,0.11,0.28,0.75,0.93
2,0.05,0.56,0.03,0.83,0.69,0.13,0.67,0.19,0.92,0.06,-0.03,-2.35,0.16,0.14,8.03,0.12,0.71,13.92,0.36,0.81,0.11,0.28,0.75,0.93
2,0.05,0.56,0.03,0.83,0.69,0.13,0.67,0.19,0.92,0.06,-0.03,-2.35,0.16,0.14,8.03,0.12,0.71,13.92,0.36,0.81,0.11,0.28,0.75,0.93
2,0.05,0.56,0.03,0.83,0.69,0.13,0.67,0.19,0.92,0.06,-0.03,-2.35,0.16,0.14,8.03,0.12,0.71,13.92,0.36,0.81,0.11,0.28,0.75,0.93
2,0.05,0.56,0.03,0.83,0.69,0.13,0.67,0.19,0.92,0.06,-0.03,-2.35,0.16,0.14,8.03,0.12,0.71,13.92,0.36,0.81,0.11,0.28,0.75,0.93
2,0.05,0.56,0.03,0.83,0.69,0.13,0.67,0.19,0.92,0.06,-0.03,-2.35,0.16,0.14,8.03,0.12,0.71,13.92,0.36,0.81,0.11,0.28,0.75,0.93
2,0.05,0.56,0.03,0.83,0.69,0.13,0.67,0.19,0.92,0.06,-0.03,-2.35,0.16,0.14,8.03,0.12,0.71,13.92,0.36,0.81,0.11,0.28,0.75,0.93
2,0.05,0.56,0.03,0.83,0.69,0.13,0.67,0.19,0.92,0.06,-0.03,-2.35,0.16,0.14,8.03,0.12,0.71,13.92,0.36,0.81,0.11,0.28,0.75,0.93
2,0.05,0.56,0.03,0.83,0.69,0.13,0.67,0.19,0.92,0.06,-0.03,-2.35,0.16,0.14,8.03,0.12,0.71,13.92,0.36,0.81,0.11,0.28,0.75,0.93
2,0.05,0.56,0.03,0.83,0.69,0.13,0.67,0.19,0.92,0.06,-0.03,-2.35,0.16,0.14,8.03,0.12,0.71,13.92,0.36,0.81,0.11,0.28,0.75,0.93
2,0.05,0.56,0.03,0.83,0.69,0.13,0.67,0.19,0.92,0.06,-0.03,-2.35,0.16,0.14,8.03,0.12,0.71,13.92,0.36,0.81,0.11,0.28,0.75,0.93
2,0.05,0.56,0.03,0.83,0.69,0.13,0.67,0.19,0.92,0.06,-0.03,-2.35,0.16,0.14,8.03,0.12,0.71,13.92,0.36,0.81,0.11,0.28,0.75,0.93
2,0.07,0.61,0.06,0.8,0.63,0.13,0.67,0.28,0.91,0.11,-1.31,-3.62,0.14,0.15,19.09,0.11,0.61,27.49,0.36,0.71,0.17,0.34,0.69,0.84
2,0.07,0.61,0.06,0.8,0.63,0.13,0.67,0.28,0.91,0.11,-1.31,-3.62,0.14,0.15,19.09,0.11,0.61,27.49,0.36,0.71,0.17,0.34,0.69,0.84
2,0.07,0.61,0.06,0.8,0.63,0.13,0.67,0.28,0.91,0.11,-1.31,-3.62,0.14,0.15,19.09,0.11,0.61,27.49,0.36,0.71,0.17,0.34,0.69,0.84
2,0.07,0.61,0.06,0.8,0.63,0.13,0.67,0.28,0.91,0.11,-1.31,-3.62,0.14,0.15,19.09,0.11,0.61,27.49,0.36,0.71,0.17,0.34,0.69,0.84
2,0.07,0.61,0.06,0.8,0.63,0.13,0.67,0.28,0.91,0.11,-1.31,-3.62,0.14,0.15,19.09,0.11,0.61,27.49,0.36,0.71,0.17,0.34,0.69,0.84
2,0.07,0.61,0.06,0.8,0.63,0.13,0.67,0.28,0.91,0.11,-1.31,-3.62,0.14,0.15,19.09,0.11,0.61,27.49,0.36,0.71,0.17,0.34,0.69,0.84
2,0.07,0.61,0.06,0.8,0.63,0.13,0.67,0.28,0.91,0.11,-1.31,-3.62,0.14,0.15,19.09,0.11,0.61,27.49,0.36,0.71,0.17,0.34,0.69,0.84
2,0.07,0.61,0.06,0.8,0.63,0.13,0.67,0.28,0.91,0.11,-1.31,-3.62,0.14,0.15,19.09,0.11,0.61,27.49,0.36,0.71,0.17,0.34,0.69,0.84
2,0.07,0.61,0.06,0.8,0.63,0.13,0.67,0.28,0.91,0.11,-1.31,-3.62,0.14,0.15,19.09,0.11,0.61,27.49,0.36,0.71,0.17,0.34,0.69,0.84
2,0.07,0.61,0.06,0.8,0.63,0.13,0.67,0.28,0.91,0.11,-1.31,-3.62,0.14,0.15,19.09,0.11,0.61,27.49,0.36,0.71,0.17,0.34,0.69,0.84
2,0.07,0.61,0.06,0.8,0.63,0.13,0.67,0.28,0.91,0.11,-1.31,-3.62,0.14,0.15,19.09,0.11,0.61,27.49,0.36,0.71,0.17,0.34,0.69,0.84
2,0.07,0.61,0.06,0.8,0.63,0.13,0.67,0.28,0.91,0.11,-1.31,-3.62,0.14,0.15,19.09,0.11,0.61,27.49,0.36,0.71,0.17,0.34,0.69,0.84
2,0.05,0.49,0.04,0.57,0.63,0.1,0.48,0.13,0.96,0.09,0.09,1.09,0.21,0.2,4.45,0.14,0.44,4.33,0.33,0.58,0.09,0.3,0.53,0.71
2,0.05,0.49,0.04,0.57,0.63,0.1,0.48,0.13,0.96,0.09,0.09,1.09,0.21,0.2,4.45,0.14,0.44,4.33,0.33,0.58,0.09,0.3,0.53,0.71
2,0.05,0.49,0.04,0.57,0.63,0.1,0.48,0.13,0.96,0.09,0.09,1.09,0.21,0.2,4.45,0.14,0.44,4.33,0.33,0.58,0.09,0.3,0.53,0.71
2,0.05,0.49,0.04,0.57,0.63,0.1,0.48,0.13,0.96,0.09,0.09,1.09,0.21,0.2,4.45,0.14,0.44,4.33,0.33,0.58,0.09,0.3,0.53,0.71
2,0.05,0.49,0.04,0.57,0.63,0.1,0.48,0.13,0.96,0.09,0.09,1.09,0.21,0.2,4.45,0.14,0.44,4.33,0.33,0.58,0.09,0.3,0.53,0.71
2,0.05,0.49,0.04,0.57,0.63,0.1,0.48,0.13,0.96,0.09,0.09,1.09,0.21,0.2,4.45,0.14,0.44,4.33,0.33,0.58,0.09,0.3,0.53,0.71
2,0.05,0.49,0.04,0.57,0.63,0.1,0.48,0.13,0.96,0.09,0.09,1.09,0.21,0.2,4.45,0.14,0.44,4.33,0.33,0.58,0.09,0.3,0.53,0.71
2,0.05,0.49,0.04,0.57,0.63,0.1,0.48,0.13,0.96,0.09,0.09,1.09,0.21,0.2,4.45,0.14,0.44,4.33,0.33,0.58,0.09,0.3,0.53,0.71
2,0.05,0.49,0.04,0.57,0.63,0.1,0.48,0.13,0.96,0.09,0.09,1.09,0.21,0.2,4.45,0.14,0.44,4.33,0.33,0.58,0.09,0.3,0.53,0.71
2,0.05,0.49,0.04,0.57,0.63,0.1,0.48,0.13,0.96,0.09,0.09,1.09,0.21,0.2,4.45,0.14,0.44,4.33,0.33,0.58,0.09,0.3,0.53,0.71
2,0.05,0.49,0.04,0.57,0.63,0.1,0.48,0.13,0.96,0.09,0.09,1.09,0.21,0.2,4.45,0.14,0.44,4.33,0.33,0.58,0.09,0.3,0.53,0.71
2,0.05,0.49,0.04,0.57,0.63,0.1,0.48,0.13,0.96,0.09,0.09,1.09,0.21,0.2,4.45,0.14,0.44,4.33,0.33,0.58,0.09,0.3,0.53,0.71
2,0.05,0.5,0.04,0.52,0.61,0.12,0.71,0.07,0.98,0.08,0.09,0.95,0.21,0.19,1.35,0.12,0.5,2.93,0.35,0.74,0.09,0.32,0.7,0.82
2,0.05,0.5,0.04,0.52,0.61,0.12,0.71,0.07,0.98,0.08,0.09,0.95,0.21,0.19,1.35,0.12,0.5,2.93,0.35,0.74,0.09,0.32,0.7,0.82
2,0.05,0.5,0.04,0.52,0.61,0.12,0.71,0.07,0.98,0.08,0.09,0.95,0.21,0.19,1.35,0.12,0.5,2.93,0.35,0.74,0.09,0.32,0.7,0.82
2,0.05,0.5,0.04,0.52,0.61,0.12,0.71,0.07,0.98,0.08,0.09,0.95,0.21,0.19,1.35,0.12,0.5,2.93,0.35,0.74,0.09,0.32,0.7,0.82
2,0.05,0.5,0.04,0.52,0.61,0.12,0.71,0.07,0.98,0.08,0.09,0.95,0.21,0.19,1.35,0.12,0.5,2.93,0.35,0.74,0.09,0.32,0.7,0.82
2,0.05,0.5,0.04,0.52,0.61,0.12,0.71,0.07,0.98,0.08,0.09,0.95,0.21,0.19,1.35,0.12,0.5,2.93,0.35,0.74,0.09,0.32,0.7,0.82
2,0.05,0.5,0.04,0.52,0.61,0.12,0.71,0.07,0.98,0.08,0.09,0.95,0.21,0.19,1.35,0.12,0.5,2.93,0.35,0.74,0.09,0.32,0.7,0.82
2,0.05,0.5,0.04,0.52,0.61,0.12,0.71,0.07,0.98,0.08,0.09,0.95,0.21,0.19,1.35,0.12,0.5,2.93,0.35,0.74,0.09,0.32,0.7,0.82
2,0.05,0.5,0.04,0.52,0.61,0.12,0.71,0.07,0.98,0.08,0.09,0.95,0.21,0.19,1.35,0.12,0.5,2.93,0.35,0.74,0.09,0.32,0.7,0.82
2,0.05,0.5,0.04,0.52,0.61,0.12,0.71,0.07,0.98,0.08,0.09,0.95,0.21,0.19,1.35,0.12,0.5,2.93,0.35,0.74,0.09,0.32,0.7,0.82
2,0.05,0.5,0.04,0.52,0.61,0.12,0.71,0.07,0.98,0.08,0.09,0.95,0.21,0.19,1.35,0.12,0.5,2.93,0.35,0.74,0.09,0.32,0.7,0.82
2,0.05,0.5,0.04,0.52,0.61,0.12,0.71,0.07,0.98,0.08,0.09,0.95,0.21,0.19,1.35,0.12,0.5,2.93,0.35,0.74,0.09,0.32,0.7,0.82
2,0.05,0.53,0.1,0.54,0.64,0.09,0.93,0.05,0.98,0.14,-1.52,-0.85,0.19,0.18,11.18,0.14,0.47,1.56,0.23,0.92,0.14,0.22,0.91,0.94
2,0.05,0.53,0.1,0.54,0.64,0.09,0.93,0.05,0.98,0.14,-1.52,-0.85,0.19,0.18,11.18,0.14,0.47,1.56,0.23,0.92,0.14,0.22,0.91,0.94
2,0.05,0.53,0.1,0.54,0.64,0.09,0.93,0.05,0.98,0.14,-1.52,-0.85,0.19,0.18,11.18,0.14,0.47,1.56,0.23,0.92,0.14,0.22,0.91,0.94
2,0.05,0.53,0.1,0.54,0.64,0.09,0.93,0.05,0.98,0.14,-1.52,-0.85,0.19,0.18,11.18,0.14,0.47,1.56,0.23,0.92,0.14,0.22,0.91,0.94
2,0.05,0.53,0.1,0.54,0.64,0.09,0.93,0.05,0.98,0.14,-1.52,-0.85,0.19,0.18,11.18,0.14,0.47,1.56,0.23,0.92,0.14,0.22,0.91,0.94
2,0.05,0.53,0.1,0.54,0.64,0.09,0.93,0.05,0.98,0.14,-1.52,-0.85,0.19,0.18,11.18,0.14,0.47,1.56,0.23,0.92,0.14,0.22,0.91,0.94
2,0.05,0.53,0.1,0.54,0.64,0.09,0.93,0.05,0.98,0.14,-1.52,-0.85,0.19,0.18,11.18,0.14,0.47,1.56,0.23,0.92,0.14,0.22,0.91,0.94
2,0.05,0.53,0.1,0.54,0.64,0.09,0.93,0.05,0.98,0.14,-1.52,-0.85,0.19,0.18,11.18,0.14,0.47,1.56,0.23,0.92,0.14,0.22,0.91,0.94
2,0.05,0.53,0.1,0.54,0.64,0.09,0.93,0.05,0.98,0.14,-1.52,-0.85,0.19,0.18,11.18,0.14,0.47,1.56,0.23,0.92,0.14,0.22,0.91,0.94
2,0.05,0.53,0.1,0.54,0.64,0.09,0.93,0.05,0.98,0.14,-1.52,-0.85,0.19,0.18,11.18,0.14,0.47,1.56,0.23,0.92,0.14,0.22,0.91,0.94
2,0.05,0.53,0.1,0.54,0.64,0.09,0.93,0.05,0.98,0.14,-1.52,-0.85,0.19,0.18,11.18,0.14,0.47,1.56,0.23,0.92,0.14,0.22,0.91,0.94
2,0.05,0.53,0.1,0.54,0.64,0.09,0.93,0.05,0.98,0.14,-1.52,-0.85,0.19,0.18,11.18,0.14,0.47,1.56,0.23,0.92,0.14,0.22,0.91,0.94
2,0.03,0.47,0.02,0.63,0.65,0.11,0.85,0.04,0.98,0.07,0.47,0.36,0.11,0.08,7.85,0.09,0.65,5.0,0.31,0.84,0.09,0.28,0.81,0.95
2,0.03,0.47,0.02,0.63,0.65,0.11,0.85,0.04,0.98,0.07,0.47,0.36,0.11,0.08,7.85,0.09,0.65,5.0,0.31,0.84,0.09,0.28,0.81,0.95
2,0.03,0.47,0.02,0.63,0.65,0.11,0.85,0.04,0.98,0.07,0.47,0.36,0.11,0.08,7.85,0.09,0.65,5.0,0.31,0.84,0.09,0.28,0.81,0.95
2,0.03,0.47,0.02,0.63,0.65,0.11,0.85,0.04,0.98,0.07,0.47,0.36,0.11,0.08,7.85,0.09,0.65,5.0,0.31,0.84,0.09,0.28,0.81,0.95
2,0.03,0.47,0.02,0.63,0.65,0.11,0.85,0.04,0.98,0.07,0.47,0.36,0.11,0.08,7.85,0.09,0.65,5.0,0.31,0.84,0.09,0.28,0.81,0.95
2,0.03,0.47,0.02,0.63,0.65,0.11,0.85,0.04,0.98,0.07,0.47,0.36,0.11,0.08,7.85,0.09,0.65,5.0,0.31,0.84,0.09,0.28,0.81,0.95
2,0.03,0.47,0.02,0.63,0.65,0.11,0.85,0.04,0.98,0.07,0.47,0.36,0.11,0.08,7.85,0.09,0.65,5.0,0.31,0.84,0.09,0.28,0.81,0.95
2,0.03,0.47,0.02,0.63,0.65,0.11,0.85,0.04,0.98,0.07,0.47,0.36,0.11,0.08,7.85,0.09,0.65,5.0,0.31,0.84,0.09,0.28,0.81,0.95
2,0.03,0.47,0.02,0.63,0.65,0.11,0.85,0.04,0.98,0.07,0.47,0.36,0.11,0.08,7.85,0.09,0.65,5.0,0.31,0.84,0.09,0.28,0.81,0.95
2,0.03,0.47,0.02,0.63,0.65,0.11,0.85,0.04,0.98,0.07,0.47,0.36,0.11,0.08,7.85,0.09,0.65,5.0,0.31,0.84,0.09,0.28,0.81,0.95
2,0.03,0.47,0.02,0.63,0.65,0.11,0.85,0.04,0.98,0.07,0.47,0.36,0.11,0.08,7.85,0.09,0.65,5.0,0.31,0.84,0.09,0.28,0.81,0.95
2,0.03,0.47,0.02,0.63,0.65,0.11,0.85,0.04,0.98,0.07,0.47,0.36,0.11,0.08,7.85,0.09,0.65,5.0,0.31,0.84,0.09,0.28,0.81,0.95
2,0.08,0.59,0.17,0.59,0.62,0.21,0.71,0.29,0.89,0.2,-0.84,-0.04,0.2,0.19,2.35,0.24,0.53,7.97,0.26,0.91,0.15,0.23,0.9,0.94
2,0.08,0.59,0.17,0.59,0.62,0.21,0.71,0.29,0.89,0.2,-0.84,-0.04,0.2,0.19,2.35,0.24,0.53,7.97,0.26,0.91,0.15,0.23,0.9,0.94
2,0.08,0.59,0.17,0.59,0.62,0.21,0.71,0.29,0.89,0.2,-0.84,-0.04,0.2,0.19,2.35,0.24,0.53,7.97,0.26,0.91,0.15,0.23,0.9,0.94
2,0.08,0.59,0.17,0.59,0.62,0.21,0.71,0.29,0.89,0.2,-0.84,-0.04,0.2,0.19,2.35,0.24,0.53,7.97,0.26,0.91,0.15,0.23,0.9,0.94
2,0.08,0.59,0.17,0.59,0.62,0.21,0.71,0.29,0.89,0.2,-0.84,-0.04,0.2,0.19,2.35,0.24,0.53,7.97,0.26,0.91,0.15,0.23,0.9,0.94
2,0.08,0.59,0.17,0.59,0.62,0.21,0.71,0.29,0.89,0.2,-0.84,-0.04,0.2,0.19,2.35,0.24,0.53,7.97,0.26,0.91,0.15,0.23,0.9,0.94
2,0.08,0.59,0.17,0.59,0.62,0.21,0.71,0.29,0.89,0.2,-0.84,-0.04,0.2,0.19,2.35,0.24,0.53,7.97,0.26,0.91,0.15,0.23,0.9,0.94
2,0.08,0.59,0.17,0.59,0.62,0.21,0.71,0.29,0.89,0.2,-0.84,-0.04,0.2,0.19,2.35,0.24,0.53,7.97,0.26,0.91,0.15,0.23,0.9,0.94
2,0.08,0.59,0.17,0.59,0.62,0.21,0.71,0.29,0.89,0.2,-0.84,-0.04,0.2,0.19,2.35,0.24,0.53,7.97,0.26,0.91,0.15,0.23,0.9,0.94
2,0.08,0.59,0.17,0.59,0.62,0.21,0.71,0.29,0.89,0.2,-0.84,-0.04,0.2,0.19,2.35,0.24,0.53,7.97,0.26,0.91,0.15,0.23,0.9,0.94
2,0.08,0.59,0.17,0.59,0.62,0.21,0.71,0.29,0.89,0.2,-0.84,-0.04,0.2,0.19,2.35,0.24,0.53,7.97,0.26,0.91,0.15,0.23,0.9,0.94
2,0.08,0.59,0.17,0.59,0.62,0.21,0.71,0.29,0.89,0.2,-0.84,-0.04,0.2,0.19,2.35,0.24,0.53,7.97,0.26,0.91,0.15,0.23,0.9,0.94
2,0.04,0.38,0.13,0.27,0.46,0.18,0.69,0.17,0.91,0.22,0.16,1.71,0.15,0.16,0.24,0.19,0.3,11.7,0.29,0.81,0.13,0.33,0.83,0.88
2,0.04,0.38,0.13,0.27,0.46,0.18,0.69,0.17,0.91,0.22,0.16,1.71,0.15,0.16,0.24,0.19,0.3,11.7,0.29,0.81,0.13,0.33,0.83,0.88
2,0.04,0.38,0.13,0.27,0.46,0.18,0.69,0.17,0.91,0.22,0.16,1.71,0.15,0.16,0.24,0.19,0.3,11.7,0.29,0.81,0.13,0.33,0.83,0.88
2,0.04,0.38,0.13,0.27,0.46,0.18,0.69,0.17,0.91,0.22,0.16,1.71,0.15,0.16,0.24,0.19,0.3,11.7,0.29,0.81,0.13,0.33,0.83,0.88
2,0.04,0.38,0.13,0.27,0.46,0.18,0.69,0.17,0.91,0.22,0.16,1.71,0.15,0.16,0.24,0.19,0.3,11.7,0.29,0.81,0.13,0.33,0.83,0.88
2,0.04,0.38,0.13,0.27,0.46,0.18,0.69,0.17,0.91,0.22,0.16,1.71,0.15,0.16,0.24,0.19,0.3,11.7,0.29,0.81,0.13,0.33,0.83,0.88
2,0.04,0.38,0.13,0.27,0.46,0.18,0.69,0.17,0.91,0.22,0.16,1.71,0.15,0.16,0.24,0.19,0.3,11.7,0.29,0.81,0.13,0.33,0.83,0.88
2,0.04,0.38,0.13,0.27,0.46,0.18,0.69,0.17,0.91,0.22,0.16,1.71,0.15,0.16,0.24,0.19,0.3,11.7,0.29,0.81,0.13,0.33,0.83,0.88
2,0.04,0.38,0.13,0.27,0.46,0.18,0.69,0.17,0.91,0.22,0.16,1.71,0.15,0.16,0.24,0.19,0.3,11.7,0.29,0.81,0.13,0.33,0.83,0.88
2,0.04,0.38,0.13,0.27,0.46,0.18,0.69,0.17,0.91,0.22,0.16,1.71,0.15,0.16,0.24,0.19,0.3,11.7,0.29,0.81,0.13,0.33,0.83,0.88
2,0.04,0.38,0.13,0.27,0.46,0.18,0.69,0.17,0.91,0.22,0.16,1.71,0.15,0.16,0.24,0.19,0.3,11.7,0.29,0.81,0.13,0.33,0.83,0.88
2,0.04,0.38,0.13,0.27,0.46,0.18,0.69,0.17,0.91,0.22,0.16,1.71,0.15,0.16,0.24,0.19,0.3,11.7,0.29,0.81,0.13,0.33,0.83,0.88
2,0.1,0.54,0.27,0.59,0.5,0.15,0.75,0.11,0.95,0.11,0.42,-0.16,0.18,0.16,2.98,0.12,0.32,1.25,0.29,0.81,0.11,0.28,0.81,0.89
2,0.1,0.54,0.27,0.59,0.5,0.15,0.75,0.11,0.95,0.11,0.42,-0.16,0.18,0.16,2.98,0.12,0.32,1.25,0.29,0.81,0.11,0.28,0.81,0.89
2,0.1,0.54,0.27,0.59,0.5,0.15,0.75,0.11,0.95,0.11,0.42,-0.16,0.18,0.16,2.98,0.12,0.32,1.25,0.29,0.81,0.11,0.28,0.81,0.89
2,0.1,0.54,0.27,0.59,0.5,0.15,0.75,0.11,0.95,0.11,0.42,-0.16,0.18,0.16,2.98,0.12,0.32,1.25,0.29,0.81,0.11,0.28,0.81,0.89
2,0.1,0.54,0.27,0.59,0.5,0.15,0.75,0.11,0.95,0.11,0.42,-0.16,0.18,0.16,2.98,0.12,0.32,1.25,0.29,0.81,0.11,0.28,0.81,0.89
2,0.1,0.54,0.27,0.59,0.5,0.15,0.75,0.11,0.95,0.11,0.42,-0.16,0.18,0.16,2.98,0.12,0.32,1.25,0.29,0.81,0.11,0.28,0.81,0.89
2,0.1,0.54,0.27,0.59,0.5,0.15,0.75,0.11,0.95,0.11,0.42,-0.16,0.18,0.16,2.98,0.12,0.32,1.25,0.29,0.81,0.11,0.28,0.81,0.89
2,0.1,0.54,0.27,0.59,0.5,0.15,0.75,0.11,0.95,0.11,0.42,-0.16,0.18,0.16,2.98,0.12,0.32,1.25,0.29,0.81,0.11,0.28,0.81,0.89
2,0.1,0.54,0.27,0.59,0.5,0.15,0.75,0.11,0.95,0.11,0.42,-0.16,0.18,0.16,2.98,0.12,0.32,1.25,0.29,0.81,0.11,0.28,0.81,0.89
2,0.1,0.54,0.27,0.59,0.5,0.15,0.75,0.11,0.95,0.11,0.42,-0.16,0.18,0.16,2.98,0.12,0.32,1.25,0.29,0.81,0.11,0.28,0.81,0.89
2,0.1,0.54,0.27,0.59,0.5,0.15,0.75,0.11,0.95,0.11,0.42,-0.16,0.18,0.16,2.98,0.12,0.32,1.25,0.29,0.81,0.11,0.28,0.81,0.89
2,0.1,0.54,0.27,0.59,0.5,0.15,0.75,0.11,0.95,0.11,0.42,-0.16,0.18,0.16,2.98,0.12,0.32,1.25,0.29,0.81,0.11,0.28,0.81,0.89
2,0.91,0.4,0.28,0.52,0.52,0.08,0.56,0.05,0.98,0.12,-0.44,0.1,0.13,0.13,2.15,0.16,0.52,2.55,0.39,0.56,0.15,0.4,0.57,0.8
2,0.91,0.4,0.28,0.52,0.52,0.08,0.56,0.05,0.98,0.12,-0.44,0.1,0.13,0.13,2.15,0.16,0.52,2.55,0.39,0.56,0.15,0.4,0.57,0.8
2,0.91,0.4,0.28,0.52,0.52,0.08,0.56,0.05,0.98,0.12,-0.44,0.1,0.13,0.13,2.15,0.16,0.52,2.55,0.39,0.56,0.15,0.4,0.57,0.8
2,0.91,0.4,0.28,0.52,0.52,0.08,0.56,0.05,0.98,0.12,-0.44,0.1,0.13,0.13,2.15,0.16,0.52,2.55,0.39,0.56,0.15,0.4,0.57,0.8
2,0.91,0.4,0.28,0.52,0.52,0.08,0.56,0.05,0.98,0.12,-0.44,0.1,0.13,0.13,2.15,0.16,0.52,2.55,0.39,0.56,0.15,0.4,0.57,0.8
2,0.91,0.4,0.28,0.52,0.52,0.08,0.56,0.05,0.98,0.12,-0.44,0.1,0.13,0.13,2.15,0.16,0.52,2.55,0.39,0.56,0.15,0.4,0.57,0.8
2,0.91,0.4,0.28,0.52,0.52,0.08,0.56,0.05,0.98,0.12,-0.44,0.1,0.13,0.13,2.15,0.16,0.52,2.55,0.39,0.56,0.15,0.4,0.57,0.8
2,0.91,0.4,0.28,0.52,0.52,0.08,0.56,0.05,0.98,0.12,-0.44,0.1,0.13,0.13,2.15,0.16,0.52,2.55,0.39,0.56,0.15,0.4,0.57,0.8
2,0.91,0.4,0.28,0.52,0.52,0.08,0.56,0.05,0.98,0.12,-0.44,0.1,0.13,0.13,2.15,0.16,0.52,2.55,0.39,0.56,0.15,0.4,0.57,0.8
2,0.91,0.4,0.28,0.52,0.52,0.08,0.56,0.05,0.98,0.12,-0.44,0.1,0.13,0.13,2.15,0.16,0.52,2.55,0.39,0.56,0.15,0.4,0.57,0.8
2,0.91,0.4,0.28,0.52,0.52,0.08,0.56,0.05,0.98,0.12,-0.44,0.1,0.13,0.13,2.15,0.16,0.52,2.55,0.39,0.56,0.15,0.4,0.57,0.8
2,0.91,0.4,0.28,0.52,0.52,0.08,0.56,0.05,0.98,0.12,-0.44,0.1,0.13,0.13,2.15,0.16,0.52,2.55,0.39,0.56,0.15,0.4,0.57,0.8
2,0.88,0.35,0.31,0.52,0.54,0.09,0.53,0.19,0.95,0.14,-0.57,0.0,0.15,0.14,2.91,0.18,0.51,2.88,0.36,0.78,0.17,0.37,0.79,0.89
2,0.88,0.35,0.31,0.52,0.54,0.09,0.53,0.19,0.95,0.14,-0.57,0.0,0.15,0.14,2.91,0.18,0.51,2.88,0.36,0.78,0.17,0.37,0.79,0.89
2,0.88,0.35,0.31,0.52,0.54,0.09,0.53,0.19,0.95,0.14,-0.57,0.0,0.15,0.14,2.91,0.18,0.51,2.88,0.36,0.78,0.17,0.37,0.79,0.89
2,0.88,0.35,0.31,0.52,0.54,0.09,0.53,0.19,0.95,0.14,-0.57,0.0,0.15,0.14,2.91,0.18,0.51,2.88,0.36,0.78,0.17,0.37,0.79,0.89
2,0.88,0.35,0.31,0.52,0.54,0.09,0.53,0.19,0.95,0.14,-0.57,0.0,0.15,0.14,2.91,0.18,0.51,2.88,0.36,0.78,0.17,0.37,0.79,0.89
2,0.88,0.35,0.31,0.52,0.54,0.09,0.53,0.19,0.95,0.14,-0.57,0.0,0.15,0.14,2.91,0.18,0.51,2.88,0.36,0.78,0.17,0.37,0.79,0.89
2,0.88,0.35,0.31,0.52,0.54,0.09,0.53,0.19,0.95,0.14,-0.57,0.0,0.15,0.14,2.91,0.18,0.51,2.88,0.36,0.78,0.17,0.37,0.79,0.89
2,0.88,0.35,0.31,0.52,0.54,0.09,0.53,0.19,0.95,0.14,-0.57,0.0,0.15,0.14,2.91,0.18,0.51,2.88,0.36,0.78,0.17,0.37,0.79,0.89
2,0.88,0.35,0.31,0.52,0.54,0.09,0.53,0.19,0.95,0.14,-0.57,0.0,0.15,0.14,2.91,0.18,0.51,2.88,0.36,0.78,0.17,0.37,0.79,0.89
2,0.88,0.35,0.31,0.52,0.54,0.09,0.53,0.19,0.95,0.14,-0.57,0.0,0.15,0.14,2.91,0.18,0.51,2.88,0.36,0.78,0.17,0.37,0.79,0.89
2,0.88,0.35,0.31,0.52,0.54,0.09,0.53,0.19,0.95,0.14,-0.57,0.0,0.15,0.14,2.91,0.18,0.51,2.88,0.36,0.78,0.17,0.37,0.79,0.89
2,0.88,0.35,0.31,0.52,0.54,0.09,0.53,0.19,0.95,0.14,-0.57,0.0,0.15,0.14,2.91,0.18,0.51,2.88,0.36,0.78,0.17,0.37,0.79,0.89
2,0.15,0.48,0.3,0.54,0.54,0.17,0.84,0.15,0.94,0.14,-0.41,-0.19,0.22,0.2,5.48,0.13,0.44,3.8,0.26,0.89,0.14,0.25,0.88,0.92
2,0.15,0.48,0.3,0.54,0.54,0.17,0.84,0.15,0.94,0.14,-0.41,-0.19,0.22,0.2,5.48,0.13,0.44,3.8,0.26,0.89,0.14,0.25,0.88,0.92
2,0.15,0.48,0.3,0.54,0.54,0.17,0.84,0.15,0.94,0.14,-0.41,-0.19,0.22,0.2,5.48,0.13,0.44,3.8,0.26,0.89,0.14,0.25,0.88,0.92
2,0.15,0.48,0.3,0.54,0.54,0.17,0.84,0.15,0.94,0.14,-0.41,-0.19,0.22,0.2,5.48,0.13,0.44,3.8,0.26,0.89,0.14,0.25,0.88,0.92
2,0.15,0.48,0.3,0.54,0.54,0.17,0.84,0.15,0.94,0.14,-0.41,-0.19,0.22,0.2,5.48,0.13,0.44,3.8,0.26,0.89,0.14,0.25,0.88,0.92
2,0.15,0.48,0.3,0.54,0.54,0.17,0.84,0.15,0.94,0.14,-0.41,-0.19,0.22,0.2,5.48,0.13,0.44,3.8,0.26,0.89,0.14,0.25,0.88,0.92
2,0.15,0.48,0.3,0.54,0.54,0.17,0.84,0.15,0.94,0.14,-0.41,-0.19,0.22,0.2,5.48,0.13,0.44,3.8,0.26,0.89,0.14,0.25,0.88,0.92
2,0.15,0.48,0.3,0.54,0.54,0.17,0.84,0.15,0.94,0.14,-0.41,-0.19,0.22,0.2,5.48,0.13,0.44,3.8,0.26,0.89,0.14,0.25,0.88,0.92
2,0.15,0.48,0.3,0.54,0.54,0.17,0.84,0.15,0.94,0.14,-0.41,-0.19,0.22,0.2,5.48,0.13,0.44,3.8,0.26,0.89,0.14,0.25,0.88,0.92
2,0.15,0.48,0.3,0.54,0.54,0.17,0.84,0.15,0.94,0.14,-0.41,-0.19,0.22,0.2,5.48,0.13,0.44,3.8,0.26,0.89,0.14,0.25,0.88,0.92
2,0.15,0.48,0.3,0.54,0.54,0.17,0.84,0.15,0.94,0.14,-0.41,-0.19,0.22,0.2,5.48,0.13,0.44,3.8,0.26,0.89,0.14,0.25,0.88,0.92
2,0.15,0.48,0.3,0.54,0.54,0.17,0.84,0.15,0.94,0.14,-0.41,-0.19,0.22,0.2,5.48,0.13,0.44,3.8,0.26,0.89,0.14,0.25,0.88,0.92
2,0.53,0.5,0.18,0.38,0.35,0.17,0.71,0.16,0.92,0.15,0.56,0.53,0.18,0.18,2.07,0.15,0.28,1.04,0.28,0.87,0.18,0.26,0.86,0.92
2,0.53,0.5,0.18,0.38,0.35,0.17,0.71,0.16,0.92,0.15,0.56,0.53,0.18,0.18,2.07,0.15,0.28,1.04,0.28,0.87,0.18,0.26,0.86,0.92
2,0.53,0.5,0.18,0.38,0.35,0.17,0.71,0.16,0.92,0.15,0.56,0.53,0.18,0.18,2.07,0.15,0.28,1.04,0.28,0.87,0.18,0.26,0.86,0.92
2,0.53,0.5,0.18,0.38,0.35,0.17,0.71,0.16,0.92,0.15,0.56,0.53,0.18,0.18,2.07,0.15,0.28,1.04,0.28,0.87,0.18,0.26,0.86,0.92
2,0.53,0.5,0.18,0.38,0.35,0.17,0.71,0.16,0.92,0.15,0.56,0.53,0.18,0.18,2.07,0.15,0.28,1.04,0.28,0.87,0.18,0.26,0.86,0.92
2,0.53,0.5,0.18,0.38,0.35,0.17,0.71,0.16,0.92,0.15,0.56,0.53,0.18,0.18,2.07,0.15,0.28,1.04,0.28,0.87,0.18,0.26,0.86,0.92
2,0.53,0.5,0.18,0.38,0.35,0.17,0.71,0.16,0.92,0.15,0.56,0.53,0.18,0.18,2.07,0.15,0.28,1.04,0.28,0.87,0.18,0.26,0.86,0.92
2,0.53,0.5,0.18,0.38,0.35,0.17,0.71,0.16,0.92,0.15,0.56,0.53,0.18,0.18,2.07,0.15,0.28,1.04,0.28,0.87,0.18,0.26,0.86,0.92
2,0.53,0.5,0.18,0.38,0.35,0.17,0.71,0.16,0.92,0.15,0.56,0.53,0.18,0.18,2.07,0.15,0.28,1.04,0.28,0.87,0.18,0.26,0.86,0.92
2,0.53,0.5,0.18,0.38,0.35,0.17,0.71,0.16,0.92,0.15,0.56,0.53,0.18,0.18,2.07,0.15,0.28,1.04,0.28,0.87,0.18,0.26,0.86,0.92
2,0.53,0.5,0.18,0.38,0.35,0.17,0.71,0.16,0.92,0.15,0.56,0.53,0.18,0.18,2.07,0.15,0.28,1.04,0.28,0.87,0.18,0.26,0.86,0.92
2,0.53,0.5,0.18,0.38,0.35,0.17,0.71,0.16,0.92,0.15,0.56,0.53,0.18,0.18,2.07,0.15,0.28,1.04,0.28,0.87,0.18,0.26,0.86,0.92
2,0.09,0.3,0.09,0.33,0.59,0.14,0.79,0.15,0.95,0.15,0.22,1.11,0.17,0.16,1.88,0.17,0.38,37.01,0.29,0.86,0.1,0.25,0.83,0.88
2,0.09,0.3,0.09,0.33,0.59,0.14,0.79,0.15,0.95,0.15,0.22,1.11,0.17,0.16,1.88,0.17,0.38,37.01,0.29,0.86,0.1,0.25,0.83,0.88
2,0.09,0.3,0.09,0.33,0.59,0.14,0.79,0.15,0.95,0.15,0.22,1.11,0.17,0.16,1.88,0.17,0.38,37.01,0.29,0.86,0.1,0.25,0.83,0.88
2,0.09,0.3,0.09,0.33,0.59,0.14,0.79,0.15,0.95,0.15,0.22,1.11,0.17,0.16,1.88,0.17,0.38,37.01,0.29,0.86,0.1,0.25,0.83,0.88
2,0.09,0.3,0.09,0.33,0.59,0.14,0.79,0.15,0.95,0.15,0.22,1.11,0.17,0.16,1.88,0.17,0.38,37.01,0.29,0.86,0.1,0.25,0.83,0.88
2,0.09,0.3,0.09,0.33,0.59,0.14,0.79,0.15,0.95,0.15,0.22,1.11,0.17,0.16,1.88,0.17,0.38,37.01,0.29,0.86,0.1,0.25,0.83,0.88
2,0.09,0.3,0.09,0.33,0.59,0.14,0.79,0.15,0.95,0.15,0.22,1.11,0.17,0.16,1.88,0.17,0.38,37.01,0.29,0.86,0.1,0.25,0.83,0.88
2,0.09,0.3,0.09,0.33,0.59,0.14,0.79,0.15,0.95,0.15,0.22,1.11,0.17,0.16,1.88,0.17,0.38,37.01,0.29,0.86,0.1,0.25,0.83,0.88
2,0.09,0.3,0.09,0.33,0.59,0.14,0.79,0.15,0.95,0.15,0.22,1.11,0.17,0.16,1.88,0.17,0.38,37.01,0.29,0.86,0.1,0.25,0.83,0.88
2,0.09,0.3,0.09,0.33,0.59,0.14,0.79,0.15,0.95,0.15,0.22,1.11,0.17,0.16,1.88,0.17,0.38,37.01,0.29,0.86,0.1,0.25,0.83,0.88
2,0.09,0.3,0.09,0.33,0.59,0.14,0.79,0.15,0.95,0.15,0.22,1.11,0.17,0.16,1.88,0.17,0.38,37.01,0.29,0.86,0.1,0.25,0.83,0.88
2,0.09,0.3,0.09,0.33,0.59,0.14,0.79,0.15,0.95,0.15,0.22,1.11,0.17,0.16,1.88,0.17,0.38,37.01,0.29,0.86,0.1,0.25,0.83,0.88
2,0.06,0.44,0.06,0.54,0.52,0.17,0.43,0.22,0.89,0.14,0.04,0.54,0.15,0.15,1.97,0.11,0.37,3.54,0.31,0.72,0.16,0.29,0.7,0.79
2,0.06,0.44,0.06,0.54,0.52,0.17,0.43,0.22,0.89,0.14,0.04,0.54,0.15,0.15,1.97,0.11,0.37,3.54,0.31,0.72,0.16,0.29,0.7,0.79
2,0.06,0.44,0.06,0.54,0.52,0.17,0.43,0.22,0.89,0.14,0.04,0.54,0.15,0.15,1.97,0.11,0.37,3.54,0.31,0.72,0.16,0.29,0.7,0.79
2,0.06,0.44,0.06,0.54,0.52,0.17,0.43,0.22,0.89,0.14,0.04,0.54,0.15,0.15,1.97,0.11,0.37,3.54,0.31,0.72,0.16,0.29,0.7,0.79
2,0.06,0.44,0.06,0.54,0.52,0.17,0.43,0.22,0.89,0.14,0.04,0.54,0.15,0.15,1.97,0.11,0.37,3.54,0.31,0.72,0.16,0.29,0.7,0.79
2,0.06,0.44,0.06,0.54,0.52,0.17,0.43,0.22,0.89,0.14,0.04,0.54,0.15,0.15,1.97,0.11,0.37,3.54,0.31,0.72,0.16,0.29,0.7,0.79
2,0.06,0.44,0.06,0.54,0.52,0.17,0.43,0.22,0.89,0.14,0.04,0.54,0.15,0.15,1.97,0.11,0.37,3.54,0.31,0.72,0.16,0.29,0.7,0.79
2,0.06,0.44,0.06,0.54,0.52,0.17,0.43,0.22,0.89,0.14,0.04,0.54,0.15,0.15,1.97,0.11,0.37,3.54,0.31,0.72,0.16,0.29,0.7,0.79
2,0.06,0.44,0.06,0.54,0.52,0.17,0.43,0.22,0.89,0.14,0.04,0.54,0.15,0.15,1.97,0.11,0.37,3.54,0.31,0.72,0.16,0.29,0.7,0.79
2,0.06,0.44,0.06,0.54,0.52,0.17,0.43,0.22,0.89,0.14,0.04,0.54,0.15,0.15,1.97,0.11,0.37,3.54,0.31,0.72,0.16,0.29,0.7,0.79
2,0.06,0.44,0.06,0.54,0.52,0.17,0.43,0.22,0.89,0.14,0.04,0.54,0.15,0.15,1.97,0.11,0.37,3.54,0.31,0.72,0.16,0.29,0.7,0.79
2,0.06,0.44,0.06,0.54,0.52,0.17,0.43,0.22,0.89,0.14,0.04,0.54,0.15,0.15,1.97,0.11,0.37,3.54,0.31,0.72,0.16,0.29,0.7,0.79
2,0.06,0.46,0.12,0.65,0.62,0.18,0.35,0.22,0.87,0.15,-1.43,-2.42,0.22,0.21,9.97,0.16,0.61,6.9,0.26,0.43,0.17,0.25,0.39,0.65
2,0.06,0.46,0.12,0.65,0.62,0.18,0.35,0.22,0.87,0.15,-1.43,-2.42,0.22,0.21,9.97,0.16,0.61,6.9,0.26,0.43,0.17,0.25,0.39,0.65
2,0.06,0.46,0.12,0.65,0.62,0.18,0.35,0.22,0.87,0.15,-1.43,-2.42,0.22,0.21,9.97,0.16,0.61,6.9,0.26,0.43,0.17,0.25,0.39,0.65
2,0.06,0.46,0.12,0.65,0.62,0.18,0.35,0.22,0.87,0.15,-1.43,-2.42,0.22,0.21,9.97,0.16,0.61,6.9,0.26,0.43,0.17,0.25,0.39,0.65
2,0.06,0.46,0.12,0.65,0.62,0.18,0.35,0.22,0.87,0.15,-1.43,-2.42,0.22,0.21,9.97,0.16,0.61,6.9,0.26,0.43,0.17,0.25,0.39,0.65
2,0.06,0.46,0.12,0.65,0.62,0.18,0.35,0.22,0.87,0.15,-1.43,-2.42,0.22,0.21,9.97,0.16,0.61,6.9,0.26,0.43,0.17,0.25,0.39,0.65
2,0.06,0.46,0.12,0.65,0.62,0.18,0.35,0.22,0.87,0.15,-1.43,-2.42,0.22,0.21,9.97,0.16,0.61,6.9,0.26,0.43,0.17,0.25,0.39,0.65
2,0.06,0.46,0.12,0.65,0.62,0.18,0.35,0.22,0.87,0.15,-1.43,-2.42,0.22,0.21,9.97,0.16,0.61,6.9,0.26,0.43,0.17,0.25,0.39,0.65
2,0.06,0.46,0.12,0.65,0.62,0.18,0.35,0.22,0.87,0.15,-1.43,-2.42,0.22,0.21,9.97,0.16,0.61,6.9,0.26,0.43,0.17,0.25,0.39,0.65
2,0.06,0.46,0.12,0.65,0.62,0.18,0.35,0.22,0.87,0.15,-1.43,-2.42,0.22,0.21,9.97,0.16,0.61,6.9,0.26,0.43,0.17,0.25,0.39,0.65
2,0.06,0.46,0.12,0.65,0.62,0.18,0.35,0.22,0.87,0.15,-1.43,-2.42,0.22,0.21,9.97,0.16,0.61,6.9,0.26,0.43,0.17,0.25,0.39,0.65
2,0.06,0.46,0.12,0.65,0.62,0.18,0.35,0.22,0.87,0.15,-1.43,-2.42,0.22,0.21,9.97,0.16,0.61,6.9,0.26,0.43,0.17,0.25,0.39,0.65
2,0.04,0.5,0.07,0.39,0.37,0.15,0.64,0.15,0.95,0.16,0.95,0.91,0.18,0.19,5.63,0.19,0.41,9.42,0.34,0.75,0.13,0.32,0.73,0.86
2,0.04,0.5,0.07,0.39,0.37,0.15,0.64,0.15,0.95,0.16,0.95,0.91,0.18,0.19,5.63,0.19,0.41,9.42,0.34,0.75,0.13,0.32,0.73,0.86
2,0.04,0.5,0.07,0.39,0.37,0.15,0.64,0.15,0.95,0.16,0.95,0.91,0.18,0.19,5.63,0.19,0.41,9.42,0.34,0.75,0.13,0.32,0.73,0.86
2,0.04,0.5,0.07,0.39,0.37,0.15,0.64,0.15,0.95,0.16,0.95,0.91,0.18,0.19,5.63,0.19,0.41,9.42,0.34,0.75,0.13,0.32,0.73,0.86
2,0.04,0.5,0.07,0.39,0.37,0.15,0.64,0.15,0.95,0.16,0.95,0.91,0.18,0.19,5.63,0.19,0.41,9.42,0.34,0.75,0.13,0.32,0.73,0.86
2,0.04,0.5,0.07,0.39,0.37,0.15,0.64,0.15,0.95,0.16,0.95,0.91,0.18,0.19,5.63,0.19,0.41,9.42,0.34,0.75,0.13,0.32,0.73,0.86
2,0.04,0.5,0.07,0.39,0.37,0.15,0.64,0.15,0.95,0.16,0.95,0.91,0.18,0.19,5.63,0.19,0.41,9.42,0.34,0.75,0.13,0.32,0.73,0.86
2,0.04,0.5,0.07,0.39,0.37,0.15,0.64,0.15,0.95,0.16,0.95,0.91,0.18,0.19,5.63,0.19,0.41,9.42,0.34,0.75,0.13,0.32,0.73,0.86
2,0.04,0.5,0.07,0.39,0.37,0.15,0.64,0.15,0.95,0.16,0.95,0.91,0.18,0.19,5.63,0.19,0.41,9.42,0.34,0.75,0.13,0.32,0.73,0.86
2,0.04,0.5,0.07,0.39,0.37,0.15,0.64,0.15,0.95,0.16,0.95,0.91,0.18,0.19,5.63,0.19,0.41,9.42,0.34,0.75,0.13,0.32,0.73,0.86
2,0.04,0.5,0.07,0.39,0.37,0.15,0.64,0.15,0.95,0.16,0.95,0.91,0.18,0.19,5.63,0.19,0.41,9.42,0.34,0.75,0.13,0.32,0.73,0.86
2,0.04,0.5,0.07,0.39,0.37,0.15,0.64,0.15,0.95,0.16,0.95,0.91,0.18,0.19,5.63,0.19,0.41,9.42,0.34,0.75,0.13,0.32,0.73,0.86
2,0.55,0.39,0.49,0.49,0.38,0.18,0.88,0.03,0.96,0.21,0.29,0.18,0.1,0.08,0.81,0.15,0.21,2.25,0.26,0.85,0.15,0.26,0.85,0.99
2,0.55,0.39,0.49,0.49,0.38,0.18,0.88,0.03,0.96,0.21,0.29,0.18,0.1,0.08,0.81,0.15,0.21,2.25,0.26,0.85,0.15,0.26,0.85,0.99
2,0.55,0.39,0.49,0.49,0.38,0.18,0.88,0.03,0.96,0.21,0.29,0.18,0.1,0.08,0.81,0.15,0.21,2.25,0.26,0.85,0.15,0.26,0.85,0.99
2,0.55,0.39,0.49,0.49,0.38,0.18,0.88,0.03,0.96,0.21,0.29,0.18,0.1,0.08,0.81,0.15,0.21,2.25,0.26,0.85,0.15,0.26,0.85,0.99
2,0.55,0.39,0.49,0.49,0.38,0.18,0.88,0.03,0.96,0.21,0.29,0.18,0.1,0.08,0.81,0.15,0.21,2.25,0.26,0.85,0.15,0.26,0.85,0.99
2,0.55,0.39,0.49,0.49,0.38,0.18,0.88,0.03,0.96,0.21,0.29,0.18,0.1,0.08,0.81,0.15,0.21,2.25,0.26,0.85,0.15,0.26,0.85,0.99
2,0.55,0.39,0.49,0.49,0.38,0.18,0.88,0.03,0.96,0.21,0.29,0.18,0.1,0.08,0.81,0.15,0.21,2.25,0.26,0.85,0.15,0.26,0.85,0.99
2,0.55,0.39,0.49,0.49,0.38,0.18,0.88,0.03,0.96,0.21,0.29,0.18,0.1,0.08,0.81,0.15,0.21,2.25,0.26,0.85,0.15,0.26,0.85,0.99
2,0.55,0.39,0.49,0.49,0.38,0.18,0.88,0.03,0.96,0.21,0.29,0.18,0.1,0.08,0.81,0.15,0.21,2.25,0.26,0.85,0.15,0.26,0.85,0.99
2,0.55,0.39,0.49,0.49,0.38,0.18,0.88,0.03,0.96,0.21,0.29,0.18,0.1,0.08,0.81,0.15,0.21,2.25,0.26,0.85,0.15,0.26,0.85,0.99
2,0.55,0.39,0.49,0.49,0.38,0.18,0.88,0.03,0.96,0.21,0.29,0.18,0.1,0.08,0.81,0.15,0.21,2.25,0.26,0.85,0.15,0.26,0.85,0.99
2,0.55,0.39,0.49,0.49,0.38,0.18,0.88,0.03,0.96,0.21,0.29,0.18,0.1,0.08,0.81,0.15,0.21,2.25,0.26,0.85,0.15,0.26,0.85,0.99
2,0.65,0.49,0.47,0.58,0.5,0.14,0.65,0.06,0.98,0.12,-0.29,0.22,0.14,0.16,1.29,0.13,0.46,1.13,0.36,0.45,0.19,0.38,0.47,0.74
2,0.65,0.49,0.47,0.58,0.5,0.14,0.65,0.06,0.98,0.12,-0.29,0.22,0.14,0.16,1.29,0.13,0.46,1.13,0.36,0.45,0.19,0.38,0.47,0.74
2,0.65,0.49,0.47,0.58,0.5,0.14,0.65,0.06,0.98,0.12,-0.29,0.22,0.14,0.16,1.29,0.13,0.46,1.13,0.36,0.45,0.19,0.38,0.47,0.74
2,0.65,0.49,0.47,0.58,0.5,0.14,0.65,0.06,0.98,0.12,-0.29,0.22,0.14,0.16,1.29,0.13,0.46,1.13,0.36,0.45,0.19,0.38,0.47,0.74
2,0.65,0.49,0.47,0.58,0.5,0.14,0.65,0.06,0.98,0.12,-0.29,0.22,0.14,0.16,1.29,0.13,0.46,1.13,0.36,0.45,0.19,0.38,0.47,0.74
2,0.65,0.49,0.47,0.58,0.5,0.14,0.65,0.06,0.98,0.12,-0.29,0.22,0.14,0.16,1.29,0.13,0.46,1.13,0.36,0.45,0.19,0.38,0.47,0.74
2,0.65,0.49,0.47,0.58,0.5,0.14,0.65,0.06,0.98,0.12,-0.29,0.22,0.14,0.16,1.29,0.13,0.46,1.13,0.36,0.45,0.19,0.38,0.47,0.74
2,0.65,0.49,0.47,0.58,0.5,0.14,0.65,0.06,0.98,0.12,-0.29,0.22,0.14,0.16,1.29,0.13,0.46,1.13,0.36,0.45,0.19,0.38,0.47,0.74
2,0.65,0.49,0.47,0.58,0.5,0.14,0.65,0.06,0.98,0.12,-0.29,0.22,0.14,0.16,1.29,0.13,0.46,1.13,0.36,0.45,0.19,0.38,0.47,0.74
2,0.65,0.49,0.47,0.58,0.5,0.14,0.65,0.06,0.98,0.12,-0.29,0.22,0.14,0.16,1.29,0.13,0.46,1.13,0.36,0.45,0.19,0.38,0.47,0.74
2,0.65,0.49,0.47,0.58,0.5,0.14,0.65,0.06,0.98,0.12,-0.29,0.22,0.14,0.16,1.29,0.13,0.46,1.13,0.36,0.45,0.19,0.38,0.47,0.74
2,0.65,0.49,0.47,0.58,0.5,0.14,0.65,0.06,0.98,0.12,-0.29,0.22,0.14,0.16,1.29,0.13,0.46,1.13,0.36,0.45,0.19,0.38,0.47,0.74
2,0.68,0.4,0.46,0.49,0.5,0.15,0.66,0.04,0.98,0.15,-0.26,0.51,0.13,0.14,1.34,0.11,0.27,1.52,0.3,0.58,0.19,0.3,0.59,0.88
2,0.68,0.4,0.46,0.49,0.5,0.15,0.66,0.04,0.98,0.15,-0.26,0.51,0.13,0.14,1.34,0.11,0.27,1.52,0.3,0.58,0.19,0.3,0.59,0.88
2,0.68,0.4,0.46,0.49,0.5,0.15,0.66,0.04,0.98,0.15,-0.26,0.51,0.13,0.14,1.34,0.11,0.27,1.52,0.3,0.58,0.19,0.3,0.59,0.88
2,0.68,0.4,0.46,0.49,0.5,0.15,0.66,0.04,0.98,0.15,-0.26,0.51,0.13,0.14,1.34,0.11,0.27,1.52,0.3,0.58,0.19,0.3,0.59,0.88
2,0.68,0.4,0.46,0.49,0.5,0.15,0.66,0.04,0.98,0.15,-0.26,0.51,0.13,0.14,1.34,0.11,0.27,1.52,0.3,0.58,0.19,0.3,0.59,0.88
2,0.68,0.4,0.46,0.49,0.5,0.15,0.66,0.04,0.98,0.15,-0.26,0.51,0.13,0.14,1.34,0.11,0.27,1.52,0.3,0.58,0.19,0.3,0.59,0.88
2,0.68,0.4,0.46,0.49,0.5,0.15,0.66,0.04,0.98,0.15,-0.26,0.51,0.13,0.14,1.34,0.11,0.27,1.52,0.3,0.58,0.19,0.3,0.59,0.88
2,0.68,0.4,0.46,0.49,0.5,0.15,0.66,0.04,0.98,0.15,-0.26,0.51,0.13,0.14,1.34,0.11,0.27,1.52,0.3,0.58,0.19,0.3,0.59,0.88
2,0.68,0.4,0.46,0.49,0.5,0.15,0.66,0.04,0.98,0.15,-0.26,0.51,0.13,0.14,1.34,0.11,0.27,1.52,0.3,0.58,0.19,0.3,0.59,0.88
2,0.68,0.4,0.46,0.49,0.5,0.15,0.66,0.04,0.98,0.15,-0.26,0.51,0.13,0.14,1.34,0.11,0.27,1.52,0.3,0.58,0.19,0.3,0.59,0.88
2,0.68,0.4,0.46,0.49,0.5,0.15,0.66,0.04,0.98,0.15,-0.26,0.51,0.13,0.14,1.34,0.11,0.27,1.52,0.3,0.58,0.19,0.3,0.59,0.88
2,0.68,0.4,0.46,0.49,0.5,0.15,0.66,0.04,0.98,0.15,-0.26,0.51,0.13,0.14,1.34,0.11,0.27,1.52,0.3,0.58,0.19,0.3,0.59,0.88
2,0.19,0.37,0.38,0.32,0.55,0.16,0.6,0.13,0.95,0.19,-1.41,0.97,0.25,0.26,37.52,0.19,0.45,40.65,0.28,0.58,0.2,0.26,0.55,0.81
2,0.19,0.37,0.38,0.32,0.55,0.16,0.6,0.13,0.95,0.19,-1.41,0.97,0.25,0.26,37.52,0.19,0.45,40.65,0.28,0.58,0.2,0.26,0.55,0.81
2,0.19,0.37,0.38,0.32,0.55,0.16,0.6,0.13,0.95,0.19,-1.41,0.97,0.25,0.26,37.52,0.19,0.45,40.65,0.28,0.58,0.2,0.26,0.55,0.81
2,0.19,0.37,0.38,0.32,0.55,0.16,0.6,0.13,0.95,0.19,-1.41,0.97,0.25,0.26,37.52,0.19,0.45,40.65,0.28,0.58,0.2,0.26,0.55,0.81
2,0.19,0.37,0.38,0.32,0.55,0.16,0.6,0.13,0.95,0.19,-1.41,0.97,0.25,0.26,37.52,0.19,0.45,40.65,0.28,0.58,0.2,0.26,0.55,0.81
2,0.19,0.37,0.38,0.32,0.55,0.16,0.6,0.13,0.95,0.19,-1.41,0.97,0.25,0.26,37.52,0.19,0.45,40.65,0.28,0.58,0.2,0.26,0.55,0.81
2,0.19,0.37,0.38,0.32,0.55,0.16,0.6,0.13,0.95,0.19,-1.41,0.97,0.25,0.26,37.52,0.19,0.45,40.65,0.28,0.58,0.2,0.26,0.55,0.81
2,0.19,0.37,0.38,0.32,0.55,0.16,0.6,0.13,0.95,0.19,-1.41,0.97,0.25,0.26,37.52,0.19,0.45,40.65,0.28,0.58,0.2,0.26,0.55,0.81
2,0.19,0.37,0.38,0.32,0.55,0.16,0.6,0.13,0.95,0.19,-1.41,0.97,0.25,0.26,37.52,0.19,0.45,40.65,0.28,0.58,0.2,0.26,0.55,0.81
2,0.19,0.37,0.38,0.32,0.55,0.16,0.6,0.13,0.95,0.19,-1.41,0.97,0.25,0.26,37.52,0.19,0.45,40.65,0.28,0.58,0.2,0.26,0.55,0.81
2,0.19,0.37,0.38,0.32,0.55,0.16,0.6,0.13,0.95,0.19,-1.41,0.97,0.25,0.26,37.52,0.19,0.45,40.65,0.28,0.58,0.2,0.26,0.55,0.81
2,0.19,0.37,0.38,0.32,0.55,0.16,0.6,0.13,0.95,0.19,-1.41,0.97,0.25,0.26,37.52,0.19,0.45,40.65,0.28,0.58,0.2,0.26,0.55,0.81
2,0.19,0.37,0.38,0.32,0.55,0.16,0.6,0.13,0.95,0.19,-1.41,0.97,0.25,0.26,37.52,0.19,0.45,40.65,0.28,0.58,0.2,0.26,0.55,0.81
2,0.19,0.37,0.38,0.32,0.55,0.16,0.6,0.13,0.95,0.19,-1.41,0.97,0.25,0.26,37.52,0.19,0.45,40.65,0.28,0.58,0.2,0.26,0.55,0.81
2,0.19,0.37,0.38,0.32,0.55,0.16,0.6,0.13,0.95,0.19,-1.41,0.97,0.25,0.26,37.52,0.19,0.45,40.65,0.28,0.58,0.2,0.26,0.55,0.81
2,0.19,0.37,0.38,0.32,0.55,0.16,0.6,0.13,0.95,0.19,-1.41,0.97,0.25,0.26,37.52,0.19,0.45,40.65,0.28,0.58,0.2,0.26,0.55,0.81
2,0.19,0.37,0.38,0.32,0.55,0.16,0.6,0.13,0.95,0.19,-1.41,0.97,0.25,0.26,37.52,0.19,0.45,40.65,0.28,0.58,0.2,0.26,0.55,0.81
2,0.19,0.37,0.38,0.32,0.55,0.16,0.6,0.13,0.95,0.19,-1.41,0.97,0.25,0.26,37.52,0.19,0.45,40.65,0.28,0.58,0.2,0.26,0.55,0.81
2,0.19,0.37,0.38,0.32,0.55,0.16,0.6,0.13,0.95,0.19,-1.41,0.97,0.25,0.26,37.52,0.19,0.45,40.65,0.28,0.58,0.2,0.26,0.55,0.81
2,0.19,0.37,0.38,0.32,0.55,0.16,0.6,0.13,0.95,0.19,-1.41,0.97,0.25,0.26,37.52,0.19,0.45,40.65,0.28,0.58,0.2,0.26,0.55,0.81
2,0.19,0.37,0.38,0.32,0.55,0.16,0.6,0.13,0.95,0.19,-1.41,0.97,0.25,0.26,37.52,0.19,0.45,40.65,0.28,0.58,0.2,0.26,0.55,0.81
2,0.19,0.37,0.38,0.32,0.55,0.16,0.6,0.13,0.95,0.19,-1.41,0.97,0.25,0.26,37.52,0.19,0.45,40.65,0.28,0.58,0.2,0.26,0.55,0.81
2,0.19,0.37,0.38,0.32,0.55,0.16,0.6,0.13,0.95,0.19,-1.41,0.97,0.25,0.26,37.52,0.19,0.45,40.65,0.28,0.58,0.2,0.26,0.55,0.81
2,0.19,0.37,0.38,0.32,0.55,0.16,0.6,0.13,0.95,0.19,-1.41,0.97,0.25,0.26,37.52,0.19,0.45,40.65,0.28,0.58,0.2,0.26,0.55,0.81
2,0.1,0.5,0.25,0.48,0.46,0.23,0.81,0.03,0.98,0.26,0.11,0.15,0.14,0.12,0.67,0.26,0.46,19.53,0.37,0.6,0.17,0.38,0.61,0.83
2,0.1,0.5,0.25,0.48,0.46,0.23,0.81,0.03,0.98,0.26,0.11,0.15,0.14,0.12,0.67,0.26,0.46,19.53,0.37,0.6,0.17,0.38,0.61,0.83
2,0.1,0.5,0.25,0.48,0.46,0.23,0.81,0.03,0.98,0.26,0.11,0.15,0.14,0.12,0.67,0.26,0.46,19.53,0.37,0.6,0.17,0.38,0.61,0.83
2,0.1,0.5,0.25,0.48,0.46,0.23,0.81,0.03,0.98,0.26,0.11,0.15,0.14,0.12,0.67,0.26,0.46,19.53,0.37,0.6,0.17,0.38,0.61,0.83
2,0.1,0.5,0.25,0.48,0.46,0.23,0.81,0.03,0.98,0.26,0.11,0.15,0.14,0.12,0.67,0.26,0.46,19.53,0.37,0.6,0.17,0.38,0.61,0.83
2,0.1,0.5,0.25,0.48,0.46,0.23,0.81,0.03,0.98,0.26,0.11,0.15,0.14,0.12,0.67,0.26,0.46,19.53,0.37,0.6,0.17,0.38,0.61,0.83
2,0.1,0.5,0.25,0.48,0.46,0.23,0.81,0.03,0.98,0.26,0.11,0.15,0.14,0.12,0.67,0.26,0.46,19.53,0.37,0.6,0.17,0.38,0.61,0.83
2,0.1,0.5,0.25,0.48,0.46,0.23,0.81,0.03,0.98,0.26,0.11,0.15,0.14,0.12,0.67,0.26,0.46,19.53,0.37,0.6,0.17,0.38,0.61,0.83
2,0.1,0.5,0.25,0.48,0.46,0.23,0.81,0.03,0.98,0.26,0.11,0.15,0.14,0.12,0.67,0.26,0.46,19.53,0.37,0.6,0.17,0.38,0.61,0.83
2,0.1,0.5,0.25,0.48,0.46,0.23,0.81,0.03,0.98,0.26,0.11,0.15,0.14,0.12,0.67,0.26,0.46,19.53,0.37,0.6,0.17,0.38,0.61,0.83
2,0.1,0.5,0.25,0.48,0.46,0.23,0.81,0.03,0.98,0.26,0.11,0.15,0.14,0.12,0.67,0.26,0.46,19.53,0.37,0.6,0.17,0.38,0.61,0.83
2,0.1,0.5,0.25,0.48,0.46,0.23,0.81,0.03,0.98,0.26,0.11,0.15,0.14,0.12,0.67,0.26,0.46,19.53,0.37,0.6,0.17,0.38,0.61,0.83
2,0.19,0.38,0.37,0.32,0.56,0.16,0.44,0.28,0.89,0.19,-1.44,1.0,0.24,0.25,35.53,0.19,0.46,39.78,0.28,0.59,0.19,0.26,0.56,0.82
2,0.19,0.38,0.37,0.32,0.56,0.16,0.44,0.28,0.89,0.19,-1.44,1.0,0.24,0.25,35.53,0.19,0.46,39.78,0.28,0.59,0.19,0.26,0.56,0.82
2,0.19,0.38,0.37,0.32,0.56,0.16,0.44,0.28,0.89,0.19,-1.44,1.0,0.24,0.25,35.53,0.19,0.46,39.78,0.28,0.59,0.19,0.26,0.56,0.82
2,0.19,0.38,0.37,0.32,0.56,0.16,0.44,0.28,0.89,0.19,-1.44,1.0,0.24,0.25,35.53,0.19,0.46,39.78,0.28,0.59,0.19,0.26,0.56,0.82
2,0.19,0.38,0.37,0.32,0.56,0.16,0.44,0.28,0.89,0.19,-1.44,1.0,0.24,0.25,35.53,0.19,0.46,39.78,0.28,0.59,0.19,0.26,0.56,0.82
2,0.19,0.38,0.37,0.32,0.56,0.16,0.44,0.28,0.89,0.19,-1.44,1.0,0.24,0.25,35.53,0.19,0.46,39.78,0.28,0.59,0.19,0.26,0.56,0.82
2,0.19,0.38,0.37,0.32,0.56,0.16,0.44,0.28,0.89,0.19,-1.44,1.0,0.24,0.25,35.53,0.19,0.46,39.78,0.28,0.59,0.19,0.26,0.56,0.82
2,0.19,0.38,0.37,0.32,0.56,0.16,0.44,0.28,0.89,0.19,-1.44,1.0,0.24,0.25,35.53,0.19,0.46,39.78,0.28,0.59,0.19,0.26,0.56,0.82
2,0.19,0.38,0.37,0.32,0.56,0.16,0.44,0.28,0.89,0.19,-1.44,1.0,0.24,0.25,35.53,0.19,0.46,39.78,0.28,0.59,0.19,0.26,0.56,0.82
2,0.19,0.38,0.37,0.32,0.56,0.16,0.44,0.28,0.89,0.19,-1.44,1.0,0.24,0.25,35.53,0.19,0.46,39.78,0.28,0.59,0.19,0.26,0.56,0.82
2,0.19,0.38,0.37,0.32,0.56,0.16,0.44,0.28,0.89,0.19,-1.44,1.0,0.24,0.25,35.53,0.19,0.46,39.78,0.28,0.59,0.19,0.26,0.56,0.82
2,0.19,0.38,0.37,0.32,0.56,0.16,0.44,0.28,0.89,0.19,-1.44,1.0,0.24,0.25,35.53,0.19,0.46,39.78,0.28,0.59,0.19,0.26,0.56,0.82
2,0.22,0.41,0.39,0.36,0.56,0.18,0.86,0.08,0.87,0.19,-0.08,0.66,0.1,0.1,0.61,0.2,0.34,7.33,0.18,0.95,0.12,0.17,0.95,0.98
2,0.22,0.41,0.39,0.36,0.56,0.18,0.86,0.08,0.87,0.19,-0.08,0.66,0.1,0.1,0.61,0.2,0.34,7.33,0.18,0.95,0.12,0.17,0.95,0.98
2,0.22,0.41,0.39,0.36,0.56,0.18,0.86,0.08,0.87,0.19,-0.08,0.66,0.1,0.1,0.61,0.2,0.34,7.33,0.18,0.95,0.12,0.17,0.95,0.98
2,0.22,0.41,0.39,0.36,0.56,0.18,0.86,0.08,0.87,0.19,-0.08,0.66,0.1,0.1,0.61,0.2,0.34,7.33,0.18,0.95,0.12,0.17,0.95,0.98
2,0.22,0.41,0.39,0.36,0.56,0.18,0.86,0.08,0.87,0.19,-0.08,0.66,0.1,0.1,0.61,0.2,0.34,7.33,0.18,0.95,0.12,0.17,0.95,0.98
2,0.22,0.41,0.39,0.36,0.56,0.18,0.86,0.08,0.87,0.19,-0.08,0.66,0.1,0.1,0.61,0.2,0.34,7.33,0.18,0.95,0.12,0.17,0.95,0.98
2,0.22,0.41,0.39,0.36,0.56,0.18,0.86,0.08,0.87,0.19,-0.08,0.66,0.1,0.1,0.61,0.2,0.34,7.33,0.18,0.95,0.12,0.17,0.95,0.98
2,0.22,0.41,0.39,0.36,0.56,0.18,0.86,0.08,0.87,0.19,-0.08,0.66,0.1,0.1,0.61,0.2,0.34,7.33,0.18,0.95,0.12,0.17,0.95,0.98
2,0.22,0.41,0.39,0.36,0.56,0.18,0.86,0.08,0.87,0.19,-0.08,0.66,0.1,0.1,0.61,0.2,0.34,7.33,0.18,0.95,0.12,0.17,0.95,0.98
2,0.22,0.41,0.39,0.36,0.56,0.18,0.86,0.08,0.87,0.19,-0.08,0.66,0.1,0.1,0.61,0.2,0.34,7.33,0.18,0.95,0.12,0.17,0.95,0.98
2,0.22,0.41,0.39,0.36,0.56,0.18,0.86,0.08,0.87,0.19,-0.08,0.66,0.1,0.1,0.61,0.2,0.34,7.33,0.18,0.95,0.12,0.17,0.95,0.98
2,0.22,0.41,0.39,0.36,0.56,0.18,0.86,0.08,0.87,0.19,-0.08,0.66,0.1,0.1,0.61,0.2,0.34,7.33,0.18,0.95,0.12,0.17,0.95,0.98
2,0.05,0.35,0.13,0.77,0.64,0.17,0.63,0.34,0.89,0.14,-1.07,-2.24,0.17,0.2,48.11,0.11,0.52,8.13,0.33,0.71,0.2,0.31,0.69,0.86
2,0.05,0.35,0.13,0.77,0.64,0.17,0.63,0.34,0.89,0.14,-1.07,-2.24,0.17,0.2,48.11,0.11,0.52,8.13,0.33,0.71,0.2,0.31,0.69,0.86
2,0.05,0.35,0.13,0.77,0.64,0.17,0.63,0.34,0.89,0.14,-1.07,-2.24,0.17,0.2,48.11,0.11,0.52,8.13,0.33,0.71,0.2,0.31,0.69,0.86
2,0.05,0.35,0.13,0.77,0.64,0.17,0.63,0.34,0.89,0.14,-1.07,-2.24,0.17,0.2,48.11,0.11,0.52,8.13,0.33,0.71,0.2,0.31,0.69,0.86
2,0.05,0.35,0.13,0.77,0.64,0.17,0.63,0.34,0.89,0.14,-1.07,-2.24,0.17,0.2,48.11,0.11,0.52,8.13,0.33,0.71,0.2,0.31,0.69,0.86
2,0.05,0.35,0.13,0.77,0.64,0.17,0.63,0.34,0.89,0.14,-1.07,-2.24,0.17,0.2,48.11,0.11,0.52,8.13,0.33,0.71,0.2,0.31,0.69,0.86
2,0.05,0.35,0.13,0.77,0.64,0.17,0.63,0.34,0.89,0.14,-1.07,-2.24,0.17,0.2,48.11,0.11,0.52,8.13,0.33,0.71,0.2,0.31,0.69,0.86
2,0.05,0.35,0.13,0.77,0.64,0.17,0.63,0.34,0.89,0.14,-1.07,-2.24,0.17,0.2,48.11,0.11,0.52,8.13,0.33,0.71,0.2,0.31,0.69,0.86
2,0.05,0.35,0.13,0.77,0.64,0.17,0.63,0.34,0.89,0.14,-1.07,-2.24,0.17,0.2,48.11,0.11,0.52,8.13,0.33,0.71,0.2,0.31,0.69,0.86
2,0.05,0.35,0.13,0.77,0.64,0.17,0.63,0.34,0.89,0.14,-1.07,-2.24,0.17,0.2,48.11,0.11,0.52,8.13,0.33,0.71,0.2,0.31,0.69,0.86
2,0.05,0.35,0.13,0.77,0.64,0.17,0.63,0.34,0.89,0.14,-1.07,-2.24,0.17,0.2,48.11,0.11,0.52,8.13,0.33,0.71,0.2,0.31,0.69,0.86
2,0.05,0.35,0.13,0.77,0.64,0.17,0.63,0.34,0.89,0.14,-1.07,-2.24,0.17,0.2,48.11,0.11,0.52,8.13,0.33,0.71,0.2,0.31,0.69,0.86
2,0.7,0.64,0.14,0.59,0.39,0.16,0.65,0.19,0.95,0.13,0.63,-0.68,0.19,0.18,1.72,0.21,0.54,1.97,0.41,0.72,0.18,0.33,0.65,0.79
2,0.7,0.64,0.14,0.59,0.39,0.16,0.65,0.19,0.95,0.13,0.63,-0.68,0.19,0.18,1.72,0.21,0.54,1.97,0.41,0.72,0.18,0.33,0.65,0.79
2,0.7,0.64,0.14,0.59,0.39,0.16,0.65,0.19,0.95,0.13,0.63,-0.68,0.19,0.18,1.72,0.21,0.54,1.97,0.41,0.72,0.18,0.33,0.65,0.79
2,0.7,0.64,0.14,0.59,0.39,0.16,0.65,0.19,0.95,0.13,0.63,-0.68,0.19,0.18,1.72,0.21,0.54,1.97,0.41,0.72,0.18,0.33,0.65,0.79
2,0.7,0.64,0.14,0.59,0.39,0.16,0.65,0.19,0.95,0.13,0.63,-0.68,0.19,0.18,1.72,0.21,0.54,1.97,0.41,0.72,0.18,0.33,0.65,0.79
2,0.7,0.64,0.14,0.59,0.39,0.16,0.65,0.19,0.95,0.13,0.63,-0.68,0.19,0.18,1.72,0.21,0.54,1.97,0.41,0.72,0.18,0.33,0.65,0.79
2,0.7,0.64,0.14,0.59,0.39,0.16,0.65,0.19,0.95,0.13,0.63,-0.68,0.19,0.18,1.72,0.21,0.54,1.97,0.41,0.72,0.18,0.33,0.65,0.79
2,0.7,0.64,0.14,0.59,0.39,0.16,0.65,0.19,0.95,0.13,0.63,-0.68,0.19,0.18,1.72,0.21,0.54,1.97,0.41,0.72,0.18,0.33,0.65,0.79
2,0.7,0.64,0.14,0.59,0.39,0.16,0.65,0.19,0.95,0.13,0.63,-0.68,0.19,0.18,1.72,0.21,0.54,1.97,0.41,0.72,0.18,0.33,0.65,0.79
2,0.7,0.64,0.14,0.59,0.39,0.16,0.65,0.19,0.95,0.13,0.63,-0.68,0.19,0.18,1.72,0.21,0.54,1.97,0.41,0.72,0.18,0.33,0.65,0.79
2,0.7,0.64,0.14,0.59,0.39,0.16,0.65,0.19,0.95,0.13,0.63,-0.68,0.19,0.18,1.72,0.21,0.54,1.97,0.41,0.72,0.18,0.33,0.65,0.79
2,0.7,0.64,0.14,0.59,0.39,0.16,0.65,0.19,0.95,0.13,0.63,-0.68,0.19,0.18,1.72,0.21,0.54,1.97,0.41,0.72,0.18,0.33,0.65,0.79
2,0.87,0.61,0.26,0.52,0.77,0.21,0.71,0.46,0.88,0.21,-0.45,-0.08,0.17,0.14,5.56,0.18,0.74,116.68,0.3,0.79,0.09,0.35,0.83,0.87
2,0.87,0.61,0.26,0.52,0.77,0.21,0.71,0.46,0.88,0.21,-0.45,-0.08,0.17,0.14,5.56,0.18,0.74,116.68,0.3,0.79,0.09,0.35,0.83,0.87
2,0.87,0.61,0.26,0.52,0.77,0.21,0.71,0.46,0.88,0.21,-0.45,-0.08,0.17,0.14,5.56,0.18,0.74,116.68,0.3,0.79,0.09,0.35,0.83,0.87
2,0.87,0.61,0.26,0.52,0.77,0.21,0.71,0.46,0.88,0.21,-0.45,-0.08,0.17,0.14,5.56,0.18,0.74,116.68,0.3,0.79,0.09,0.35,0.83,0.87
2,0.87,0.61,0.26,0.52,0.77,0.21,0.71,0.46,0.88,0.21,-0.45,-0.08,0.17,0.14,5.56,0.18,0.74,116.68,0.3,0.79,0.09,0.35,0.83,0.87
2,0.87,0.61,0.26,0.52,0.77,0.21,0.71,0.46,0.88,0.21,-0.45,-0.08,0.17,0.14,5.56,0.18,0.74,116.68,0.3,0.79,0.09,0.35,0.83,0.87
2,0.87,0.61,0.26,0.52,0.77,0.21,0.71,0.46,0.88,0.21,-0.45,-0.08,0.17,0.14,5.56,0.18,0.74,116.68,0.3,0.79,0.09,0.35,0.83,0.87
2,0.87,0.61,0.26,0.52,0.77,0.21,0.71,0.46,0.88,0.21,-0.45,-0.08,0.17,0.14,5.56,0.18,0.74,116.68,0.3,0.79,0.09,0.35,0.83,0.87
2,0.87,0.61,0.26,0.52,0.77,0.21,0.71,0.46,0.88,0.21,-0.45,-0.08,0.17,0.14,5.56,0.18,0.74,116.68,0.3,0.79,0.09,0.35,0.83,0.87
2,0.87,0.61,0.26,0.52,0.77,0.21,0.71,0.46,0.88,0.21,-0.45,-0.08,0.17,0.14,5.56,0.18,0.74,116.68,0.3,0.79,0.09,0.35,0.83,0.87
2,0.87,0.61,0.26,0.52,0.77,0.21,0.71,0.46,0.88,0.21,-0.45,-0.08,0.17,0.14,5.56,0.18,0.74,116.68,0.3,0.79,0.09,0.35,0.83,0.87
2,0.87,0.61,0.26,0.52,0.77,0.21,0.71,0.46,0.88,0.21,-0.45,-0.08,0.17,0.14,5.56,0.18,0.74,116.68,0.3,0.79,0.09,0.35,0.83,0.87
2,0.08,0.6,0.24,0.39,0.5,0.09,0.81,0.15,0.91,0.06,-0.08,-0.15,0.14,0.12,9.21,0.09,0.53,3.56,0.28,0.88,0.09,0.26,0.87,0.93
2,0.08,0.6,0.24,0.39,0.5,0.09,0.81,0.15,0.91,0.06,-0.08,-0.15,0.14,0.12,9.21,0.09,0.53,3.56,0.28,0.88,0.09,0.26,0.87,0.93
2,0.08,0.6,0.24,0.39,0.5,0.09,0.81,0.15,0.91,0.06,-0.08,-0.15,0.14,0.12,9.21,0.09,0.53,3.56,0.28,0.88,0.09,0.26,0.87,0.93
2,0.08,0.6,0.24,0.39,0.5,0.09,0.81,0.15,0.91,0.06,-0.08,-0.15,0.14,0.12,9.21,0.09,0.53,3.56,0.28,0.88,0.09,0.26,0.87,0.93
2,0.08,0.6,0.24,0.39,0.5,0.09,0.81,0.15,0.91,0.06,-0.08,-0.15,0.14,0.12,9.21,0.09,0.53,3.56,0.28,0.88,0.09,0.26,0.87,0.93
2,0.08,0.6,0.24,0.39,0.5,0.09,0.81,0.15,0.91,0.06,-0.08,-0.15,0.14,0.12,9.21,0.09,0.53,3.56,0.28,0.88,0.09,0.26,0.87,0.93
2,0.08,0.6,0.24,0.39,0.5,0.09,0.81,0.15,0.91,0.06,-0.08,-0.15,0.14,0.12,9.21,0.09,0.53,3.56,0.28,0.88,0.09,0.26,0.87,0.93
2,0.08,0.6,0.24,0.39,0.5,0.09,0.81,0.15,0.91,0.06,-0.08,-0.15,0.14,0.12,9.21,0.09,0.53,3.56,0.28,0.88,0.09,0.26,0.87,0.93
2,0.08,0.6,0.24,0.39,0.5,0.09,0.81,0.15,0.91,0.06,-0.08,-0.15,0.14,0.12,9.21,0.09,0.53,3.56,0.28,0.88,0.09,0.26,0.87,0.93
2,0.08,0.6,0.24,0.39,0.5,0.09,0.81,0.15,0.91,0.06,-0.08,-0.15,0.14,0.12,9.21,0.09,0.53,3.56,0.28,0.88,0.09,0.26,0.87,0.93
2,0.08,0.6,0.24,0.39,0.5,0.09,0.81,0.15,0.91,0.06,-0.08,-0.15,0.14,0.12,9.21,0.09,0.53,3.56,0.28,0.88,0.09,0.26,0.87,0.93
2,0.08,0.6,0.24,0.39,0.5,0.09,0.81,0.15,0.91,0.06,-0.08,-0.15,0.14,0.12,9.21,0.09,0.53,3.56,0.28,0.88,0.09,0.26,0.87,0.93
2,0.06,0.61,0.11,0.41,0.3,0.13,0.8,0.06,0.97,0.08,-0.24,0.56,0.13,0.12,3.75,0.08,0.37,6.74,0.28,0.81,0.05,0.24,0.78,0.89
2,0.06,0.61,0.11,0.41,0.3,0.13,0.8,0.06,0.97,0.08,-0.24,0.56,0.13,0.12,3.75,0.08,0.37,6.74,0.28,0.81,0.05,0.24,0.78,0.89
2,0.06,0.61,0.11,0.41,0.3,0.13,0.8,0.06,0.97,0.08,-0.24,0.56,0.13,0.12,3.75,0.08,0.37,6.74,0.28,0.81,0.05,0.24,0.78,0.89
2,0.06,0.61,0.11,0.41,0.3,0.13,0.8,0.06,0.97,0.08,-0.24,0.56,0.13,0.12,3.75,0.08,0.37,6.74,0.28,0.81,0.05,0.24,0.78,0.89
2,0.06,0.61,0.11,0.41,0.3,0.13,0.8,0.06,0.97,0.08,-0.24,0.56,0.13,0.12,3.75,0.08,0.37,6.74,0.28,0.81,0.05,0.24,0.78,0.89
2,0.06,0.61,0.11,0.41,0.3,0.13,0.8,0.06,0.97,0.08,-0.24,0.56,0.13,0.12,3.75,0.08,0.37,6.74,0.28,0.81,0.05,0.24,0.78,0.89
2,0.06,0.61,0.11,0.41,0.3,0.13,0.8,0.06,0.97,0.08,-0.24,0.56,0.13,0.12,3.75,0.08,0.37,6.74,0.28,0.81,0.05,0.24,0.78,0.89
2,0.06,0.61,0.11,0.41,0.3,0.13,0.8,0.06,0.97,0.08,-0.24,0.56,0.13,0.12,3.75,0.08,0.37,6.74,0.28,0.81,0.05,0.24,0.78,0.89
2,0.06,0.61,0.11,0.41,0.3,0.13,0.8,0.06,0.97,0.08,-0.24,0.56,0.13,0.12,3.75,0.08,0.37,6.74,0.28,0.81,0.05,0.24,0.78,0.89
2,0.06,0.61,0.11,0.41,0.3,0.13,0.8,0.06,0.97,0.08,-0.24,0.56,0.13,0.12,3.75,0.08,0.37,6.74,0.28,0.81,0.05,0.24,0.78,0.89
2,0.06,0.61,0.11,0.41,0.3,0.13,0.8,0.06,0.97,0.08,-0.24,0.56,0.13,0.12,3.75,0.08,0.37,6.74,0.28,0.81,0.05,0.24,0.78,0.89
2,0.06,0.61,0.11,0.41,0.3,0.13,0.8,0.06,0.97,0.08,-0.24,0.56,0.13,0.12,3.75,0.08,0.37,6.74,0.28,0.81,0.05,0.24,0.78,0.89
2,0.07,0.59,0.08,0.57,0.42,0.13,0.8,0.05,0.98,0.12,-1.22,0.13,0.17,0.15,1.15,0.09,0.4,5.27,0.3,0.81,0.05,0.26,0.77,0.88
2,0.07,0.59,0.08,0.57,0.42,0.13,0.8,0.05,0.98,0.12,-1.22,0.13,0.17,0.15,1.15,0.09,0.4,5.27,0.3,0.81,0.05,0.26,0.77,0.88
2,0.07,0.59,0.08,0.57,0.42,0.13,0.8,0.05,0.98,0.12,-1.22,0.13,0.17,0.15,1.15,0.09,0.4,5.27,0.3,0.81,0.05,0.26,0.77,0.88
2,0.07,0.59,0.08,0.57,0.42,0.13,0.8,0.05,0.98,0.12,-1.22,0.13,0.17,0.15,1.15,0.09,0.4,5.27,0.3,0.81,0.05,0.26,0.77,0.88
2,0.07,0.59,0.08,0.57,0.42,0.13,0.8,0.05,0.98,0.12,-1.22,0.13,0.17,0.15,1.15,0.09,0.4,5.27,0.3,0.81,0.05,0.26,0.77,0.88
2,0.07,0.59,0.08,0.57,0.42,0.13,0.8,0.05,0.98,0.12,-1.22,0.13,0.17,0.15,1.15,0.09,0.4,5.27,0.3,0.81,0.05,0.26,0.77,0.88
2,0.07,0.59,0.08,0.57,0.42,0.13,0.8,0.05,0.98,0.12,-1.22,0.13,0.17,0.15,1.15,0.09,0.4,5.27,0.3,0.81,0.05,0.26,0.77,0.88
2,0.07,0.59,0.08,0.57,0.42,0.13,0.8,0.05,0.98,0.12,-1.22,0.13,0.17,0.15,1.15,0.09,0.4,5.27,0.3,0.81,0.05,0.26,0.77,0.88
2,0.07,0.59,0.08,0.57,0.42,0.13,0.8,0.05,0.98,0.12,-1.22,0.13,0.17,0.15,1.15,0.09,0.4,5.27,0.3,0.81,0.05,0.26,0.77,0.88
2,0.07,0.59,0.08,0.57,0.42,0.13,0.8,0.05,0.98,0.12,-1.22,0.13,0.17,0.15,1.15,0.09,0.4,5.27,0.3,0.81,0.05,0.26,0.77,0.88
2,0.07,0.59,0.08,0.57,0.42,0.13,0.8,0.05,0.98,0.12,-1.22,0.13,0.17,0.15,1.15,0.09,0.4,5.27,0.3,0.81,0.05,0.26,0.77,0.88
2,0.07,0.59,0.08,0.57,0.42,0.13,0.8,0.05,0.98,0.12,-1.22,0.13,0.17,0.15,1.15,0.09,0.4,5.27,0.3,0.81,0.05,0.26,0.77,0.88
2,0.37,0.6,0.45,0.56,0.26,0.21,0.73,0.05,0.97,0.16,0.94,-0.41,0.21,0.2,15.67,0.12,0.29,2.79,0.28,0.83,0.16,0.27,0.83,0.9
2,0.37,0.6,0.45,0.56,0.26,0.21,0.73,0.05,0.97,0.16,0.94,-0.41,0.21,0.2,15.67,0.12,0.29,2.79,0.28,0.83,0.16,0.27,0.83,0.9
2,0.37,0.6,0.45,0.56,0.26,0.21,0.73,0.05,0.97,0.16,0.94,-0.41,0.21,0.2,15.67,0.12,0.29,2.79,0.28,0.83,0.16,0.27,0.83,0.9
2,0.37,0.6,0.45,0.56,0.26,0.21,0.73,0.05,0.97,0.16,0.94,-0.41,0.21,0.2,15.67,0.12,0.29,2.79,0.28,0.83,0.16,0.27,0.83,0.9
2,0.37,0.6,0.45,0.56,0.26,0.21,0.73,0.05,0.97,0.16,0.94,-0.41,0.21,0.2,15.67,0.12,0.29,2.79,0.28,0.83,0.16,0.27,0.83,0.9
2,0.37,0.6,0.45,0.56,0.26,0.21,0.73,0.05,0.97,0.16,0.94,-0.41,0.21,0.2,15.67,0.12,0.29,2.79,0.28,0.83,0.16,0.27,0.83,0.9
2,0.37,0.6,0.45,0.56,0.26,0.21,0.73,0.05,0.97,0.16,0.94,-0.41,0.21,0.2,15.67,0.12,0.29,2.79,0.28,0.83,0.16,0.27,0.83,0.9
2,0.37,0.6,0.45,0.56,0.26,0.21,0.73,0.05,0.97,0.16,0.94,-0.41,0.21,0.2,15.67,0.12,0.29,2.79,0.28,0.83,0.16,0.27,0.83,0.9
2,0.37,0.6,0.45,0.56,0.26,0.21,0.73,0.05,0.97,0.16,0.94,-0.41,0.21,0.2,15.67,0.12,0.29,2.79,0.28,0.83,0.16,0.27,0.83,0.9
2,0.37,0.6,0.45,0.56,0.26,0.21,0.73,0.05,0.97,0.16,0.94,-0.41,0.21,0.2,15.67,0.12,0.29,2.79,0.28,0.83,0.16,0.27,0.83,0.9
2,0.37,0.6,0.45,0.56,0.26,0.21,0.73,0.05,0.97,0.16,0.94,-0.41,0.21,0.2,15.67,0.12,0.29,2.79,0.28,0.83,0.16,0.27,0.83,0.9
2,0.37,0.6,0.45,0.56,0.26,0.21,0.73,0.05,0.97,0.16,0.94,-0.41,0.21,0.2,15.67,0.12,0.29,2.79,0.28,0.83,0.16,0.27,0.83,0.9
2,0.13,0.42,0.31,0.37,0.41,0.12,0.67,0.09,0.96,0.11,0.89,1.05,0.16,0.15,2.36,0.15,0.24,7.94,0.24,0.88,0.09,0.23,0.87,0.91
2,0.13,0.42,0.31,0.37,0.41,0.12,0.67,0.09,0.96,0.11,0.89,1.05,0.16,0.15,2.36,0.15,0.24,7.94,0.24,0.88,0.09,0.23,0.87,0.91
2,0.13,0.42,0.31,0.37,0.41,0.12,0.67,0.09,0.96,0.11,0.89,1.05,0.16,0.15,2.36,0.15,0.24,7.94,0.24,0.88,0.09,0.23,0.87,0.91
2,0.13,0.42,0.31,0.37,0.41,0.12,0.67,0.09,0.96,0.11,0.89,1.05,0.16,0.15,2.36,0.15,0.24,7.94,0.24,0.88,0.09,0.23,0.87,0.91
2,0.13,0.42,0.31,0.37,0.41,0.12,0.67,0.09,0.96,0.11,0.89,1.05,0.16,0.15,2.36,0.15,0.24,7.94,0.24,0.88,0.09,0.23,0.87,0.91
2,0.13,0.42,0.31,0.37,0.41,0.12,0.67,0.09,0.96,0.11,0.89,1.05,0.16,0.15,2.36,0.15,0.24,7.94,0.24,0.88,0.09,0.23,0.87,0.91
2,0.13,0.42,0.31,0.37,0.41,0.12,0.67,0.09,0.96,0.11,0.89,1.05,0.16,0.15,2.36,0.15,0.24,7.94,0.24,0.88,0.09,0.23,0.87,0.91
2,0.13,0.42,0.31,0.37,0.41,0.12,0.67,0.09,0.96,0.11,0.89,1.05,0.16,0.15,2.36,0.15,0.24,7.94,0.24,0.88,0.09,0.23,0.87,0.91
2,0.13,0.42,0.31,0.37,0.41,0.12,0.67,0.09,0.96,0.11,0.89,1.05,0.16,0.15,2.36,0.15,0.24,7.94,0.24,0.88,0.09,0.23,0.87,0.91
2,0.13,0.42,0.31,0.37,0.41,0.12,0.67,0.09,0.96,0.11,0.89,1.05,0.16,0.15,2.36,0.15,0.24,7.94,0.24,0.88,0.09,0.23,0.87,0.91
2,0.13,0.42,0.31,0.37,0.41,0.12,0.67,0.09,0.96,0.11,0.89,1.05,0.16,0.15,2.36,0.15,0.24,7.94,0.24,0.88,0.09,0.23,0.87,0.91
2,0.13,0.42,0.31,0.37,0.41,0.12,0.67,0.09,0.96,0.11,0.89,1.05,0.16,0.15,2.36,0.15,0.24,7.94,0.24,0.88,0.09,0.23,0.87,0.91
2,0.55,0.52,0.2,0.43,0.36,0.2,0.72,0.06,0.97,0.13,0.74,0.38,0.17,0.16,1.78,0.16,0.42,0.87,0.31,0.84,0.2,0.29,0.83,0.88
2,0.55,0.52,0.2,0.43,0.36,0.2,0.72,0.06,0.97,0.13,0.74,0.38,0.17,0.16,1.78,0.16,0.42,0.87,0.31,0.84,0.2,0.29,0.83,0.88
2,0.55,0.52,0.2,0.43,0.36,0.2,0.72,0.06,0.97,0.13,0.74,0.38,0.17,0.16,1.78,0.16,0.42,0.87,0.31,0.84,0.2,0.29,0.83,0.88
2,0.55,0.52,0.2,0.43,0.36,0.2,0.72,0.06,0.97,0.13,0.74,0.38,0.17,0.16,1.78,0.16,0.42,0.87,0.31,0.84,0.2,0.29,0.83,0.88
2,0.55,0.52,0.2,0.43,0.36,0.2,0.72,0.06,0.97,0.13,0.74,0.38,0.17,0.16,1.78,0.16,0.42,0.87,0.31,0.84,0.2,0.29,0.83,0.88
2,0.55,0.52,0.2,0.43,0.36,0.2,0.72,0.06,0.97,0.13,0.74,0.38,0.17,0.16,1.78,0.16,0.42,0.87,0.31,0.84,0.2,0.29,0.83,0.88
2,0.55,0.52,0.2,0.43,0.36,0.2,0.72,0.06,0.97,0.13,0.74,0.38,0.17,0.16,1.78,0.16,0.42,0.87,0.31,0.84,0.2,0.29,0.83,0.88
2,0.55,0.52,0.2,0.43,0.36,0.2,0.72,0.06,0.97,0.13,0.74,0.38,0.17,0.16,1.78,0.16,0.42,0.87,0.31,0.84,0.2,0.29,0.83,0.88
2,0.55,0.52,0.2,0.43,0.36,0.2,0.72,0.06,0.97,0.13,0.74,0.38,0.17,0.16,1.78,0.16,0.42,0.87,0.31,0.84,0.2,0.29,0.83,0.88
2,0.55,0.52,0.2,0.43,0.36,0.2,0.72,0.06,0.97,0.13,0.74,0.38,0.17,0.16,1.78,0.16,0.42,0.87,0.31,0.84,0.2,0.29,0.83,0.88
2,0.55,0.52,0.2,0.43,0.36,0.2,0.72,0.06,0.97,0.13,0.74,0.38,0.17,0.16,1.78,0.16,0.42,0.87,0.31,0.84,0.2,0.29,0.83,0.88
2,0.55,0.52,0.2,0.43,0.36,0.2,0.72,0.06,0.97,0.13,0.74,0.38,0.17,0.16,1.78,0.16,0.42,0.87,0.31,0.84,0.2,0.29,0.83,0.88
2,0.06,0.5,0.02,0.75,0.64,0.13,0.81,0.1,0.96,0.06,-0.04,-1.45,0.12,0.11,3.16,0.09,0.67,3.04,0.36,0.79,0.1,0.31,0.75,0.89
2,0.06,0.5,0.02,0.75,0.64,0.13,0.81,0.1,0.96,0.06,-0.04,-1.45,0.12,0.11,3.16,0.09,0.67,3.04,0.36,0.79,0.1,0.31,0.75,0.89
2,0.06,0.5,0.02,0.75,0.64,0.13,0.81,0.1,0.96,0.06,-0.04,-1.45,0.12,0.11,3.16,0.09,0.67,3.04,0.36,0.79,0.1,0.31,0.75,0.89
2,0.06,0.5,0.02,0.75,0.64,0.13,0.81,0.1,0.96,0.06,-0.04,-1.45,0.12,0.11,3.16,0.09,0.67,3.04,0.36,0.79,0.1,0.31,0.75,0.89
2,0.06,0.5,0.02,0.75,0.64,0.13,0.81,0.1,0.96,0.06,-0.04,-1.45,0.12,0.11,3.16,0.09,0.67,3.04,0.36,0.79,0.1,0.31,0.75,0.89
2,0.06,0.5,0.02,0.75,0.64,0.13,0.81,0.1,0.96,0.06,-0.04,-1.45,0.12,0.11,3.16,0.09,0.67,3.04,0.36,0.79,0.1,0.31,0.75,0.89
2,0.06,0.5,0.02,0.75,0.64,0.13,0.81,0.1,0.96,0.06,-0.04,-1.45,0.12,0.11,3.16,0.09,0.67,3.04,0.36,0.79,0.1,0.31,0.75,0.89
2,0.06,0.5,0.02,0.75,0.64,0.13,0.81,0.1,0.96,0.06,-0.04,-1.45,0.12,0.11,3.16,0.09,0.67,3.04,0.36,0.79,0.1,0.31,0.75,0.89
2,0.06,0.5,0.02,0.75,0.64,0.13,0.81,0.1,0.96,0.06,-0.04,-1.45,0.12,0.11,3.16,0.09,0.67,3.04,0.36,0.79,0.1,0.31,0.75,0.89
2,0.06,0.5,0.02,0.75,0.64,0.13,0.81,0.1,0.96,0.06,-0.04,-1.45,0.12,0.11,3.16,0.09,0.67,3.04,0.36,0.79,0.1,0.31,0.75,0.89
2,0.06,0.5,0.02,0.75,0.64,0.13,0.81,0.1,0.96,0.06,-0.04,-1.45,0.12,0.11,3.16,0.09,0.67,3.04,0.36,0.79,0.1,0.31,0.75,0.89
2,0.06,0.5,0.02,0.75,0.64,0.13,0.81,0.1,0.96,0.06,-0.04,-1.45,0.12,0.11,3.16,0.09,0.67,3.04,0.36,0.79,0.1,0.31,0.75,0.89
2,0.04,0.42,0.03,0.59,0.66,0.11,0.58,0.19,0.92,0.09,-2.36,-1.28,0.14,0.14,19.72,0.07,0.52,3.82,0.33,0.77,0.1,0.3,0.75,0.9
2,0.04,0.42,0.03,0.59,0.66,0.11,0.58,0.19,0.92,0.09,-2.36,-1.28,0.14,0.14,19.72,0.07,0.52,3.82,0.33,0.77,0.1,0.3,0.75,0.9
2,0.04,0.42,0.03,0.59,0.66,0.11,0.58,0.19,0.92,0.09,-2.36,-1.28,0.14,0.14,19.72,0.07,0.52,3.82,0.33,0.77,0.1,0.3,0.75,0.9
2,0.04,0.42,0.03,0.59,0.66,0.11,0.58,0.19,0.92,0.09,-2.36,-1.28,0.14,0.14,19.72,0.07,0.52,3.82,0.33,0.77,0.1,0.3,0.75,0.9
2,0.04,0.42,0.03,0.59,0.66,0.11,0.58,0.19,0.92,0.09,-2.36,-1.28,0.14,0.14,19.72,0.07,0.52,3.82,0.33,0.77,0.1,0.3,0.75,0.9
2,0.04,0.42,0.03,0.59,0.66,0.11,0.58,0.19,0.92,0.09,-2.36,-1.28,0.14,0.14,19.72,0.07,0.52,3.82,0.33,0.77,0.1,0.3,0.75,0.9
2,0.04,0.42,0.03,0.59,0.66,0.11,0.58,0.19,0.92,0.09,-2.36,-1.28,0.14,0.14,19.72,0.07,0.52,3.82,0.33,0.77,0.1,0.3,0.75,0.9
2,0.04,0.42,0.03,0.59,0.66,0.11,0.58,0.19,0.92,0.09,-2.36,-1.28,0.14,0.14,19.72,0.07,0.52,3.82,0.33,0.77,0.1,0.3,0.75,0.9
2,0.04,0.42,0.03,0.59,0.66,0.11,0.58,0.19,0.92,0.09,-2.36,-1.28,0.14,0.14,19.72,0.07,0.52,3.82,0.33,0.77,0.1,0.3,0.75,0.9
2,0.04,0.42,0.03,0.59,0.66,0.11,0.58,0.19,0.92,0.09,-2.36,-1.28,0.14,0.14,19.72,0.07,0.52,3.82,0.33,0.77,0.1,0.3,0.75,0.9
2,0.04,0.42,0.03,0.59,0.66,0.11,0.58,0.19,0.92,0.09,-2.36,-1.28,0.14,0.14,19.72,0.07,0.52,3.82,0.33,0.77,0.1,0.3,0.75,0.9
2,0.04,0.42,0.03,0.59,0.66,0.11,0.58,0.19,0.92,0.09,-2.36,-1.28,0.14,0.14,19.72,0.07,0.52,3.82,0.33,0.77,0.1,0.3,0.75,0.9
2,0.04,0.58,0.09,0.61,0.38,0.13,0.54,0.17,0.94,0.13,0.36,-0.16,0.12,0.1,3.69,0.13,0.45,1.73,0.37,0.66,0.17,0.33,0.61,0.83
2,0.04,0.58,0.09,0.61,0.38,0.13,0.54,0.17,0.94,0.13,0.36,-0.16,0.12,0.1,3.69,0.13,0.45,1.73,0.37,0.66,0.17,0.33,0.61,0.83
2,0.04,0.58,0.09,0.61,0.38,0.13,0.54,0.17,0.94,0.13,0.36,-0.16,0.12,0.1,3.69,0.13,0.45,1.73,0.37,0.66,0.17,0.33,0.61,0.83
2,0.04,0.58,0.09,0.61,0.38,0.13,0.54,0.17,0.94,0.13,0.36,-0.16,0.12,0.1,3.69,0.13,0.45,1.73,0.37,0.66,0.17,0.33,0.61,0.83
2,0.04,0.58,0.09,0.61,0.38,0.13,0.54,0.17,0.94,0.13,0.36,-0.16,0.12,0.1,3.69,0.13,0.45,1.73,0.37,0.66,0.17,0.33,0.61,0.83
2,0.04,0.58,0.09,0.61,0.38,0.13,0.54,0.17,0.94,0.13,0.36,-0.16,0.12,0.1,3.69,0.13,0.45,1.73,0.37,0.66,0.17,0.33,0.61,0.83
2,0.04,0.58,0.09,0.61,0.38,0.13,0.54,0.17,0.94,0.13,0.36,-0.16,0.12,0.1,3.69,0.13,0.45,1.73,0.37,0.66,0.17,0.33,0.61,0.83
2,0.04,0.58,0.09,0.61,0.38,0.13,0.54,0.17,0.94,0.13,0.36,-0.16,0.12,0.1,3.69,0.13,0.45,1.73,0.37,0.66,0.17,0.33,0.61,0.83
2,0.04,0.58,0.09,0.61,0.38,0.13,0.54,0.17,0.94,0.13,0.36,-0.16,0.12,0.1,3.69,0.13,0.45,1.73,0.37,0.66,0.17,0.33,0.61,0.83
2,0.04,0.58,0.09,0.61,0.38,0.13,0.54,0.17,0.94,0.13,0.36,-0.16,0.12,0.1,3.69,0.13,0.45,1.73,0.37,0.66,0.17,0.33,0.61,0.83
2,0.04,0.58,0.09,0.61,0.38,0.13,0.54,0.17,0.94,0.13,0.36,-0.16,0.12,0.1,3.69,0.13,0.45,1.73,0.37,0.66,0.17,0.33,0.61,0.83
2,0.04,0.58,0.09,0.61,0.38,0.13,0.54,0.17,0.94,0.13,0.36,-0.16,0.12,0.1,3.69,0.13,0.45,1.73,0.37,0.66,0.17,0.33,0.61,0.83
2,0.24,0.37,0.08,0.57,0.76,0.15,0.6,0.13,0.95,0.09,-0.76,0.71,0.19,0.16,1.1,0.14,0.53,0.57,0.35,0.59,0.09,0.34,0.56,0.78
2,0.24,0.37,0.08,0.57,0.76,0.15,0.6,0.13,0.95,0.09,-0.76,0.71,0.19,0.16,1.1,0.14,0.53,0.57,0.35,0.59,0.09,0.34,0.56,0.78
2,0.24,0.37,0.08,0.57,0.76,0.15,0.6,0.13,0.95,0.09,-0.76,0.71,0.19,0.16,1.1,0.14,0.53,0.57,0.35,0.59,0.09,0.34,0.56,0.78
2,0.24,0.37,0.08,0.57,0.76,0.15,0.6,0.13,0.95,0.09,-0.76,0.71,0.19,0.16,1.1,0.14,0.53,0.57,0.35,0.59,0.09,0.34,0.56,0.78
2,0.24,0.37,0.08,0.57,0.76,0.15,0.6,0.13,0.95,0.09,-0.76,0.71,0.19,0.16,1.1,0.14,0.53,0.57,0.35,0.59,0.09,0.34,0.56,0.78
2,0.24,0.37,0.08,0.57,0.76,0.15,0.6,0.13,0.95,0.09,-0.76,0.71,0.19,0.16,1.1,0.14,0.53,0.57,0.35,0.59,0.09,0.34,0.56,0.78
2,0.24,0.37,0.08,0.57,0.76,0.15,0.6,0.13,0.95,0.09,-0.76,0.71,0.19,0.16,1.1,0.14,0.53,0.57,0.35,0.59,0.09,0.34,0.56,0.78
2,0.24,0.37,0.08,0.57,0.76,0.15,0.6,0.13,0.95,0.09,-0.76,0.71,0.19,0.16,1.1,0.14,0.53,0.57,0.35,0.59,0.09,0.34,0.56,0.78
2,0.24,0.37,0.08,0.57,0.76,0.15,0.6,0.13,0.95,0.09,-0.76,0.71,0.19,0.16,1.1,0.14,0.53,0.57,0.35,0.59,0.09,0.34,0.56,0.78
2,0.24,0.37,0.08,0.57,0.76,0.15,0.6,0.13,0.95,0.09,-0.76,0.71,0.19,0.16,1.1,0.14,0.53,0.57,0.35,0.59,0.09,0.34,0.56,0.78
2,0.24,0.37,0.08,0.57,0.76,0.15,0.6,0.13,0.95,0.09,-0.76,0.71,0.19,0.16,1.1,0.14,0.53,0.57,0.35,0.59,0.09,0.34,0.56,0.78
2,0.24,0.37,0.08,0.57,0.76,0.15,0.6,0.13,0.95,0.09,-0.76,0.71,0.19,0.16,1.1,0.14,0.53,0.57,0.35,0.59,0.09,0.34,0.56,0.78
2,0.12,0.38,0.3,0.45,0.81,0.18,0.73,0.27,0.92,0.14,-4.03,1.06,0.11,0.11,8.92,0.1,0.71,12.34,0.38,0.74,0.07,0.38,0.74,0.86
2,0.12,0.38,0.3,0.45,0.81,0.18,0.73,0.27,0.92,0.14,-4.03,1.06,0.11,0.11,8.92,0.1,0.71,12.34,0.38,0.74,0.07,0.38,0.74,0.86
2,0.12,0.38,0.3,0.45,0.81,0.18,0.73,0.27,0.92,0.14,-4.03,1.06,0.11,0.11,8.92,0.1,0.71,12.34,0.38,0.74,0.07,0.38,0.74,0.86
2,0.12,0.38,0.3,0.45,0.81,0.18,0.73,0.27,0.92,0.14,-4.03,1.06,0.11,0.11,8.92,0.1,0.71,12.34,0.38,0.74,0.07,0.38,0.74,0.86
2,0.12,0.38,0.3,0.45,0.81,0.18,0.73,0.27,0.92,0.14,-4.03,1.06,0.11,0.11,8.92,0.1,0.71,12.34,0.38,0.74,0.07,0.38,0.74,0.86
2,0.12,0.38,0.3,0.45,0.81,0.18,0.73,0.27,0.92,0.14,-4.03,1.06,0.11,0.11,8.92,0.1,0.71,12.34,0.38,0.74,0.07,0.38,0.74,0.86
2,0.12,0.38,0.3,0.45,0.81,0.18,0.73,0.27,0.92,0.14,-4.03,1.06,0.11,0.11,8.92,0.1,0.71,12.34,0.38,0.74,0.07,0.38,0.74,0.86
2,0.12,0.38,0.3,0.45,0.81,0.18,0.73,0.27,0.92,0.14,-4.03,1.06,0.11,0.11,8.92,0.1,0.71,12.34,0.38,0.74,0.07,0.38,0.74,0.86
2,0.12,0.38,0.3,0.45,0.81,0.18,0.73,0.27,0.92,0.14,-4.03,1.06,0.11,0.11,8.92,0.1,0.71,12.34,0.38,0.74,0.07,0.38,0.74,0.86
2,0.12,0.38,0.3,0.45,0.81,0.18,0.73,0.27,0.92,0.14,-4.03,1.06,0.11,0.11,8.92,0.1,0.71,12.34,0.38,0.74,0.07,0.38,0.74,0.86
2,0.12,0.38,0.3,0.45,0.81,0.18,0.73,0.27,0.92,0.14,-4.03,1.06,0.11,0.11,8.92,0.1,0.71,12.34,0.38,0.74,0.07,0.38,0.74,0.86
2,0.12,0.38,0.3,0.45,0.81,0.18,0.73,0.27,0.92,0.14,-4.03,1.06,0.11,0.11,8.92,0.1,0.71,12.34,0.38,0.74,0.07,0.38,0.74,0.86
2,0.13,0.3,0.31,0.3,0.74,0.14,0.71,0.07,0.98,0.11,-1.04,2.03,0.23,0.21,0.72,0.17,0.51,7.56,0.37,0.77,0.08,0.35,0.75,0.82
2,0.13,0.3,0.31,0.3,0.74,0.14,0.71,0.07,0.98,0.11,-1.04,2.03,0.23,0.21,0.72,0.17,0.51,7.56,0.37,0.77,0.08,0.35,0.75,0.82
2,0.13,0.3,0.31,0.3,0.74,0.14,0.71,0.07,0.98,0.11,-1.04,2.03,0.23,0.21,0.72,0.17,0.51,7.56,0.37,0.77,0.08,0.35,0.75,0.82
2,0.13,0.3,0.31,0.3,0.74,0.14,0.71,0.07,0.98,0.11,-1.04,2.03,0.23,0.21,0.72,0.17,0.51,7.56,0.37,0.77,0.08,0.35,0.75,0.82
2,0.13,0.3,0.31,0.3,0.74,0.14,0.71,0.07,0.98,0.11,-1.04,2.03,0.23,0.21,0.72,0.17,0.51,7.56,0.37,0.77,0.08,0.35,0.75,0.82
2,0.13,0.3,0.31,0.3,0.74,0.14,0.71,0.07,0.98,0.11,-1.04,2.03,0.23,0.21,0.72,0.17,0.51,7.56,0.37,0.77,0.08,0.35,0.75,0.82
2,0.13,0.3,0.31,0.3,0.74,0.14,0.71,0.07,0.98,0.11,-1.04,2.03,0.23,0.21,0.72,0.17,0.51,7.56,0.37,0.77,0.08,0.35,0.75,0.82
2,0.13,0.3,0.31,0.3,0.74,0.14,0.71,0.07,0.98,0.11,-1.04,2.03,0.23,0.21,0.72,0.17,0.51,7.56,0.37,0.77,0.08,0.35,0.75,0.82
2,0.13,0.3,0.31,0.3,0.74,0.14,0.71,0.07,0.98,0.11,-1.04,2.03,0.23,0.21,0.72,0.17,0.51,7.56,0.37,0.77,0.08,0.35,0.75,0.82
2,0.13,0.3,0.31,0.3,0.74,0.14,0.71,0.07,0.98,0.11,-1.04,2.03,0.23,0.21,0.72,0.17,0.51,7.56,0.37,0.77,0.08,0.35,0.75,0.82
2,0.13,0.3,0.31,0.3,0.74,0.14,0.71,0.07,0.98,0.11,-1.04,2.03,0.23,0.21,0.72,0.17,0.51,7.56,0.37,0.77,0.08,0.35,0.75,0.82
2,0.13,0.3,0.31,0.3,0.74,0.14,0.71,0.07,0.98,0.11,-1.04,2.03,0.23,0.21,0.72,0.17,0.51,7.56,0.37,0.77,0.08,0.35,0.75,0.82
2,0.83,0.34,0.35,0.41,0.68,0.11,0.46,0.06,0.97,0.08,-0.3,-0.29,0.13,0.11,1.19,0.08,0.19,1.49,0.23,0.72,0.11,0.27,0.76,0.85
2,0.83,0.34,0.35,0.41,0.68,0.11,0.46,0.06,0.97,0.08,-0.3,-0.29,0.13,0.11,1.19,0.08,0.19,1.49,0.23,0.72,0.11,0.27,0.76,0.85
2,0.83,0.34,0.35,0.41,0.68,0.11,0.46,0.06,0.97,0.08,-0.3,-0.29,0.13,0.11,1.19,0.08,0.19,1.49,0.23,0.72,0.11,0.27,0.76,0.85
2,0.83,0.34,0.35,0.41,0.68,0.11,0.46,0.06,0.97,0.08,-0.3,-0.29,0.13,0.11,1.19,0.08,0.19,1.49,0.23,0.72,0.11,0.27,0.76,0.85
2,0.83,0.34,0.35,0.41,0.68,0.11,0.46,0.06,0.97,0.08,-0.3,-0.29,0.13,0.11,1.19,0.08,0.19,1.49,0.23,0.72,0.11,0.27,0.76,0.85
2,0.83,0.34,0.35,0.41,0.68,0.11,0.46,0.06,0.97,0.08,-0.3,-0.29,0.13,0.11,1.19,0.08,0.19,1.49,0.23,0.72,0.11,0.27,0.76,0.85
2,0.83,0.34,0.35,0.41,0.68,0.11,0.46,0.06,0.97,0.08,-0.3,-0.29,0.13,0.11,1.19,0.08,0.19,1.49,0.23,0.72,0.11,0.27,0.76,0.85
2,0.83,0.34,0.35,0.41,0.68,0.11,0.46,0.06,0.97,0.08,-0.3,-0.29,0.13,0.11,1.19,0.08,0.19,1.49,0.23,0.72,0.11,0.27,0.76,0.85
2,0.83,0.34,0.35,0.41,0.68,0.11,0.46,0.06,0.97,0.08,-0.3,-0.29,0.13,0.11,1.19,0.08,0.19,1.49,0.23,0.72,0.11,0.27,0.76,0.85
2,0.83,0.34,0.35,0.41,0.68,0.11,0.46,0.06,0.97,0.08,-0.3,-0.29,0.13,0.11,1.19,0.08,0.19,1.49,0.23,0.72,0.11,0.27,0.76,0.85
2,0.83,0.34,0.35,0.41,0.68,0.11,0.46,0.06,0.97,0.08,-0.3,-0.29,0.13,0.11,1.19,0.08,0.19,1.49,0.23,0.72,0.11,0.27,0.76,0.85
2,0.83,0.34,0.35,0.41,0.68,0.11,0.46,0.06,0.97,0.08,-0.3,-0.29,0.13,0.11,1.19,0.08,0.19,1.49,0.23,0.72,0.11,0.27,0.76,0.85
2,0.05,0.61,0.07,0.46,0.29,0.14,0.83,0.07,0.96,0.14,1.55,-0.09,0.13,0.12,5.45,0.11,0.38,2.04,0.27,0.89,0.15,0.23,0.87,0.9
2,0.05,0.61,0.07,0.46,0.29,0.14,0.83,0.07,0.96,0.14,1.55,-0.09,0.13,0.12,5.45,0.11,0.38,2.04,0.27,0.89,0.15,0.23,0.87,0.9
2,0.05,0.61,0.07,0.46,0.29,0.14,0.83,0.07,0.96,0.14,1.55,-0.09,0.13,0.12,5.45,0.11,0.38,2.04,0.27,0.89,0.15,0.23,0.87,0.9
2,0.05,0.61,0.07,0.46,0.29,0.14,0.83,0.07,0.96,0.14,1.55,-0.09,0.13,0.12,5.45,0.11,0.38,2.04,0.27,0.89,0.15,0.23,0.87,0.9
2,0.05,0.61,0.07,0.46,0.29,0.14,0.83,0.07,0.96,0.14,1.55,-0.09,0.13,0.12,5.45,0.11,0.38,2.04,0.27,0.89,0.15,0.23,0.87,0.9
2,0.05,0.61,0.07,0.46,0.29,0.14,0.83,0.07,0.96,0.14,1.55,-0.09,0.13,0.12,5.45,0.11,0.38,2.04,0.27,0.89,0.15,0.23,0.87,0.9
2,0.05,0.61,0.07,0.46,0.29,0.14,0.83,0.07,0.96,0.14,1.55,-0.09,0.13,0.12,5.45,0.11,0.38,2.04,0.27,0.89,0.15,0.23,0.87,0.9
2,0.05,0.61,0.07,0.46,0.29,0.14,0.83,0.07,0.96,0.14,1.55,-0.09,0.13,0.12,5.45,0.11,0.38,2.04,0.27,0.89,0.15,0.23,0.87,0.9
2,0.05,0.61,0.07,0.46,0.29,0.14,0.83,0.07,0.96,0.14,1.55,-0.09,0.13,0.12,5.45,0.11,0.38,2.04,0.27,0.89,0.15,0.23,0.87,0.9
2,0.05,0.61,0.07,0.46,0.29,0.14,0.83,0.07,0.96,0.14,1.55,-0.09,0.13,0.12,5.45,0.11,0.38,2.04,0.27,0.89,0.15,0.23,0.87,0.9
2,0.05,0.61,0.07,0.46,0.29,0.14,0.83,0.07,0.96,0.14,1.55,-0.09,0.13,0.12,5.45,0.11,0.38,2.04,0.27,0.89,0.15,0.23,0.87,0.9
2,0.05,0.61,0.07,0.46,0.29,0.14,0.83,0.07,0.96,0.14,1.55,-0.09,0.13,0.12,5.45,0.11,0.38,2.04,0.27,0.89,0.15,0.23,0.87,0.9
3,0.06,0.52,0.05,0.55,0.44,0.14,0.73,0.22,0.94,0.15,-0.48,-0.66,0.22,0.21,8.75,0.09,0.52,9.18,0.35,0.75,0.11,0.3,0.7,0.85
3,0.06,0.52,0.05,0.55,0.44,0.14,0.73,0.22,0.94,0.15,-0.48,-0.66,0.22,0.21,8.75,0.09,0.52,9.18,0.35,0.75,0.11,0.3,0.7,0.85
3,0.06,0.52,0.05,0.55,0.44,0.14,0.73,0.22,0.94,0.15,-0.48,-0.66,0.22,0.21,8.75,0.09,0.52,9.18,0.35,0.75,0.11,0.3,0.7,0.85
3,0.06,0.52,0.05,0.55,0.44,0.14,0.73,0.22,0.94,0.15,-0.48,-0.66,0.22,0.21,8.75,0.09,0.52,9.18,0.35,0.75,0.11,0.3,0.7,0.85
3,0.06,0.52,0.05,0.55,0.44,0.14,0.73,0.22,0.94,0.15,-0.48,-0.66,0.22,0.21,8.75,0.09,0.52,9.18,0.35,0.75,0.11,0.3,0.7,0.85
3,0.06,0.52,0.05,0.55,0.44,0.14,0.73,0.22,0.94,0.15,-0.48,-0.66,0.22,0.21,8.75,0.09,0.52,9.18,0.35,0.75,0.11,0.3,0.7,0.85
3,0.06,0.52,0.05,0.55,0.44,0.14,0.73,0.22,0.94,0.15,-0.48,-0.66,0.22,0.21,8.75,0.09,0.52,9.18,0.35,0.75,0.11,0.3,0.7,0.85
3,0.06,0.52,0.05,0.55,0.44,0.14,0.73,0.22,0.94,0.15,-0.48,-0.66,0.22,0.21,8.75,0.09,0.52,9.18,0.35,0.75,0.11,0.3,0.7,0.85
3,0.06,0.52,0.05,0.55,0.44,0.14,0.73,0.22,0.94,0.15,-0.48,-0.66,0.22,0.21,8.75,0.09,0.52,9.18,0.35,0.75,0.11,0.3,0.7,0.85
3,0.06,0.52,0.05,0.55,0.44,0.14,0.73,0.22,0.94,0.15,-0.48,-0.66,0.22,0.21,8.75,0.09,0.52,9.18,0.35,0.75,0.11,0.3,0.7,0.85
3,0.06,0.52,0.05,0.55,0.44,0.14,0.73,0.22,0.94,0.15,-0.48,-0.66,0.22,0.21,8.75,0.09,0.52,9.18,0.35,0.75,0.11,0.3,0.7,0.85
3,0.06,0.52,0.05,0.55,0.44,0.14,0.73,0.22,0.94,0.15,-0.48,-0.66,0.22,0.21,8.75,0.09,0.52,9.18,0.35,0.75,0.11,0.3,0.7,0.85
3,0.55,0.4,0.4,0.41,0.44,0.11,0.67,0.16,0.97,0.16,0.01,0.54,0.24,0.24,3.38,0.15,0.39,2.94,0.38,0.54,0.2,0.38,0.54,0.59
3,0.55,0.4,0.4,0.41,0.44,0.11,0.67,0.16,0.97,0.16,0.01,0.54,0.24,0.24,3.38,0.15,0.39,2.94,0.38,0.54,0.2,0.38,0.54,0.59
3,0.55,0.4,0.4,0.41,0.44,0.11,0.67,0.16,0.97,0.16,0.01,0.54,0.24,0.24,3.38,0.15,0.39,2.94,0.38,0.54,0.2,0.38,0.54,0.59
3,0.55,0.4,0.4,0.41,0.44,0.11,0.67,0.16,0.97,0.16,0.01,0.54,0.24,0.24,3.38,0.15,0.39,2.94,0.38,0.54,0.2,0.38,0.54,0.59
3,0.55,0.4,0.4,0.41,0.44,0.11,0.67,0.16,0.97,0.16,0.01,0.54,0.24,0.24,3.38,0.15,0.39,2.94,0.38,0.54,0.2,0.38,0.54,0.59
3,0.55,0.4,0.4,0.41,0.44,0.11,0.67,0.16,0.97,0.16,0.01,0.54,0.24,0.24,3.38,0.15,0.39,2.94,0.38,0.54,0.2,0.38,0.54,0.59
3,0.55,0.4,0.4,0.41,0.44,0.11,0.67,0.16,0.97,0.16,0.01,0.54,0.24,0.24,3.38,0.15,0.39,2.94,0.38,0.54,0.2,0.38,0.54,0.59
3,0.55,0.4,0.4,0.41,0.44,0.11,0.67,0.16,0.97,0.16,0.01,0.54,0.24,0.24,3.38,0.15,0.39,2.94,0.38,0.54,0.2,0.38,0.54,0.59
3,0.55,0.4,0.4,0.41,0.44,0.11,0.67,0.16,0.97,0.16,0.01,0.54,0.24,0.24,3.38,0.15,0.39,2.94,0.38,0.54,0.2,0.38,0.54,0.59
3,0.55,0.4,0.4,0.41,0.44,0.11,0.67,0.16,0.97,0.16,0.01,0.54,0.24,0.24,3.38,0.15,0.39,2.94,0.38,0.54,0.2,0.38,0.54,0.59
3,0.55,0.4,0.4,0.41,0.44,0.11,0.67,0.16,0.97,0.16,0.01,0.54,0.24,0.24,3.38,0.15,0.39,2.94,0.38,0.54,0.2,0.38,0.54,0.59
3,0.55,0.4,0.4,0.41,0.44,0.11,0.67,0.16,0.97,0.16,0.01,0.54,0.24,0.24,3.38,0.15,0.39,2.94,0.38,0.54,0.2,0.38,0.54,0.59
3,0.09,0.44,0.08,0.47,0.37,0.11,0.6,0.14,0.95,0.14,1.49,0.76,0.2,0.19,13.62,0.15,0.34,9.44,0.32,0.7,0.15,0.3,0.67,0.77
3,0.09,0.44,0.08,0.47,0.37,0.11,0.6,0.14,0.95,0.14,1.49,0.76,0.2,0.19,13.62,0.15,0.34,9.44,0.32,0.7,0.15,0.3,0.67,0.77
3,0.09,0.44,0.08,0.47,0.37,0.11,0.6,0.14,0.95,0.14,1.49,0.76,0.2,0.19,13.62,0.15,0.34,9.44,0.32,0.7,0.15,0.3,0.67,0.77
3,0.09,0.44,0.08,0.47,0.37,0.11,0.6,0.14,0.95,0.14,1.49,0.76,0.2,0.19,13.62,0.15,0.34,9.44,0.32,0.7,0.15,0.3,0.67,0.77
3,0.09,0.44,0.08,0.47,0.37,0.11,0.6,0.14,0.95,0.14,1.49,0.76,0.2,0.19,13.62,0.15,0.34,9.44,0.32,0.7,0.15,0.3,0.67,0.77
3,0.09,0.44,0.08,0.47,0.37,0.11,0.6,0.14,0.95,0.14,1.49,0.76,0.2,0.19,13.62,0.15,0.34,9.44,0.32,0.7,0.15,0.3,0.67,0.77
3,0.09,0.44,0.08,0.47,0.37,0.11,0.6,0.14,0.95,0.14,1.49,0.76,0.2,0.19,13.62,0.15,0.34,9.44,0.32,0.7,0.15,0.3,0.67,0.77
3,0.09,0.44,0.08,0.47,0.37,0.11,0.6,0.14,0.95,0.14,1.49,0.76,0.2,0.19,13.62,0.15,0.34,9.44,0.32,0.7,0.15,0.3,0.67,0.77
3,0.09,0.44,0.08,0.47,0.37,0.11,0.6,0.14,0.95,0.14,1.49,0.76,0.2,0.19,13.62,0.15,0.34,9.44,0.32,0.7,0.15,0.3,0.67,0.77
3,0.09,0.44,0.08,0.47,0.37,0.11,0.6,0.14,0.95,0.14,1.49,0.76,0.2,0.19,13.62,0.15,0.34,9.44,0.32,0.7,0.15,0.3,0.67,0.77
3,0.09,0.44,0.08,0.47,0.37,0.11,0.6,0.14,0.95,0.14,1.49,0.76,0.2,0.19,13.62,0.15,0.34,9.44,0.32,0.7,0.15,0.3,0.67,0.77
3,0.09,0.44,0.08,0.47,0.37,0.11,0.6,0.14,0.95,0.14,1.49,0.76,0.2,0.19,13.62,0.15,0.34,9.44,0.32,0.7,0.15,0.3,0.67,0.77
3,0.31,0.44,0.43,0.64,0.61,0.14,0.88,0.16,0.93,0.18,-0.75,-0.7,0.18,0.18,37.1,0.17,0.56,18.18,0.25,0.91,0.17,0.24,0.91,0.94
3,0.31,0.44,0.43,0.64,0.61,0.14,0.88,0.16,0.93,0.18,-0.75,-0.7,0.18,0.18,37.1,0.17,0.56,18.18,0.25,0.91,0.17,0.24,0.91,0.94
3,0.31,0.44,0.43,0.64,0.61,0.14,0.88,0.16,0.93,0.18,-0.75,-0.7,0.18,0.18,37.1,0.17,0.56,18.18,0.25,0.91,0.17,0.24,0.91,0.94
3,0.31,0.44,0.43,0.64,0.61,0.14,0.88,0.16,0.93,0.18,-0.75,-0.7,0.18,0.18,37.1,0.17,0.56,18.18,0.25,0.91,0.17,0.24,0.91,0.94
3,0.31,0.44,0.43,0.64,0.61,0.14,0.88,0.16,0.93,0.18,-0.75,-0.7,0.18,0.18,37.1,0.17,0.56,18.18,0.25,0.91,0.17,0.24,0.91,0.94
3,0.31,0.44,0.43,0.64,0.61,0.14,0.88,0.16,0.93,0.18,-0.75,-0.7,0.18,0.18,37.1,0.17,0.56,18.18,0.25,0.91,0.17,0.24,0.91,0.94
3,0.31,0.44,0.43,0.64,0.61,0.14,0.88,0.16,0.93,0.18,-0.75,-0.7,0.18,0.18,37.1,0.17,0.56,18.18,0.25,0.91,0.17,0.24,0.91,0.94
3,0.31,0.44,0.43,0.64,0.61,0.14,0.88,0.16,0.93,0.18,-0.75,-0.7,0.18,0.18,37.1,0.17,0.56,18.18,0.25,0.91,0.17,0.24,0.91,0.94
3,0.31,0.44,0.43,0.64,0.61,0.14,0.88,0.16,0.93,0.18,-0.75,-0.7,0.18,0.18,37.1,0.17,0.56,18.18,0.25,0.91,0.17,0.24,0.91,0.94
3,0.31,0.44,0.43,0.64,0.61,0.14,0.88,0.16,0.93,0.18,-0.75,-0.7,0.18,0.18,37.1,0.17,0.56,18.18,0.25,0.91,0.17,0.24,0.91,0.94
3,0.31,0.44,0.43,0.64,0.61,0.14,0.88,0.16,0.93,0.18,-0.75,-0.7,0.18,0.18,37.1,0.17,0.56,18.18,0.25,0.91,0.17,0.24,0.91,0.94
3,0.31,0.44,0.43,0.64,0.61,0.14,0.88,0.16,0.93,0.18,-0.75,-0.7,0.18,0.18,37.1,0.17,0.56,18.18,0.25,0.91,0.17,0.24,0.91,0.94
3,0.18,0.51,0.23,0.43,0.53,0.13,0.72,0.5,0.89,0.14,0.07,0.59,0.25,0.25,2.83,0.1,0.28,6.19,0.34,0.75,0.19,0.32,0.74,0.78
3,0.18,0.51,0.23,0.43,0.53,0.13,0.72,0.5,0.89,0.14,0.07,0.59,0.25,0.25,2.83,0.1,0.28,6.19,0.34,0.75,0.19,0.32,0.74,0.78
3,0.18,0.51,0.23,0.43,0.53,0.13,0.72,0.5,0.89,0.14,0.07,0.59,0.25,0.25,2.83,0.1,0.28,6.19,0.34,0.75,0.19,0.32,0.74,0.78
3,0.18,0.51,0.23,0.43,0.53,0.13,0.72,0.5,0.89,0.14,0.07,0.59,0.25,0.25,2.83,0.1,0.28,6.19,0.34,0.75,0.19,0.32,0.74,0.78
3,0.18,0.51,0.23,0.43,0.53,0.13,0.72,0.5,0.89,0.14,0.07,0.59,0.25,0.25,2.83,0.1,0.28,6.19,0.34,0.75,0.19,0.32,0.74,0.78
3,0.18,0.51,0.23,0.43,0.53,0.13,0.72,0.5,0.89,0.14,0.07,0.59,0.25,0.25,2.83,0.1,0.28,6.19,0.34,0.75,0.19,0.32,0.74,0.78
3,0.18,0.51,0.23,0.43,0.53,0.13,0.72,0.5,0.89,0.14,0.07,0.59,0.25,0.25,2.83,0.1,0.28,6.19,0.34,0.75,0.19,0.32,0.74,0.78
3,0.18,0.51,0.23,0.43,0.53,0.13,0.72,0.5,0.89,0.14,0.07,0.59,0.25,0.25,2.83,0.1,0.28,6.19,0.34,0.75,0.19,0.32,0.74,0.78
3,0.18,0.51,0.23,0.43,0.53,0.13,0.72,0.5,0.89,0.14,0.07,0.59,0.25,0.25,2.83,0.1,0.28,6.19,0.34,0.75,0.19,0.32,0.74,0.78
3,0.18,0.51,0.23,0.43,0.53,0.13,0.72,0.5,0.89,0.14,0.07,0.59,0.25,0.25,2.83,0.1,0.28,6.19,0.34,0.75,0.19,0.32,0.74,0.78
3,0.18,0.51,0.23,0.43,0.53,0.13,0.72,0.5,0.89,0.14,0.07,0.59,0.25,0.25,2.83,0.1,0.28,6.19,0.34,0.75,0.19,0.32,0.74,0.78
3,0.18,0.51,0.23,0.43,0.53,0.13,0.72,0.5,0.89,0.14,0.07,0.59,0.25,0.25,2.83,0.1,0.28,6.19,0.34,0.75,0.19,0.32,0.74,0.78
3,0.57,0.5,0.48,0.58,0.66,0.1,0.68,0.23,0.94,0.12,-1.25,-0.37,0.18,0.17,20.71,0.13,0.53,5.44,0.35,0.72,0.13,0.36,0.73,0.83
3,0.57,0.5,0.48,0.58,0.66,0.1,0.68,0.23,0.94,0.12,-1.25,-0.37,0.18,0.17,20.71,0.13,0.53,5.44,0.35,0.72,0.13,0.36,0.73,0.83
3,0.57,0.5,0.48,0.58,0.66,0.1,0.68,0.23,0.94,0.12,-1.25,-0.37,0.18,0.17,20.71,0.13,0.53,5.44,0.35,0.72,0.13,0.36,0.73,0.83
3,0.57,0.5,0.48,0.58,0.66,0.1,0.68,0.23,0.94,0.12,-1.25,-0.37,0.18,0.17,20.71,0.13,0.53,5.44,0.35,0.72,0.13,0.36,0.73,0.83
3,0.57,0.5,0.48,0.58,0.66,0.1,0.68,0.23,0.94,0.12,-1.25,-0.37,0.18,0.17,20.71,0.13,0.53,5.44,0.35,0.72,0.13,0.36,0.73,0.83
3,0.57,0.5,0.48,0.58,0.66,0.1,0.68,0.23,0.94,0.12,-1.25,-0.37,0.18,0.17,20.71,0.13,0.53,5.44,0.35,0.72,0.13,0.36,0.73,0.83
3,0.57,0.5,0.48,0.58,0.66,0.1,0.68,0.23,0.94,0.12,-1.25,-0.37,0.18,0.17,20.71,0.13,0.53,5.44,0.35,0.72,0.13,0.36,0.73,0.83
3,0.57,0.5,0.48,0.58,0.66,0.1,0.68,0.23,0.94,0.12,-1.25,-0.37,0.18,0.17,20.71,0.13,0.53,5.44,0.35,0.72,0.13,0.36,0.73,0.83
3,0.57,0.5,0.48,0.58,0.66,0.1,0.68,0.23,0.94,0.12,-1.25,-0.37,0.18,0.17,20.71,0.13,0.53,5.44,0.35,0.72,0.13,0.36,0.73,0.83
3,0.57,0.5,0.48,0.58,0.66,0.1,0.68,0.23,0.94,0.12,-1.25,-0.37,0.18,0.17,20.71,0.13,0.53,5.44,0.35,0.72,0.13,0.36,0.73,0.83
3,0.57,0.5,0.48,0.58,0.66,0.1,0.68,0.23,0.94,0.12,-1.25,-0.37,0.18,0.17,20.71,0.13,0.53,5.44,0.35,0.72,0.13,0.36,0.73,0.83
3,0.57,0.5,0.48,0.58,0.66,0.1,0.68,0.23,0.94,0.12,-1.25,-0.37,0.18,0.17,20.71,0.13,0.53,5.44,0.35,0.72,0.13,0.36,0.73,0.83
3,0.06,0.44,0.1,0.53,0.49,0.17,0.7,0.12,0.96,0.14,0.83,0.27,0.14,0.13,51.36,0.14,0.56,18.2,0.33,0.8,0.14,0.28,0.76,0.9
3,0.06,0.44,0.1,0.53,0.49,0.17,0.7,0.12,0.96,0.14,0.83,0.27,0.14,0.13,51.36,0.14,0.56,18.2,0.33,0.8,0.14,0.28,0.76,0.9
3,0.06,0.44,0.1,0.53,0.49,0.17,0.7,0.12,0.96,0.14,0.83,0.27,0.14,0.13,51.36,0.14,0.56,18.2,0.33,0.8,0.14,0.28,0.76,0.9
3,0.06,0.44,0.1,0.53,0.49,0.17,0.7,0.12,0.96,0.14,0.83,0.27,0.14,0.13,51.36,0.14,0.56,18.2,0.33,0.8,0.14,0.28,0.76,0.9
3,0.06,0.44,0.1,0.53,0.49,0.17,0.7,0.12,0.96,0.14,0.83,0.27,0.14,0.13,51.36,0.14,0.56,18.2,0.33,0.8,0.14,0.28,0.76,0.9
3,0.06,0.44,0.1,0.53,0.49,0.17,0.7,0.12,0.96,0.14,0.83,0.27,0.14,0.13,51.36,0.14,0.56,18.2,0.33,0.8,0.14,0.28,0.76,0.9
3,0.06,0.44,0.1,0.53,0.49,0.17,0.7,0.12,0.96,0.14,0.83,0.27,0.14,0.13,51.36,0.14,0.56,18.2,0.33,0.8,0.14,0.28,0.76,0.9
3,0.06,0.44,0.1,0.53,0.49,0.17,0.7,0.12,0.96,0.14,0.83,0.27,0.14,0.13,51.36,0.14,0.56,18.2,0.33,0.8,0.14,0.28,0.76,0.9
3,0.06,0.44,0.1,0.53,0.49,0.17,0.7,0.12,0.96,0.14,0.83,0.27,0.14,0.13,51.36,0.14,0.56,18.2,0.33,0.8,0.14,0.28,0.76,0.9
3,0.06,0.44,0.1,0.53,0.49,0.17,0.7,0.12,0.96,0.14,0.83,0.27,0.14,0.13,51.36,0.14,0.56,18.2,0.33,0.8,0.14,0.28,0.76,0.9
3,0.06,0.44,0.1,0.53,0.49,0.17,0.7,0.12,0.96,0.14,0.83,0.27,0.14,0.13,51.36,0.14,0.56,18.2,0.33,0.8,0.14,0.28,0.76,0.9
3,0.06,0.44,0.1,0.53,0.49,0.17,0.7,0.12,0.96,0.14,0.83,0.27,0.14,0.13,51.36,0.14,0.56,18.2,0.33,0.8,0.14,0.28,0.76,0.9
3,0.3,0.44,0.43,0.53,0.48,0.13,0.72,0.39,0.93,0.18,-0.24,-0.1,0.14,0.15,10.94,0.15,0.41,1.97,0.37,0.77,0.19,0.36,0.77,0.82
3,0.3,0.44,0.43,0.53,0.48,0.13,0.72,0.39,0.93,0.18,-0.24,-0.1,0.14,0.15,10.94,0.15,0.41,1.97,0.37,0.77,0.19,0.36,0.77,0.82
3,0.3,0.44,0.43,0.53,0.48,0.13,0.72,0.39,0.93,0.18,-0.24,-0.1,0.14,0.15,10.94,0.15,0.41,1.97,0.37,0.77,0.19,0.36,0.77,0.82
3,0.3,0.44,0.43,0.53,0.48,0.13,0.72,0.39,0.93,0.18,-0.24,-0.1,0.14,0.15,10.94,0.15,0.41,1.97,0.37,0.77,0.19,0.36,0.77,0.82
3,0.3,0.44,0.43,0.53,0.48,0.13,0.72,0.39,0.93,0.18,-0.24,-0.1,0.14,0.15,10.94,0.15,0.41,1.97,0.37,0.77,0.19,0.36,0.77,0.82
3,0.3,0.44,0.43,0.53,0.48,0.13,0.72,0.39,0.93,0.18,-0.24,-0.1,0.14,0.15,10.94,0.15,0.41,1.97,0.37,0.77,0.19,0.36,0.77,0.82
3,0.3,0.44,0.43,0.53,0.48,0.13,0.72,0.39,0.93,0.18,-0.24,-0.1,0.14,0.15,10.94,0.15,0.41,1.97,0.37,0.77,0.19,0.36,0.77,0.82
3,0.3,0.44,0.43,0.53,0.48,0.13,0.72,0.39,0.93,0.18,-0.24,-0.1,0.14,0.15,10.94,0.15,0.41,1.97,0.37,0.77,0.19,0.36,0.77,0.82
3,0.3,0.44,0.43,0.53,0.48,0.13,0.72,0.39,0.93,0.18,-0.24,-0.1,0.14,0.15,10.94,0.15,0.41,1.97,0.37,0.77,0.19,0.36,0.77,0.82
3,0.3,0.44,0.43,0.53,0.48,0.13,0.72,0.39,0.93,0.18,-0.24,-0.1,0.14,0.15,10.94,0.15,0.41,1.97,0.37,0.77,0.19,0.36,0.77,0.82
3,0.3,0.44,0.43,0.53,0.48,0.13,0.72,0.39,0.93,0.18,-0.24,-0.1,0.14,0.15,10.94,0.15,0.41,1.97,0.37,0.77,0.19,0.36,0.77,0.82
3,0.3,0.44,0.43,0.53,0.48,0.13,0.72,0.39,0.93,0.18,-0.24,-0.1,0.14,0.15,10.94,0.15,0.41,1.97,0.37,0.77,0.19,0.36,0.77,0.82
3,0.2,0.52,0.34,0.49,0.4,0.11,0.54,0.31,0.94,0.15,-0.27,-0.33,0.21,0.2,17.67,0.19,0.45,10.61,0.39,0.66,0.16,0.39,0.65,0.74
3,0.2,0.52,0.34,0.49,0.4,0.11,0.54,0.31,0.94,0.15,-0.27,-0.33,0.21,0.2,17.67,0.19,0.45,10.61,0.39,0.66,0.16,0.39,0.65,0.74
3,0.2,0.52,0.34,0.49,0.4,0.11,0.54,0.31,0.94,0.15,-0.27,-0.33,0.21,0.2,17.67,0.19,0.45,10.61,0.39,0.66,0.16,0.39,0.65,0.74
3,0.2,0.52,0.34,0.49,0.4,0.11,0.54,0.31,0.94,0.15,-0.27,-0.33,0.21,0.2,17.67,0.19,0.45,10.61,0.39,0.66,0.16,0.39,0.65,0.74
3,0.2,0.52,0.34,0.49,0.4,0.11,0.54,0.31,0.94,0.15,-0.27,-0.33,0.21,0.2,17.67,0.19,0.45,10.61,0.39,0.66,0.16,0.39,0.65,0.74
3,0.2,0.52,0.34,0.49,0.4,0.11,0.54,0.31,0.94,0.15,-0.27,-0.33,0.21,0.2,17.67,0.19,0.45,10.61,0.39,0.66,0.16,0.39,0.65,0.74
3,0.2,0.52,0.34,0.49,0.4,0.11,0.54,0.31,0.94,0.15,-0.27,-0.33,0.21,0.2,17.67,0.19,0.45,10.61,0.39,0.66,0.16,0.39,0.65,0.74
3,0.2,0.52,0.34,0.49,0.4,0.11,0.54,0.31,0.94,0.15,-0.27,-0.33,0.21,0.2,17.67,0.19,0.45,10.61,0.39,0.66,0.16,0.39,0.65,0.74
3,0.2,0.52,0.34,0.49,0.4,0.11,0.54,0.31,0.94,0.15,-0.27,-0.33,0.21,0.2,17.67,0.19,0.45,10.61,0.39,0.66,0.16,0.39,0.65,0.74
3,0.2,0.52,0.34,0.49,0.4,0.11,0.54,0.31,0.94,0.15,-0.27,-0.33,0.21,0.2,17.67,0.19,0.45,10.61,0.39,0.66,0.16,0.39,0.65,0.74
3,0.2,0.52,0.34,0.49,0.4,0.11,0.54,0.31,0.94,0.15,-0.27,-0.33,0.21,0.2,17.67,0.19,0.45,10.61,0.39,0.66,0.16,0.39,0.65,0.74
3,0.2,0.52,0.34,0.49,0.4,0.11,0.54,0.31,0.94,0.15,-0.27,-0.33,0.21,0.2,17.67,0.19,0.45,10.61,0.39,0.66,0.16,0.39,0.65,0.74
3,0.32,0.36,0.41,0.36,0.4,0.13,0.47,0.89,0.74,0.14,0.26,0.91,0.21,0.19,8.06,0.12,0.3,19.33,0.3,0.63,0.14,0.29,0.61,0.72
3,0.32,0.36,0.41,0.36,0.4,0.13,0.47,0.89,0.74,0.14,0.26,0.91,0.21,0.19,8.06,0.12,0.3,19.33,0.3,0.63,0.14,0.29,0.61,0.72
3,0.32,0.36,0.41,0.36,0.4,0.13,0.47,0.89,0.74,0.14,0.26,0.91,0.21,0.19,8.06,0.12,0.3,19.33,0.3,0.63,0.14,0.29,0.61,0.72
3,0.32,0.36,0.41,0.36,0.4,0.13,0.47,0.89,0.74,0.14,0.26,0.91,0.21,0.19,8.06,0.12,0.3,19.33,0.3,0.63,0.14,0.29,0.61,0.72
3,0.32,0.36,0.41,0.36,0.4,0.13,0.47,0.89,0.74,0.14,0.26,0.91,0.21,0.19,8.06,0.12,0.3,19.33,0.3,0.63,0.14,0.29,0.61,0.72
3,0.32,0.36,0.41,0.36,0.4,0.13,0.47,0.89,0.74,0.14,0.26,0.91,0.21,0.19,8.06,0.12,0.3,19.33,0.3,0.63,0.14,0.29,0.61,0.72
3,0.32,0.36,0.41,0.36,0.4,0.13,0.47,0.89,0.74,0.14,0.26,0.91,0.21,0.19,8.06,0.12,0.3,19.33,0.3,0.63,0.14,0.29,0.61,0.72
3,0.32,0.36,0.41,0.36,0.4,0.13,0.47,0.89,0.74,0.14,0.26,0.91,0.21,0.19,8.06,0.12,0.3,19.33,0.3,0.63,0.14,0.29,0.61,0.72
3,0.32,0.36,0.41,0.36,0.4,0.13,0.47,0.89,0.74,0.14,0.26,0.91,0.21,0.19,8.06,0.12,0.3,19.33,0.3,0.63,0.14,0.29,0.61,0.72
3,0.32,0.36,0.41,0.36,0.4,0.13,0.47,0.89,0.74,0.14,0.26,0.91,0.21,0.19,8.06,0.12,0.3,19.33,0.3,0.63,0.14,0.29,0.61,0.72
3,0.32,0.36,0.41,0.36,0.4,0.13,0.47,0.89,0.74,0.14,0.26,0.91,0.21,0.19,8.06,0.12,0.3,19.33,0.3,0.63,0.14,0.29,0.61,0.72
3,0.32,0.36,0.41,0.36,0.4,0.13,0.47,0.89,0.74,0.14,0.26,0.91,0.21,0.19,8.06,0.12,0.3,19.33,0.3,0.63,0.14,0.29,0.61,0.72
3,0.32,0.38,0.42,0.37,0.4,0.13,0.51,0.82,0.75,0.15,0.2,0.74,0.19,0.19,15.05,0.15,0.38,37.58,0.3,0.67,0.15,0.29,0.66,0.78
3,0.32,0.38,0.42,0.37,0.4,0.13,0.51,0.82,0.75,0.15,0.2,0.74,0.19,0.19,15.05,0.15,0.38,37.58,0.3,0.67,0.15,0.29,0.66,0.78
3,0.32,0.38,0.42,0.37,0.4,0.13,0.51,0.82,0.75,0.15,0.2,0.74,0.19,0.19,15.05,0.15,0.38,37.58,0.3,0.67,0.15,0.29,0.66,0.78
3,0.32,0.38,0.42,0.37,0.4,0.13,0.51,0.82,0.75,0.15,0.2,0.74,0.19,0.19,15.05,0.15,0.38,37.58,0.3,0.67,0.15,0.29,0.66,0.78
3,0.32,0.38,0.42,0.37,0.4,0.13,0.51,0.82,0.75,0.15,0.2,0.74,0.19,0.19,15.05,0.15,0.38,37.58,0.3,0.67,0.15,0.29,0.66,0.78
3,0.32,0.38,0.42,0.37,0.4,0.13,0.51,0.82,0.75,0.15,0.2,0.74,0.19,0.19,15.05,0.15,0.38,37.58,0.3,0.67,0.15,0.29,0.66,0.78
3,0.32,0.38,0.42,0.37,0.4,0.13,0.51,0.82,0.75,0.15,0.2,0.74,0.19,0.19,15.05,0.15,0.38,37.58,0.3,0.67,0.15,0.29,0.66,0.78
3,0.32,0.38,0.42,0.37,0.4,0.13,0.51,0.82,0.75,0.15,0.2,0.74,0.19,0.19,15.05,0.15,0.38,37.58,0.3,0.67,0.15,0.29,0.66,0.78
3,0.32,0.38,0.42,0.37,0.4,0.13,0.51,0.82,0.75,0.15,0.2,0.74,0.19,0.19,15.05,0.15,0.38,37.58,0.3,0.67,0.15,0.29,0.66,0.78
3,0.32,0.38,0.42,0.37,0.4,0.13,0.51,0.82,0.75,0.15,0.2,0.74,0.19,0.19,15.05,0.15,0.38,37.58,0.3,0.67,0.15,0.29,0.66,0.78
3,0.32,0.38,0.42,0.37,0.4,0.13,0.51,0.82,0.75,0.15,0.2,0.74,0.19,0.19,15.05,0.15,0.38,37.58,0.3,0.67,0.15,0.29,0.66,0.78
3,0.32,0.38,0.42,0.37,0.4,0.13,0.51,0.82,0.75,0.15,0.2,0.74,0.19,0.19,15.05,0.15,0.38,37.58,0.3,0.67,0.15,0.29,0.66,0.78
3,0.34,0.39,0.43,0.37,0.42,0.12,0.7,0.53,0.79,0.13,0.31,0.86,0.19,0.18,6.6,0.11,0.31,12.97,0.24,0.88,0.13,0.23,0.87,0.91
3,0.34,0.39,0.43,0.37,0.42,0.12,0.7,0.53,0.79,0.13,0.31,0.86,0.19,0.18,6.6,0.11,0.31,12.97,0.24,0.88,0.13,0.23,0.87,0.91
3,0.34,0.39,0.43,0.37,0.42,0.12,0.7,0.53,0.79,0.13,0.31,0.86,0.19,0.18,6.6,0.11,0.31,12.97,0.24,0.88,0.13,0.23,0.87,0.91
3,0.34,0.39,0.43,0.37,0.42,0.12,0.7,0.53,0.79,0.13,0.31,0.86,0.19,0.18,6.6,0.11,0.31,12.97,0.24,0.88,0.13,0.23,0.87,0.91
3,0.34,0.39,0.43,0.37,0.42,0.12,0.7,0.53,0.79,0.13,0.31,0.86,0.19,0.18,6.6,0.11,0.31,12.97,0.24,0.88,0.13,0.23,0.87,0.91
3,0.34,0.39,0.43,0.37,0.42,0.12,0.7,0.53,0.79,0.13,0.31,0.86,0.19,0.18,6.6,0.11,0.31,12.97,0.24,0.88,0.13,0.23,0.87,0.91
3,0.34,0.39,0.43,0.37,0.42,0.12,0.7,0.53,0.79,0.13,0.31,0.86,0.19,0.18,6.6,0.11,0.31,12.97,0.24,0.88,0.13,0.23,0.87,0.91
3,0.34,0.39,0.43,0.37,0.42,0.12,0.7,0.53,0.79,0.13,0.31,0.86,0.19,0.18,6.6,0.11,0.31,12.97,0.24,0.88,0.13,0.23,0.87,0.91
3,0.34,0.39,0.43,0.37,0.42,0.12,0.7,0.53,0.79,0.13,0.31,0.86,0.19,0.18,6.6,0.11,0.31,12.97,0.24,0.88,0.13,0.23,0.87,0.91
3,0.34,0.39,0.43,0.37,0.42,0.12,0.7,0.53,0.79,0.13,0.31,0.86,0.19,0.18,6.6,0.11,0.31,12.97,0.24,0.88,0.13,0.23,0.87,0.91
3,0.34,0.39,0.43,0.37,0.42,0.12,0.7,0.53,0.79,0.13,0.31,0.86,0.19,0.18,6.6,0.11,0.31,12.97,0.24,0.88,0.13,0.23,0.87,0.91
3,0.34,0.39,0.43,0.37,0.42,0.12,0.7,0.53,0.79,0.13,0.31,0.86,0.19,0.18,6.6,0.11,0.31,12.97,0.24,0.88,0.13,0.23,0.87,0.91
3,0.07,0.48,0.11,0.57,0.57,0.15,0.62,0.36,0.91,0.16,-0.6,-0.5,0.18,0.17,17.78,0.18,0.58,17.27,0.33,0.83,0.15,0.28,0.81,0.89
3,0.07,0.48,0.11,0.57,0.57,0.15,0.62,0.36,0.91,0.16,-0.6,-0.5,0.18,0.17,17.78,0.18,0.58,17.27,0.33,0.83,0.15,0.28,0.81,0.89
3,0.07,0.48,0.11,0.57,0.57,0.15,0.62,0.36,0.91,0.16,-0.6,-0.5,0.18,0.17,17.78,0.18,0.58,17.27,0.33,0.83,0.15,0.28,0.81,0.89
3,0.07,0.48,0.11,0.57,0.57,0.15,0.62,0.36,0.91,0.16,-0.6,-0.5,0.18,0.17,17.78,0.18,0.58,17.27,0.33,0.83,0.15,0.28,0.81,0.89
3,0.07,0.48,0.11,0.57,0.57,0.15,0.62,0.36,0.91,0.16,-0.6,-0.5,0.18,0.17,17.78,0.18,0.58,17.27,0.33,0.83,0.15,0.28,0.81,0.89
3,0.07,0.48,0.11,0.57,0.57,0.15,0.62,0.36,0.91,0.16,-0.6,-0.5,0.18,0.17,17.78,0.18,0.58,17.27,0.33,0.83,0.15,0.28,0.81,0.89
3,0.07,0.48,0.11,0.57,0.57,0.15,0.62,0.36,0.91,0.16,-0.6,-0.5,0.18,0.17,17.78,0.18,0.58,17.27,0.33,0.83,0.15,0.28,0.81,0.89
3,0.07,0.48,0.11,0.57,0.57,0.15,0.62,0.36,0.91,0.16,-0.6,-0.5,0.18,0.17,17.78,0.18,0.58,17.27,0.33,0.83,0.15,0.28,0.81,0.89
3,0.07,0.48,0.11,0.57,0.57,0.15,0.62,0.36,0.91,0.16,-0.6,-0.5,0.18,0.17,17.78,0.18,0.58,17.27,0.33,0.83,0.15,0.28,0.81,0.89
3,0.07,0.48,0.11,0.57,0.57,0.15,0.62,0.36,0.91,0.16,-0.6,-0.5,0.18,0.17,17.78,0.18,0.58,17.27,0.33,0.83,0.15,0.28,0.81,0.89
3,0.07,0.48,0.11,0.57,0.57,0.15,0.62,0.36,0.91,0.16,-0.6,-0.5,0.18,0.17,17.78,0.18,0.58,17.27,0.33,0.83,0.15,0.28,0.81,0.89
3,0.07,0.48,0.11,0.57,0.57,0.15,0.62,0.36,0.91,0.16,-0.6,-0.5,0.18,0.17,17.78,0.18,0.58,17.27,0.33,0.83,0.15,0.28,0.81,0.89
3,0.12,0.56,0.18,0.54,0.46,0.14,0.44,0.29,0.92,0.18,-0.07,-1.09,0.21,0.2,15.72,0.16,0.56,35.8,0.34,0.52,0.17,0.3,0.43,0.66
3,0.12,0.56,0.18,0.54,0.46,0.14,0.44,0.29,0.92,0.18,-0.07,-1.09,0.21,0.2,15.72,0.16,0.56,35.8,0.34,0.52,0.17,0.3,0.43,0.66
3,0.12,0.56,0.18,0.54,0.46,0.14,0.44,0.29,0.92,0.18,-0.07,-1.09,0.21,0.2,15.72,0.16,0.56,35.8,0.34,0.52,0.17,0.3,0.43,0.66
3,0.12,0.56,0.18,0.54,0.46,0.14,0.44,0.29,0.92,0.18,-0.07,-1.09,0.21,0.2,15.72,0.16,0.56,35.8,0.34,0.52,0.17,0.3,0.43,0.66
3,0.12,0.56,0.18,0.54,0.46,0.14,0.44,0.29,0.92,0.18,-0.07,-1.09,0.21,0.2,15.72,0.16,0.56,35.8,0.34,0.52,0.17,0.3,0.43,0.66
3,0.12,0.56,0.18,0.54,0.46,0.14,0.44,0.29,0.92,0.18,-0.07,-1.09,0.21,0.2,15.72,0.16,0.56,35.8,0.34,0.52,0.17,0.3,0.43,0.66
3,0.12,0.56,0.18,0.54,0.46,0.14,0.44,0.29,0.92,0.18,-0.07,-1.09,0.21,0.2,15.72,0.16,0.56,35.8,0.34,0.52,0.17,0.3,0.43,0.66
3,0.12,0.56,0.18,0.54,0.46,0.14,0.44,0.29,0.92,0.18,-0.07,-1.09,0.21,0.2,15.72,0.16,0.56,35.8,0.34,0.52,0.17,0.3,0.43,0.66
3,0.12,0.56,0.18,0.54,0.46,0.14,0.44,0.29,0.92,0.18,-0.07,-1.09,0.21,0.2,15.72,0.16,0.56,35.8,0.34,0.52,0.17,0.3,0.43,0.66
3,0.12,0.56,0.18,0.54,0.46,0.14,0.44,0.29,0.92,0.18,-0.07,-1.09,0.21,0.2,15.72,0.16,0.56,35.8,0.34,0.52,0.17,0.3,0.43,0.66
3,0.12,0.56,0.18,0.54,0.46,0.14,0.44,0.29,0.92,0.18,-0.07,-1.09,0.21,0.2,15.72,0.16,0.56,35.8,0.34,0.52,0.17,0.3,0.43,0.66
3,0.12,0.56,0.18,0.54,0.46,0.14,0.44,0.29,0.92,0.18,-0.07,-1.09,0.21,0.2,15.72,0.16,0.56,35.8,0.34,0.52,0.17,0.3,0.43,0.66
3,0.16,0.62,0.31,0.62,0.5,0.16,0.4,0.14,0.95,0.15,0.37,-0.82,0.2,0.18,13.11,0.14,0.54,10.47,0.32,0.5,0.16,0.31,0.45,0.69
3,0.16,0.62,0.31,0.62,0.5,0.16,0.4,0.14,0.95,0.15,0.37,-0.82,0.2,0.18,13.11,0.14,0.54,10.47,0.32,0.5,0.16,0.31,0.45,0.69
3,0.16,0.62,0.31,0.62,0.5,0.16,0.4,0.14,0.95,0.15,0.37,-0.82,0.2,0.18,13.11,0.14,0.54,10.47,0.32,0.5,0.16,0.31,0.45,0.69
3,0.16,0.62,0.31,0.62,0.5,0.16,0.4,0.14,0.95,0.15,0.37,-0.82,0.2,0.18,13.11,0.14,0.54,10.47,0.32,0.5,0.16,0.31,0.45,0.69
3,0.16,0.62,0.31,0.62,0.5,0.16,0.4,0.14,0.95,0.15,0.37,-0.82,0.2,0.18,13.11,0.14,0.54,10.47,0.32,0.5,0.16,0.31,0.45,0.69
3,0.16,0.62,0.31,0.62,0.5,0.16,0.4,0.14,0.95,0.15,0.37,-0.82,0.2,0.18,13.11,0.14,0.54,10.47,0.32,0.5,0.16,0.31,0.45,0.69
3,0.16,0.62,0.31,0.62,0.5,0.16,0.4,0.14,0.95,0.15,0.37,-0.82,0.2,0.18,13.11,0.14,0.54,10.47,0.32,0.5,0.16,0.31,0.45,0.69
3,0.16,0.62,0.31,0.62,0.5,0.16,0.4,0.14,0.95,0.15,0.37,-0.82,0.2,0.18,13.11,0.14,0.54,10.47,0.32,0.5,0.16,0.31,0.45,0.69
3,0.16,0.62,0.31,0.62,0.5,0.16,0.4,0.14,0.95,0.15,0.37,-0.82,0.2,0.18,13.11,0.14,0.54,10.47,0.32,0.5,0.16,0.31,0.45,0.69
3,0.16,0.62,0.31,0.62,0.5,0.16,0.4,0.14,0.95,0.15,0.37,-0.82,0.2,0.18,13.11,0.14,0.54,10.47,0.32,0.5,0.16,0.31,0.45,0.69
3,0.16,0.62,0.31,0.62,0.5,0.16,0.4,0.14,0.95,0.15,0.37,-0.82,0.2,0.18,13.11,0.14,0.54,10.47,0.32,0.5,0.16,0.31,0.45,0.69
3,0.16,0.62,0.31,0.62,0.5,0.16,0.4,0.14,0.95,0.15,0.37,-0.82,0.2,0.18,13.11,0.14,0.54,10.47,0.32,0.5,0.16,0.31,0.45,0.69
3,0.22,0.54,0.37,0.6,0.5,0.15,0.68,0.23,0.94,0.15,-0.07,-0.35,0.21,0.19,12.95,0.14,0.49,11.95,0.35,0.75,0.16,0.33,0.73,0.84
3,0.22,0.54,0.37,0.6,0.5,0.15,0.68,0.23,0.94,0.15,-0.07,-0.35,0.21,0.19,12.95,0.14,0.49,11.95,0.35,0.75,0.16,0.33,0.73,0.84
3,0.22,0.54,0.37,0.6,0.5,0.15,0.68,0.23,0.94,0.15,-0.07,-0.35,0.21,0.19,12.95,0.14,0.49,11.95,0.35,0.75,0.16,0.33,0.73,0.84
3,0.22,0.54,0.37,0.6,0.5,0.15,0.68,0.23,0.94,0.15,-0.07,-0.35,0.21,0.19,12.95,0.14,0.49,11.95,0.35,0.75,0.16,0.33,0.73,0.84
3,0.22,0.54,0.37,0.6,0.5,0.15,0.68,0.23,0.94,0.15,-0.07,-0.35,0.21,0.19,12.95,0.14,0.49,11.95,0.35,0.75,0.16,0.33,0.73,0.84
3,0.22,0.54,0.37,0.6,0.5,0.15,0.68,0.23,0.94,0.15,-0.07,-0.35,0.21,0.19,12.95,0.14,0.49,11.95,0.35,0.75,0.16,0.33,0.73,0.84
3,0.22,0.54,0.37,0.6,0.5,0.15,0.68,0.23,0.94,0.15,-0.07,-0.35,0.21,0.19,12.95,0.14,0.49,11.95,0.35,0.75,0.16,0.33,0.73,0.84
3,0.22,0.54,0.37,0.6,0.5,0.15,0.68,0.23,0.94,0.15,-0.07,-0.35,0.21,0.19,12.95,0.14,0.49,11.95,0.35,0.75,0.16,0.33,0.73,0.84
3,0.22,0.54,0.37,0.6,0.5,0.15,0.68,0.23,0.94,0.15,-0.07,-0.35,0.21,0.19,12.95,0.14,0.49,11.95,0.35,0.75,0.16,0.33,0.73,0.84
3,0.22,0.54,0.37,0.6,0.5,0.15,0.68,0.23,0.94,0.15,-0.07,-0.35,0.21,0.19,12.95,0.14,0.49,11.95,0.35,0.75,0.16,0.33,0.73,0.84
3,0.22,0.54,0.37,0.6,0.5,0.15,0.68,0.23,0.94,0.15,-0.07,-0.35,0.21,0.19,12.95,0.14,0.49,11.95,0.35,0.75,0.16,0.33,0.73,0.84
3,0.22,0.54,0.37,0.6,0.5,0.15,0.68,0.23,0.94,0.15,-0.07,-0.35,0.21,0.19,12.95,0.14,0.49,11.95,0.35,0.75,0.16,0.33,0.73,0.84
3,0.06,0.49,0.1,0.5,0.37,0.11,0.62,0.15,0.96,0.12,1.21,0.5,0.2,0.17,13.99,0.18,0.37,3.94,0.33,0.79,0.13,0.29,0.77,0.84
3,0.06,0.49,0.1,0.5,0.37,0.11,0.62,0.15,0.96,0.12,1.21,0.5,0.2,0.17,13.99,0.18,0.37,3.94,0.33,0.79,0.13,0.29,0.77,0.84
3,0.06,0.49,0.1,0.5,0.37,0.11,0.62,0.15,0.96,0.12,1.21,0.5,0.2,0.17,13.99,0.18,0.37,3.94,0.33,0.79,0.13,0.29,0.77,0.84
3,0.06,0.49,0.1,0.5,0.37,0.11,0.62,0.15,0.96,0.12,1.21,0.5,0.2,0.17,13.99,0.18,0.37,3.94,0.33,0.79,0.13,0.29,0.77,0.84
3,0.06,0.49,0.1,0.5,0.37,0.11,0.62,0.15,0.96,0.12,1.21,0.5,0.2,0.17,13.99,0.18,0.37,3.94,0.33,0.79,0.13,0.29,0.77,0.84
3,0.06,0.49,0.1,0.5,0.37,0.11,0.62,0.15,0.96,0.12,1.21,0.5,0.2,0.17,13.99,0.18,0.37,3.94,0.33,0.79,0.13,0.29,0.77,0.84
3,0.06,0.49,0.1,0.5,0.37,0.11,0.62,0.15,0.96,0.12,1.21,0.5,0.2,0.17,13.99,0.18,0.37,3.94,0.33,0.79,0.13,0.29,0.77,0.84
3,0.06,0.49,0.1,0.5,0.37,0.11,0.62,0.15,0.96,0.12,1.21,0.5,0.2,0.17,13.99,0.18,0.37,3.94,0.33,0.79,0.13,0.29,0.77,0.84
3,0.06,0.49,0.1,0.5,0.37,0.11,0.62,0.15,0.96,0.12,1.21,0.5,0.2,0.17,13.99,0.18,0.37,3.94,0.33,0.79,0.13,0.29,0.77,0.84
3,0.06,0.49,0.1,0.5,0.37,0.11,0.62,0.15,0.96,0.12,1.21,0.5,0.2,0.17,13.99,0.18,0.37,3.94,0.33,0.79,0.13,0.29,0.77,0.84
3,0.06,0.49,0.1,0.5,0.37,0.11,0.62,0.15,0.96,0.12,1.21,0.5,0.2,0.17,13.99,0.18,0.37,3.94,0.33,0.79,0.13,0.29,0.77,0.84
3,0.06,0.49,0.1,0.5,0.37,0.11,0.62,0.15,0.96,0.12,1.21,0.5,0.2,0.17,13.99,0.18,0.37,3.94,0.33,0.79,0.13,0.29,0.77,0.84
3,0.06,0.54,0.1,0.48,0.3,0.1,0.68,0.16,0.95,0.12,1.13,0.48,0.22,0.2,15.54,0.18,0.33,5.22,0.32,0.78,0.12,0.28,0.75,0.82
3,0.06,0.54,0.1,0.48,0.3,0.1,0.68,0.16,0.95,0.12,1.13,0.48,0.22,0.2,15.54,0.18,0.33,5.22,0.32,0.78,0.12,0.28,0.75,0.82
3,0.06,0.54,0.1,0.48,0.3,0.1,0.68,0.16,0.95,0.12,1.13,0.48,0.22,0.2,15.54,0.18,0.33,5.22,0.32,0.78,0.12,0.28,0.75,0.82
3,0.06,0.54,0.1,0.48,0.3,0.1,0.68,0.16,0.95,0.12,1.13,0.48,0.22,0.2,15.54,0.18,0.33,5.22,0.32,0.78,0.12,0.28,0.75,0.82
3,0.06,0.54,0.1,0.48,0.3,0.1,0.68,0.16,0.95,0.12,1.13,0.48,0.22,0.2,15.54,0.18,0.33,5.22,0.32,0.78,0.12,0.28,0.75,0.82
3,0.06,0.54,0.1,0.48,0.3,0.1,0.68,0.16,0.95,0.12,1.13,0.48,0.22,0.2,15.54,0.18,0.33,5.22,0.32,0.78,0.12,0.28,0.75,0.82
3,0.06,0.54,0.1,0.48,0.3,0.1,0.68,0.16,0.95,0.12,1.13,0.48,0.22,0.2,15.54,0.18,0.33,5.22,0.32,0.78,0.12,0.28,0.75,0.82
3,0.06,0.54,0.1,0.48,0.3,0.1,0.68,0.16,0.95,0.12,1.13,0.48,0.22,0.2,15.54,0.18,0.33,5.22,0.32,0.78,0.12,0.28,0.75,0.82
3,0.06,0.54,0.1,0.48,0.3,0.1,0.68,0.16,0.95,0.12,1.13,0.48,0.22,0.2,15.54,0.18,0.33,5.22,0.32,0.78,0.12,0.28,0.75,0.82
3,0.06,0.54,0.1,0.48,0.3,0.1,0.68,0.16,0.95,0.12,1.13,0.48,0.22,0.2,15.54,0.18,0.33,5.22,0.32,0.78,0.12,0.28,0.75,0.82
3,0.06,0.54,0.1,0.48,0.3,0.1,0.68,0.16,0.95,0.12,1.13,0.48,0.22,0.2,15.54,0.18,0.33,5.22,0.32,0.78,0.12,0.28,0.75,0.82
3,0.06,0.54,0.1,0.48,0.3,0.1,0.68,0.16,0.95,0.12,1.13,0.48,0.22,0.2,15.54,0.18,0.33,5.22,0.32,0.78,0.12,0.28,0.75,0.82
3,0.07,0.47,0.17,0.61,0.53,0.19,0.71,0.18,0.96,0.18,-0.65,-0.99,0.2,0.22,10.44,0.19,0.55,1.28,0.35,0.72,0.24,0.35,0.71,0.79
3,0.07,0.47,0.17,0.61,0.53,0.19,0.71,0.18,0.96,0.18,-0.65,-0.99,0.2,0.22,10.44,0.19,0.55,1.28,0.35,0.72,0.24,0.35,0.71,0.79
3,0.07,0.47,0.17,0.61,0.53,0.19,0.71,0.18,0.96,0.18,-0.65,-0.99,0.2,0.22,10.44,0.19,0.55,1.28,0.35,0.72,0.24,0.35,0.71,0.79
3,0.07,0.47,0.17,0.61,0.53,0.19,0.71,0.18,0.96,0.18,-0.65,-0.99,0.2,0.22,10.44,0.19,0.55,1.28,0.35,0.72,0.24,0.35,0.71,0.79
3,0.07,0.47,0.17,0.61,0.53,0.19,0.71,0.18,0.96,0.18,-0.65,-0.99,0.2,0.22,10.44,0.19,0.55,1.28,0.35,0.72,0.24,0.35,0.71,0.79
3,0.07,0.47,0.17,0.61,0.53,0.19,0.71,0.18,0.96,0.18,-0.65,-0.99,0.2,0.22,10.44,0.19,0.55,1.28,0.35,0.72,0.24,0.35,0.71,0.79
3,0.07,0.47,0.17,0.61,0.53,0.19,0.71,0.18,0.96,0.18,-0.65,-0.99,0.2,0.22,10.44,0.19,0.55,1.28,0.35,0.72,0.24,0.35,0.71,0.79
3,0.07,0.47,0.17,0.61,0.53,0.19,0.71,0.18,0.96,0.18,-0.65,-0.99,0.2,0.22,10.44,0.19,0.55,1.28,0.35,0.72,0.24,0.35,0.71,0.79
3,0.07,0.47,0.17,0.61,0.53,0.19,0.71,0.18,0.96,0.18,-0.65,-0.99,0.2,0.22,10.44,0.19,0.55,1.28,0.35,0.72,0.24,0.35,0.71,0.79
3,0.07,0.47,0.17,0.61,0.53,0.19,0.71,0.18,0.96,0.18,-0.65,-0.99,0.2,0.22,10.44,0.19,0.55,1.28,0.35,0.72,0.24,0.35,0.71,0.79
3,0.07,0.47,0.17,0.61,0.53,0.19,0.71,0.18,0.96,0.18,-0.65,-0.99,0.2,0.22,10.44,0.19,0.55,1.28,0.35,0.72,0.24,0.35,0.71,0.79
3,0.07,0.47,0.17,0.61,0.53,0.19,0.71,0.18,0.96,0.18,-0.65,-0.99,0.2,0.22,10.44,0.19,0.55,1.28,0.35,0.72,0.24,0.35,0.71,0.79
3,0.05,0.37,0.18,0.63,0.65,0.17,0.72,0.1,0.98,0.13,-1.09,-1.87,0.13,0.14,6.67,0.13,0.64,0.68,0.36,0.64,0.18,0.36,0.64,0.74
3,0.05,0.37,0.18,0.63,0.65,0.17,0.72,0.1,0.98,0.13,-1.09,-1.87,0.13,0.14,6.67,0.13,0.64,0.68,0.36,0.64,0.18,0.36,0.64,0.74
3,0.05,0.37,0.18,0.63,0.65,0.17,0.72,0.1,0.98,0.13,-1.09,-1.87,0.13,0.14,6.67,0.13,0.64,0.68,0.36,0.64,0.18,0.36,0.64,0.74
3,0.05,0.37,0.18,0.63,0.65,0.17,0.72,0.1,0.98,0.13,-1.09,-1.87,0.13,0.14,6.67,0.13,0.64,0.68,0.36,0.64,0.18,0.36,0.64,0.74
3,0.05,0.37,0.18,0.63,0.65,0.17,0.72,0.1,0.98,0.13,-1.09,-1.87,0.13,0.14,6.67,0.13,0.64,0.68,0.36,0.64,0.18,0.36,0.64,0.74
3,0.05,0.37,0.18,0.63,0.65,0.17,0.72,0.1,0.98,0.13,-1.09,-1.87,0.13,0.14,6.67,0.13,0.64,0.68,0.36,0.64,0.18,0.36,0.64,0.74
3,0.05,0.37,0.18,0.63,0.65,0.17,0.72,0.1,0.98,0.13,-1.09,-1.87,0.13,0.14,6.67,0.13,0.64,0.68,0.36,0.64,0.18,0.36,0.64,0.74
3,0.05,0.37,0.18,0.63,0.65,0.17,0.72,0.1,0.98,0.13,-1.09,-1.87,0.13,0.14,6.67,0.13,0.64,0.68,0.36,0.64,0.18,0.36,0.64,0.74
3,0.05,0.37,0.18,0.63,0.65,0.17,0.72,0.1,0.98,0.13,-1.09,-1.87,0.13,0.14,6.67,0.13,0.64,0.68,0.36,0.64,0.18,0.36,0.64,0.74
3,0.05,0.37,0.18,0.63,0.65,0.17,0.72,0.1,0.98,0.13,-1.09,-1.87,0.13,0.14,6.67,0.13,0.64,0.68,0.36,0.64,0.18,0.36,0.64,0.74
3,0.05,0.37,0.18,0.63,0.65,0.17,0.72,0.1,0.98,0.13,-1.09,-1.87,0.13,0.14,6.67,0.13,0.64,0.68,0.36,0.64,0.18,0.36,0.64,0.74
3,0.05,0.37,0.18,0.63,0.65,0.17,0.72,0.1,0.98,0.13,-1.09,-1.87,0.13,0.14,6.67,0.13,0.64,0.68,0.36,0.64,0.18,0.36,0.64,0.74
3,0.2,0.47,0.07,0.61,0.56,0.13,0.82,0.11,0.92,0.11,-0.28,-0.82,0.12,0.11,9.6,0.1,0.43,2.72,0.2,0.93,0.13,0.18,0.92,0.96
3,0.2,0.47,0.07,0.61,0.56,0.13,0.82,0.11,0.92,0.11,-0.28,-0.82,0.12,0.11,9.6,0.1,0.43,2.72,0.2,0.93,0.13,0.18,0.92,0.96
3,0.2,0.47,0.07,0.61,0.56,0.13,0.82,0.11,0.92,0.11,-0.28,-0.82,0.12,0.11,9.6,0.1,0.43,2.72,0.2,0.93,0.13,0.18,0.92,0.96
3,0.2,0.47,0.07,0.61,0.56,0.13,0.82,0.11,0.92,0.11,-0.28,-0.82,0.12,0.11,9.6,0.1,0.43,2.72,0.2,0.93,0.13,0.18,0.92,0.96
3,0.2,0.47,0.07,0.61,0.56,0.13,0.82,0.11,0.92,0.11,-0.28,-0.82,0.12,0.11,9.6,0.1,0.43,2.72,0.2,0.93,0.13,0.18,0.92,0.96
3,0.2,0.47,0.07,0.61,0.56,0.13,0.82,0.11,0.92,0.11,-0.28,-0.82,0.12,0.11,9.6,0.1,0.43,2.72,0.2,0.93,0.13,0.18,0.92,0.96
3,0.2,0.47,0.07,0.61,0.56,0.13,0.82,0.11,0.92,0.11,-0.28,-0.82,0.12,0.11,9.6,0.1,0.43,2.72,0.2,0.93,0.13,0.18,0.92,0.96
3,0.2,0.47,0.07,0.61,0.56,0.13,0.82,0.11,0.92,0.11,-0.28,-0.82,0.12,0.11,9.6,0.1,0.43,2.72,0.2,0.93,0.13,0.18,0.92,0.96
3,0.2,0.47,0.07,0.61,0.56,0.13,0.82,0.11,0.92,0.11,-0.28,-0.82,0.12,0.11,9.6,0.1,0.43,2.72,0.2,0.93,0.13,0.18,0.92,0.96
3,0.2,0.47,0.07,0.61,0.56,0.13,0.82,0.11,0.92,0.11,-0.28,-0.82,0.12,0.11,9.6,0.1,0.43,2.72,0.2,0.93,0.13,0.18,0.92,0.96
3,0.2,0.47,0.07,0.61,0.56,0.13,0.82,0.11,0.92,0.11,-0.28,-0.82,0.12,0.11,9.6,0.1,0.43,2.72,0.2,0.93,0.13,0.18,0.92,0.96
3,0.2,0.47,0.07,0.61,0.56,0.13,0.82,0.11,0.92,0.11,-0.28,-0.82,0.12,0.11,9.6,0.1,0.43,2.72,0.2,0.93,0.13,0.18,0.92,0.96
3,0.06,0.54,0.03,0.54,0.49,0.14,0.66,0.24,0.94,0.14,0.55,-0.3,0.18,0.15,3.03,0.2,0.6,5.26,0.37,0.79,0.1,0.31,0.75,0.84
3,0.06,0.54,0.03,0.54,0.49,0.14,0.66,0.24,0.94,0.14,0.55,-0.3,0.18,0.15,3.03,0.2,0.6,5.26,0.37,0.79,0.1,0.31,0.75,0.84
3,0.06,0.54,0.03,0.54,0.49,0.14,0.66,0.24,0.94,0.14,0.55,-0.3,0.18,0.15,3.03,0.2,0.6,5.26,0.37,0.79,0.1,0.31,0.75,0.84
3,0.06,0.54,0.03,0.54,0.49,0.14,0.66,0.24,0.94,0.14,0.55,-0.3,0.18,0.15,3.03,0.2,0.6,5.26,0.37,0.79,0.1,0.31,0.75,0.84
3,0.06,0.54,0.03,0.54,0.49,0.14,0.66,0.24,0.94,0.14,0.55,-0.3,0.18,0.15,3.03,0.2,0.6,5.26,0.37,0.79,0.1,0.31,0.75,0.84
3,0.06,0.54,0.03,0.54,0.49,0.14,0.66,0.24,0.94,0.14,0.55,-0.3,0.18,0.15,3.03,0.2,0.6,5.26,0.37,0.79,0.1,0.31,0.75,0.84
3,0.06,0.54,0.03,0.54,0.49,0.14,0.66,0.24,0.94,0.14,0.55,-0.3,0.18,0.15,3.03,0.2,0.6,5.26,0.37,0.79,0.1,0.31,0.75,0.84
3,0.06,0.54,0.03,0.54,0.49,0.14,0.66,0.24,0.94,0.14,0.55,-0.3,0.18,0.15,3.03,0.2,0.6,5.26,0.37,0.79,0.1,0.31,0.75,0.84
3,0.06,0.54,0.03,0.54,0.49,0.14,0.66,0.24,0.94,0.14,0.55,-0.3,0.18,0.15,3.03,0.2,0.6,5.26,0.37,0.79,0.1,0.31,0.75,0.84
3,0.06,0.54,0.03,0.54,0.49,0.14,0.66,0.24,0.94,0.14,0.55,-0.3,0.18,0.15,3.03,0.2,0.6,5.26,0.37,0.79,0.1,0.31,0.75,0.84
3,0.06,0.54,0.03,0.54,0.49,0.14,0.66,0.24,0.94,0.14,0.55,-0.3,0.18,0.15,3.03,0.2,0.6,5.26,0.37,0.79,0.1,0.31,0.75,0.84
3,0.06,0.54,0.03,0.54,0.49,0.14,0.66,0.24,0.94,0.14,0.55,-0.3,0.18,0.15,3.03,0.2,0.6,5.26,0.37,0.79,0.1,0.31,0.75,0.84
3,0.09,0.57,0.16,0.48,0.4,0.16,0.3,0.53,0.84,0.14,0.46,-0.23,0.22,0.19,34.9,0.19,0.45,7.56,0.33,0.66,0.15,0.3,0.61,0.77
3,0.09,0.57,0.16,0.48,0.4,0.16,0.3,0.53,0.84,0.14,0.46,-0.23,0.22,0.19,34.9,0.19,0.45,7.56,0.33,0.66,0.15,0.3,0.61,0.77
3,0.09,0.57,0.16,0.48,0.4,0.16,0.3,0.53,0.84,0.14,0.46,-0.23,0.22,0.19,34.9,0.19,0.45,7.56,0.33,0.66,0.15,0.3,0.61,0.77
3,0.09,0.57,0.16,0.48,0.4,0.16,0.3,0.53,0.84,0.14,0.46,-0.23,0.22,0.19,34.9,0.19,0.45,7.56,0.33,0.66,0.15,0.3,0.61,0.77
3,0.09,0.57,0.16,0.48,0.4,0.16,0.3,0.53,0.84,0.14,0.46,-0.23,0.22,0.19,34.9,0.19,0.45,7.56,0.33,0.66,0.15,0.3,0.61,0.77
3,0.09,0.57,0.16,0.48,0.4,0.16,0.3,0.53,0.84,0.14,0.46,-0.23,0.22,0.19,34.9,0.19,0.45,7.56,0.33,0.66,0.15,0.3,0.61,0.77
3,0.09,0.57,0.16,0.48,0.4,0.16,0.3,0.53,0.84,0.14,0.46,-0.23,0.22,0.19,34.9,0.19,0.45,7.56,0.33,0.66,0.15,0.3,0.61,0.77
3,0.09,0.57,0.16,0.48,0.4,0.16,0.3,0.53,0.84,0.14,0.46,-0.23,0.22,0.19,34.9,0.19,0.45,7.56,0.33,0.66,0.15,0.3,0.61,0.77
3,0.09,0.57,0.16,0.48,0.4,0.16,0.3,0.53,0.84,0.14,0.46,-0.23,0.22,0.19,34.9,0.19,0.45,7.56,0.33,0.66,0.15,0.3,0.61,0.77
3,0.09,0.57,0.16,0.48,0.4,0.16,0.3,0.53,0.84,0.14,0.46,-0.23,0.22,0.19,34.9,0.19,0.45,7.56,0.33,0.66,0.15,0.3,0.61,0.77
3,0.09,0.57,0.16,0.48,0.4,0.16,0.3,0.53,0.84,0.14,0.46,-0.23,0.22,0.19,34.9,0.19,0.45,7.56,0.33,0.66,0.15,0.3,0.61,0.77
3,0.09,0.57,0.16,0.48,0.4,0.16,0.3,0.53,0.84,0.14,0.46,-0.23,0.22,0.19,34.9,0.19,0.45,7.56,0.33,0.66,0.15,0.3,0.61,0.77
3,0.05,0.43,0.08,0.59,0.52,0.13,0.78,0.2,0.92,0.12,0.22,-0.33,0.17,0.15,4.85,0.12,0.47,2.02,0.28,0.87,0.12,0.25,0.85,0.9
3,0.05,0.43,0.08,0.59,0.52,0.13,0.78,0.2,0.92,0.12,0.22,-0.33,0.17,0.15,4.85,0.12,0.47,2.02,0.28,0.87,0.12,0.25,0.85,0.9
3,0.05,0.43,0.08,0.59,0.52,0.13,0.78,0.2,0.92,0.12,0.22,-0.33,0.17,0.15,4.85,0.12,0.47,2.02,0.28,0.87,0.12,0.25,0.85,0.9
3,0.05,0.43,0.08,0.59,0.52,0.13,0.78,0.2,0.92,0.12,0.22,-0.33,0.17,0.15,4.85,0.12,0.47,2.02,0.28,0.87,0.12,0.25,0.85,0.9
3,0.05,0.43,0.08,0.59,0.52,0.13,0.78,0.2,0.92,0.12,0.22,-0.33,0.17,0.15,4.85,0.12,0.47,2.02,0.28,0.87,0.12,0.25,0.85,0.9
3,0.05,0.43,0.08,0.59,0.52,0.13,0.78,0.2,0.92,0.12,0.22,-0.33,0.17,0.15,4.85,0.12,0.47,2.02,0.28,0.87,0.12,0.25,0.85,0.9
3,0.05,0.43,0.08,0.59,0.52,0.13,0.78,0.2,0.92,0.12,0.22,-0.33,0.17,0.15,4.85,0.12,0.47,2.02,0.28,0.87,0.12,0.25,0.85,0.9
3,0.05,0.43,0.08,0.59,0.52,0.13,0.78,0.2,0.92,0.12,0.22,-0.33,0.17,0.15,4.85,0.12,0.47,2.02,0.28,0.87,0.12,0.25,0.85,0.9
3,0.05,0.43,0.08,0.59,0.52,0.13,0.78,0.2,0.92,0.12,0.22,-0.33,0.17,0.15,4.85,0.12,0.47,2.02,0.28,0.87,0.12,0.25,0.85,0.9
3,0.05,0.43,0.08,0.59,0.52,0.13,0.78,0.2,0.92,0.12,0.22,-0.33,0.17,0.15,4.85,0.12,0.47,2.02,0.28,0.87,0.12,0.25,0.85,0.9
3,0.05,0.43,0.08,0.59,0.52,0.13,0.78,0.2,0.92,0.12,0.22,-0.33,0.17,0.15,4.85,0.12,0.47,2.02,0.28,0.87,0.12,0.25,0.85,0.9
3,0.05,0.43,0.08,0.59,0.52,0.13,0.78,0.2,0.92,0.12,0.22,-0.33,0.17,0.15,4.85,0.12,0.47,2.02,0.28,0.87,0.12,0.25,0.85,0.9
3,0.05,0.54,0.07,0.56,0.51,0.14,0.8,0.29,0.87,0.11,0.31,-0.38,0.18,0.15,5.34,0.13,0.39,2.04,0.2,0.93,0.12,0.19,0.93,0.95
3,0.05,0.54,0.07,0.56,0.51,0.14,0.8,0.29,0.87,0.11,0.31,-0.38,0.18,0.15,5.34,0.13,0.39,2.04,0.2,0.93,0.12,0.19,0.93,0.95
3,0.05,0.54,0.07,0.56,0.51,0.14,0.8,0.29,0.87,0.11,0.31,-0.38,0.18,0.15,5.34,0.13,0.39,2.04,0.2,0.93,0.12,0.19,0.93,0.95
3,0.05,0.54,0.07,0.56,0.51,0.14,0.8,0.29,0.87,0.11,0.31,-0.38,0.18,0.15,5.34,0.13,0.39,2.04,0.2,0.93,0.12,0.19,0.93,0.95
3,0.05,0.54,0.07,0.56,0.51,0.14,0.8,0.29,0.87,0.11,0.31,-0.38,0.18,0.15,5.34,0.13,0.39,2.04,0.2,0.93,0.12,0.19,0.93,0.95
3,0.05,0.54,0.07,0.56,0.51,0.14,0.8,0.29,0.87,0.11,0.31,-0.38,0.18,0.15,5.34,0.13,0.39,2.04,0.2,0.93,0.12,0.19,0.93,0.95
3,0.05,0.54,0.07,0.56,0.51,0.14,0.8,0.29,0.87,0.11,0.31,-0.38,0.18,0.15,5.34,0.13,0.39,2.04,0.2,0.93,0.12,0.19,0.93,0.95
3,0.05,0.54,0.07,0.56,0.51,0.14,0.8,0.29,0.87,0.11,0.31,-0.38,0.18,0.15,5.34,0.13,0.39,2.04,0.2,0.93,0.12,0.19,0.93,0.95
3,0.05,0.54,0.07,0.56,0.51,0.14,0.8,0.29,0.87,0.11,0.31,-0.38,0.18,0.15,5.34,0.13,0.39,2.04,0.2,0.93,0.12,0.19,0.93,0.95
3,0.05,0.54,0.07,0.56,0.51,0.14,0.8,0.29,0.87,0.11,0.31,-0.38,0.18,0.15,5.34,0.13,0.39,2.04,0.2,0.93,0.12,0.19,0.93,0.95
3,0.05,0.54,0.07,0.56,0.51,0.14,0.8,0.29,0.87,0.11,0.31,-0.38,0.18,0.15,5.34,0.13,0.39,2.04,0.2,0.93,0.12,0.19,0.93,0.95
3,0.05,0.54,0.07,0.56,0.51,0.14,0.8,0.29,0.87,0.11,0.31,-0.38,0.18,0.15,5.34,0.13,0.39,2.04,0.2,0.93,0.12,0.19,0.93,0.95
3,0.08,0.4,0.21,0.52,0.5,0.12,0.7,0.14,0.95,0.12,0.56,0.1,0.17,0.16,6.32,0.11,0.5,4.12,0.32,0.8,0.13,0.29,0.78,0.88
3,0.08,0.4,0.21,0.52,0.5,0.12,0.7,0.14,0.95,0.12,0.56,0.1,0.17,0.16,6.32,0.11,0.5,4.12,0.32,0.8,0.13,0.29,0.78,0.88
3,0.08,0.4,0.21,0.52,0.5,0.12,0.7,0.14,0.95,0.12,0.56,0.1,0.17,0.16,6.32,0.11,0.5,4.12,0.32,0.8,0.13,0.29,0.78,0.88
3,0.08,0.4,0.21,0.52,0.5,0.12,0.7,0.14,0.95,0.12,0.56,0.1,0.17,0.16,6.32,0.11,0.5,4.12,0.32,0.8,0.13,0.29,0.78,0.88
3,0.08,0.4,0.21,0.52,0.5,0.12,0.7,0.14,0.95,0.12,0.56,0.1,0.17,0.16,6.32,0.11,0.5,4.12,0.32,0.8,0.13,0.29,0.78,0.88
3,0.08,0.4,0.21,0.52,0.5,0.12,0.7,0.14,0.95,0.12,0.56,0.1,0.17,0.16,6.32,0.11,0.5,4.12,0.32,0.8,0.13,0.29,0.78,0.88
3,0.08,0.4,0.21,0.52,0.5,0.12,0.7,0.14,0.95,0.12,0.56,0.1,0.17,0.16,6.32,0.11,0.5,4.12,0.32,0.8,0.13,0.29,0.78,0.88
3,0.08,0.4,0.21,0.52,0.5,0.12,0.7,0.14,0.95,0.12,0.56,0.1,0.17,0.16,6.32,0.11,0.5,4.12,0.32,0.8,0.13,0.29,0.78,0.88
3,0.08,0.4,0.21,0.52,0.5,0.12,0.7,0.14,0.95,0.12,0.56,0.1,0.17,0.16,6.32,0.11,0.5,4.12,0.32,0.8,0.13,0.29,0.78,0.88
3,0.08,0.4,0.21,0.52,0.5,0.12,0.7,0.14,0.95,0.12,0.56,0.1,0.17,0.16,6.32,0.11,0.5,4.12,0.32,0.8,0.13,0.29,0.78,0.88
3,0.08,0.4,0.21,0.52,0.5,0.12,0.7,0.14,0.95,0.12,0.56,0.1,0.17,0.16,6.32,0.11,0.5,4.12,0.32,0.8,0.13,0.29,0.78,0.88
3,0.08,0.4,0.21,0.52,0.5,0.12,0.7,0.14,0.95,0.12,0.56,0.1,0.17,0.16,6.32,0.11,0.5,4.12,0.32,0.8,0.13,0.29,0.78,0.88
3,0.14,0.43,0.32,0.45,0.54,0.12,0.72,0.35,0.9,0.19,-1.0,-0.17,0.18,0.19,11.69,0.14,0.48,10.17,0.24,0.91,0.16,0.24,0.91,0.93
3,0.14,0.43,0.32,0.45,0.54,0.12,0.72,0.35,0.9,0.19,-1.0,-0.17,0.18,0.19,11.69,0.14,0.48,10.17,0.24,0.91,0.16,0.24,0.91,0.93
3,0.14,0.43,0.32,0.45,0.54,0.12,0.72,0.35,0.9,0.19,-1.0,-0.17,0.18,0.19,11.69,0.14,0.48,10.17,0.24,0.91,0.16,0.24,0.91,0.93
3,0.14,0.43,0.32,0.45,0.54,0.12,0.72,0.35,0.9,0.19,-1.0,-0.17,0.18,0.19,11.69,0.14,0.48,10.17,0.24,0.91,0.16,0.24,0.91,0.93
3,0.14,0.43,0.32,0.45,0.54,0.12,0.72,0.35,0.9,0.19,-1.0,-0.17,0.18,0.19,11.69,0.14,0.48,10.17,0.24,0.91,0.16,0.24,0.91,0.93
3,0.14,0.43,0.32,0.45,0.54,0.12,0.72,0.35,0.9,0.19,-1.0,-0.17,0.18,0.19,11.69,0.14,0.48,10.17,0.24,0.91,0.16,0.24,0.91,0.93
3,0.14,0.43,0.32,0.45,0.54,0.12,0.72,0.35,0.9,0.19,-1.0,-0.17,0.18,0.19,11.69,0.14,0.48,10.17,0.24,0.91,0.16,0.24,0.91,0.93
3,0.14,0.43,0.32,0.45,0.54,0.12,0.72,0.35,0.9,0.19,-1.0,-0.17,0.18,0.19,11.69,0.14,0.48,10.17,0.24,0.91,0.16,0.24,0.91,0.93
3,0.14,0.43,0.32,0.45,0.54,0.12,0.72,0.35,0.9,0.19,-1.0,-0.17,0.18,0.19,11.69,0.14,0.48,10.17,0.24,0.91,0.16,0.24,0.91,0.93
3,0.14,0.43,0.32,0.45,0.54,0.12,0.72,0.35,0.9,0.19,-1.0,-0.17,0.18,0.19,11.69,0.14,0.48,10.17,0.24,0.91,0.16,0.24,0.91,0.93
3,0.14,0.43,0.32,0.45,0.54,0.12,0.72,0.35,0.9,0.19,-1.0,-0.17,0.18,0.19,11.69,0.14,0.48,10.17,0.24,0.91,0.16,0.24,0.91,0.93
3,0.14,0.43,0.32,0.45,0.54,0.12,0.72,0.35,0.9,0.19,-1.0,-0.17,0.18,0.19,11.69,0.14,0.48,10.17,0.24,0.91,0.16,0.24,0.91,0.93
3,0.03,0.28,0.05,0.55,0.59,0.09,0.55,0.32,0.93,0.1,-1.02,0.01,0.14,0.14,6.09,0.11,0.62,5.83,0.39,0.69,0.09,0.37,0.68,0.81
3,0.03,0.28,0.05,0.55,0.59,0.09,0.55,0.32,0.93,0.1,-1.02,0.01,0.14,0.14,6.09,0.11,0.62,5.83,0.39,0.69,0.09,0.37,0.68,0.81
3,0.03,0.28,0.05,0.55,0.59,0.09,0.55,0.32,0.93,0.1,-1.02,0.01,0.14,0.14,6.09,0.11,0.62,5.83,0.39,0.69,0.09,0.37,0.68,0.81
3,0.03,0.28,0.05,0.55,0.59,0.09,0.55,0.32,0.93,0.1,-1.02,0.01,0.14,0.14,6.09,0.11,0.62,5.83,0.39,0.69,0.09,0.37,0.68,0.81
3,0.03,0.28,0.05,0.55,0.59,0.09,0.55,0.32,0.93,0.1,-1.02,0.01,0.14,0.14,6.09,0.11,0.62,5.83,0.39,0.69,0.09,0.37,0.68,0.81
3,0.03,0.28,0.05,0.55,0.59,0.09,0.55,0.32,0.93,0.1,-1.02,0.01,0.14,0.14,6.09,0.11,0.62,5.83,0.39,0.69,0.09,0.37,0.68,0.81
3,0.03,0.28,0.05,0.55,0.59,0.09,0.55,0.32,0.93,0.1,-1.02,0.01,0.14,0.14,6.09,0.11,0.62,5.83,0.39,0.69,0.09,0.37,0.68,0.81
3,0.03,0.28,0.05,0.55,0.59,0.09,0.55,0.32,0.93,0.1,-1.02,0.01,0.14,0.14,6.09,0.11,0.62,5.83,0.39,0.69,0.09,0.37,0.68,0.81
3,0.03,0.28,0.05,0.55,0.59,0.09,0.55,0.32,0.93,0.1,-1.02,0.01,0.14,0.14,6.09,0.11,0.62,5.83,0.39,0.69,0.09,0.37,0.68,0.81
3,0.03,0.28,0.05,0.55,0.59,0.09,0.55,0.32,0.93,0.1,-1.02,0.01,0.14,0.14,6.09,0.11,0.62,5.83,0.39,0.69,0.09,0.37,0.68,0.81
3,0.03,0.28,0.05,0.55,0.59,0.09,0.55,0.32,0.93,0.1,-1.02,0.01,0.14,0.14,6.09,0.11,0.62,5.83,0.39,0.69,0.09,0.37,0.68,0.81
3,0.03,0.28,0.05,0.55,0.59,0.09,0.55,0.32,0.93,0.1,-1.02,0.01,0.14,0.14,6.09,0.11,0.62,5.83,0.39,0.69,0.09,0.37,0.68,0.81
3,0.1,0.56,0.09,0.65,0.43,0.18,0.81,0.22,0.94,0.16,0.29,-0.91,0.2,0.17,2.49,0.19,0.66,14.47,0.29,0.9,0.18,0.24,0.88,0.92
3,0.1,0.56,0.09,0.65,0.43,0.18,0.81,0.22,0.94,0.16,0.29,-0.91,0.2,0.17,2.49,0.19,0.66,14.47,0.29,0.9,0.18,0.24,0.88,0.92
3,0.1,0.56,0.09,0.65,0.43,0.18,0.81,0.22,0.94,0.16,0.29,-0.91,0.2,0.17,2.49,0.19,0.66,14.47,0.29,0.9,0.18,0.24,0.88,0.92
3,0.1,0.56,0.09,0.65,0.43,0.18,0.81,0.22,0.94,0.16,0.29,-0.91,0.2,0.17,2.49,0.19,0.66,14.47,0.29,0.9,0.18,0.24,0.88,0.92
3,0.1,0.56,0.09,0.65,0.43,0.18,0.81,0.22,0.94,0.16,0.29,-0.91,0.2,0.17,2.49,0.19,0.66,14.47,0.29,0.9,0.18,0.24,0.88,0.92
3,0.1,0.56,0.09,0.65,0.43,0.18,0.81,0.22,0.94,0.16,0.29,-0.91,0.2,0.17,2.49,0.19,0.66,14.47,0.29,0.9,0.18,0.24,0.88,0.92
3,0.1,0.56,0.09,0.65,0.43,0.18,0.81,0.22,0.94,0.16,0.29,-0.91,0.2,0.17,2.49,0.19,0.66,14.47,0.29,0.9,0.18,0.24,0.88,0.92
3,0.1,0.56,0.09,0.65,0.43,0.18,0.81,0.22,0.94,0.16,0.29,-0.91,0.2,0.17,2.49,0.19,0.66,14.47,0.29,0.9,0.18,0.24,0.88,0.92
3,0.1,0.56,0.09,0.65,0.43,0.18,0.81,0.22,0.94,0.16,0.29,-0.91,0.2,0.17,2.49,0.19,0.66,14.47,0.29,0.9,0.18,0.24,0.88,0.92
3,0.1,0.56,0.09,0.65,0.43,0.18,0.81,0.22,0.94,0.16,0.29,-0.91,0.2,0.17,2.49,0.19,0.66,14.47,0.29,0.9,0.18,0.24,0.88,0.92
3,0.1,0.56,0.09,0.65,0.43,0.18,0.81,0.22,0.94,0.16,0.29,-0.91,0.2,0.17,2.49,0.19,0.66,14.47,0.29,0.9,0.18,0.24,0.88,0.92
3,0.1,0.56,0.09,0.65,0.43,0.18,0.81,0.22,0.94,0.16,0.29,-0.91,0.2,0.17,2.49,0.19,0.66,14.47,0.29,0.9,0.18,0.24,0.88,0.92
3,0.17,0.4,0.32,0.47,0.47,0.17,0.75,0.3,0.93,0.21,0.19,-0.0,0.23,0.25,55.77,0.25,0.56,32.47,0.36,0.8,0.2,0.33,0.78,0.87
3,0.17,0.4,0.32,0.47,0.47,0.17,0.75,0.3,0.93,0.21,0.19,-0.0,0.23,0.25,55.77,0.25,0.56,32.47,0.36,0.8,0.2,0.33,0.78,0.87
3,0.17,0.4,0.32,0.47,0.47,0.17,0.75,0.3,0.93,0.21,0.19,-0.0,0.23,0.25,55.77,0.25,0.56,32.47,0.36,0.8,0.2,0.33,0.78,0.87
3,0.17,0.4,0.32,0.47,0.47,0.17,0.75,0.3,0.93,0.21,0.19,-0.0,0.23,0.25,55.77,0.25,0.56,32.47,0.36,0.8,0.2,0.33,0.78,0.87
3,0.17,0.4,0.32,0.47,0.47,0.17,0.75,0.3,0.93,0.21,0.19,-0.0,0.23,0.25,55.77,0.25,0.56,32.47,0.36,0.8,0.2,0.33,0.78,0.87
3,0.17,0.4,0.32,0.47,0.47,0.17,0.75,0.3,0.93,0.21,0.19,-0.0,0.23,0.25,55.77,0.25,0.56,32.47,0.36,0.8,0.2,0.33,0.78,0.87
3,0.17,0.4,0.32,0.47,0.47,0.17,0.75,0.3,0.93,0.21,0.19,-0.0,0.23,0.25,55.77,0.25,0.56,32.47,0.36,0.8,0.2,0.33,0.78,0.87
3,0.17,0.4,0.32,0.47,0.47,0.17,0.75,0.3,0.93,0.21,0.19,-0.0,0.23,0.25,55.77,0.25,0.56,32.47,0.36,0.8,0.2,0.33,0.78,0.87
3,0.17,0.4,0.32,0.47,0.47,0.17,0.75,0.3,0.93,0.21,0.19,-0.0,0.23,0.25,55.77,0.25,0.56,32.47,0.36,0.8,0.2,0.33,0.78,0.87
3,0.17,0.4,0.32,0.47,0.47,0.17,0.75,0.3,0.93,0.21,0.19,-0.0,0.23,0.25,55.77,0.25,0.56,32.47,0.36,0.8,0.2,0.33,0.78,0.87
3,0.17,0.4,0.32,0.47,0.47,0.17,0.75,0.3,0.93,0.21,0.19,-0.0,0.23,0.25,55.77,0.25,0.56,32.47,0.36,0.8,0.2,0.33,0.78,0.87
3,0.17,0.4,0.32,0.47,0.47,0.17,0.75,0.3,0.93,0.21,0.19,-0.0,0.23,0.25,55.77,0.25,0.56,32.47,0.36,0.8,0.2,0.33,0.78,0.87
3,0.04,0.59,0.12,0.68,0.58,0.06,0.79,0.25,0.95,0.15,-1.93,-1.82,0.11,0.14,73.76,0.19,0.85,43.02,0.35,0.86,0.15,0.32,0.84,0.92
3,0.04,0.59,0.12,0.68,0.58,0.06,0.79,0.25,0.95,0.15,-1.93,-1.82,0.11,0.14,73.76,0.19,0.85,43.02,0.35,0.86,0.15,0.32,0.84,0.92
3,0.04,0.59,0.12,0.68,0.58,0.06,0.79,0.25,0.95,0.15,-1.93,-1.82,0.11,0.14,73.76,0.19,0.85,43.02,0.35,0.86,0.15,0.32,0.84,0.92
3,0.04,0.59,0.12,0.68,0.58,0.06,0.79,0.25,0.95,0.15,-1.93,-1.82,0.11,0.14,73.76,0.19,0.85,43.02,0.35,0.86,0.15,0.32,0.84,0.92
3,0.04,0.59,0.12,0.68,0.58,0.06,0.79,0.25,0.95,0.15,-1.93,-1.82,0.11,0.14,73.76,0.19,0.85,43.02,0.35,0.86,0.15,0.32,0.84,0.92
3,0.04,0.59,0.12,0.68,0.58,0.06,0.79,0.25,0.95,0.15,-1.93,-1.82,0.11,0.14,73.76,0.19,0.85,43.02,0.35,0.86,0.15,0.32,0.84,0.92
3,0.04,0.59,0.12,0.68,0.58,0.06,0.79,0.25,0.95,0.15,-1.93,-1.82,0.11,0.14,73.76,0.19,0.85,43.02,0.35,0.86,0.15,0.32,0.84,0.92
3,0.04,0.59,0.12,0.68,0.58,0.06,0.79,0.25,0.95,0.15,-1.93,-1.82,0.11,0.14,73.76,0.19,0.85,43.02,0.35,0.86,0.15,0.32,0.84,0.92
3,0.04,0.59,0.12,0.68,0.58,0.06,0.79,0.25,0.95,0.15,-1.93,-1.82,0.11,0.14,73.76,0.19,0.85,43.02,0.35,0.86,0.15,0.32,0.84,0.92
3,0.04,0.59,0.12,0.68,0.58,0.06,0.79,0.25,0.95,0.15,-1.93,-1.82,0.11,0.14,73.76,0.19,0.85,43.02,0.35,0.86,0.15,0.32,0.84,0.92
3,0.04,0.59,0.12,0.68,0.58,0.06,0.79,0.25,0.95,0.15,-1.93,-1.82,0.11,0.14,73.76,0.19,0.85,43.02,0.35,0.86,0.15,0.32,0.84,0.92
3,0.04,0.59,0.12,0.68,0.58,0.06,0.79,0.25,0.95,0.15,-1.93,-1.82,0.11,0.14,73.76,0.19,0.85,43.02,0.35,0.86,0.15,0.32,0.84,0.92
3,0.07,0.53,0.07,0.6,0.52,0.17,0.61,0.24,0.92,0.18,0.07,-0.64,0.2,0.2,42.16,0.13,0.58,14.8,0.38,0.73,0.15,0.32,0.67,0.86
3,0.07,0.53,0.07,0.6,0.52,0.17,0.61,0.24,0.92,0.18,0.07,-0.64,0.2,0.2,42.16,0.13,0.58,14.8,0.38,0.73,0.15,0.32,0.67,0.86
3,0.07,0.53,0.07,0.6,0.52,0.17,0.61,0.24,0.92,0.18,0.07,-0.64,0.2,0.2,42.16,0.13,0.58,14.8,0.38,0.73,0.15,0.32,0.67,0.86
3,0.07,0.53,0.07,0.6,0.52,0.17,0.61,0.24,0.92,0.18,0.07,-0.64,0.2,0.2,42.16,0.13,0.58,14.8,0.38,0.73,0.15,0.32,0.67,0.86
3,0.07,0.53,0.07,0.6,0.52,0.17,0.61,0.24,0.92,0.18,0.07,-0.64,0.2,0.2,42.16,0.13,0.58,14.8,0.38,0.73,0.15,0.32,0.67,0.86
3,0.07,0.53,0.07,0.6,0.52,0.17,0.61,0.24,0.92,0.18,0.07,-0.64,0.2,0.2,42.16,0.13,0.58,14.8,0.38,0.73,0.15,0.32,0.67,0.86
3,0.07,0.53,0.07,0.6,0.52,0.17,0.61,0.24,0.92,0.18,0.07,-0.64,0.2,0.2,42.16,0.13,0.58,14.8,0.38,0.73,0.15,0.32,0.67,0.86
3,0.07,0.53,0.07,0.6,0.52,0.17,0.61,0.24,0.92,0.18,0.07,-0.64,0.2,0.2,42.16,0.13,0.58,14.8,0.38,0.73,0.15,0.32,0.67,0.86
3,0.07,0.53,0.07,0.6,0.52,0.17,0.61,0.24,0.92,0.18,0.07,-0.64,0.2,0.2,42.16,0.13,0.58,14.8,0.38,0.73,0.15,0.32,0.67,0.86
3,0.07,0.53,0.07,0.6,0.52,0.17,0.61,0.24,0.92,0.18,0.07,-0.64,0.2,0.2,42.16,0.13,0.58,14.8,0.38,0.73,0.15,0.32,0.67,0.86
3,0.07,0.53,0.07,0.6,0.52,0.17,0.61,0.24,0.92,0.18,0.07,-0.64,0.2,0.2,42.16,0.13,0.58,14.8,0.38,0.73,0.15,0.32,0.67,0.86
3,0.07,0.53,0.07,0.6,0.52,0.17,0.61,0.24,0.92,0.18,0.07,-0.64,0.2,0.2,42.16,0.13,0.58,14.8,0.38,0.73,0.15,0.32,0.67,0.86
3,0.1,0.48,0.1,0.51,0.5,0.15,0.48,0.13,0.97,0.19,-0.03,0.17,0.24,0.21,18.97,0.26,0.51,37.39,0.37,0.73,0.17,0.31,0.67,0.81
3,0.1,0.48,0.1,0.51,0.5,0.15,0.48,0.13,0.97,0.19,-0.03,0.17,0.24,0.21,18.97,0.26,0.51,37.39,0.37,0.73,0.17,0.31,0.67,0.81
3,0.1,0.48,0.1,0.51,0.5,0.15,0.48,0.13,0.97,0.19,-0.03,0.17,0.24,0.21,18.97,0.26,0.51,37.39,0.37,0.73,0.17,0.31,0.67,0.81
3,0.1,0.48,0.1,0.51,0.5,0.15,0.48,0.13,0.97,0.19,-0.03,0.17,0.24,0.21,18.97,0.26,0.51,37.39,0.37,0.73,0.17,0.31,0.67,0.81
3,0.1,0.48,0.1,0.51,0.5,0.15,0.48,0.13,0.97,0.19,-0.03,0.17,0.24,0.21,18.97,0.26,0.51,37.39,0.37,0.73,0.17,0.31,0.67,0.81
3,0.1,0.48,0.1,0.51,0.5,0.15,0.48,0.13,0.97,0.19,-0.03,0.17,0.24,0.21,18.97,0.26,0.51,37.39,0.37,0.73,0.17,0.31,0.67,0.81
3,0.1,0.48,0.1,0.51,0.5,0.15,0.48,0.13,0.97,0.19,-0.03,0.17,0.24,0.21,18.97,0.26,0.51,37.39,0.37,0.73,0.17,0.31,0.67,0.81
3,0.1,0.48,0.1,0.51,0.5,0.15,0.48,0.13,0.97,0.19,-0.03,0.17,0.24,0.21,18.97,0.26,0.51,37.39,0.37,0.73,0.17,0.31,0.67,0.81
3,0.1,0.48,0.1,0.51,0.5,0.15,0.48,0.13,0.97,0.19,-0.03,0.17,0.24,0.21,18.97,0.26,0.51,37.39,0.37,0.73,0.17,0.31,0.67,0.81
3,0.1,0.48,0.1,0.51,0.5,0.15,0.48,0.13,0.97,0.19,-0.03,0.17,0.24,0.21,18.97,0.26,0.51,37.39,0.37,0.73,0.17,0.31,0.67,0.81
3,0.1,0.48,0.1,0.51,0.5,0.15,0.48,0.13,0.97,0.19,-0.03,0.17,0.24,0.21,18.97,0.26,0.51,37.39,0.37,0.73,0.17,0.31,0.67,0.81
3,0.1,0.48,0.1,0.51,0.5,0.15,0.48,0.13,0.97,0.19,-0.03,0.17,0.24,0.21,18.97,0.26,0.51,37.39,0.37,0.73,0.17,0.31,0.67,0.81
3,0.28,0.43,0.42,0.41,0.38,0.18,0.67,0.44,0.91,0.17,0.18,0.68,0.16,0.18,8.83,0.13,0.39,13.73,0.33,0.77,0.16,0.33,0.77,0.82
3,0.28,0.43,0.42,0.41,0.38,0.18,0.67,0.44,0.91,0.17,0.18,0.68,0.16,0.18,8.83,0.13,0.39,13.73,0.33,0.77,0.16,0.33,0.77,0.82
3,0.28,0.43,0.42,0.41,0.38,0.18,0.67,0.44,0.91,0.17,0.18,0.68,0.16,0.18,8.83,0.13,0.39,13.73,0.33,0.77,0.16,0.33,0.77,0.82
3,0.28,0.43,0.42,0.41,0.38,0.18,0.67,0.44,0.91,0.17,0.18,0.68,0.16,0.18,8.83,0.13,0.39,13.73,0.33,0.77,0.16,0.33,0.77,0.82
3,0.28,0.43,0.42,0.41,0.38,0.18,0.67,0.44,0.91,0.17,0.18,0.68,0.16,0.18,8.83,0.13,0.39,13.73,0.33,0.77,0.16,0.33,0.77,0.82
3,0.28,0.43,0.42,0.41,0.38,0.18,0.67,0.44,0.91,0.17,0.18,0.68,0.16,0.18,8.83,0.13,0.39,13.73,0.33,0.77,0.16,0.33,0.77,0.82
3,0.28,0.43,0.42,0.41,0.38,0.18,0.67,0.44,0.91,0.17,0.18,0.68,0.16,0.18,8.83,0.13,0.39,13.73,0.33,0.77,0.16,0.33,0.77,0.82
3,0.28,0.43,0.42,0.41,0.38,0.18,0.67,0.44,0.91,0.17,0.18,0.68,0.16,0.18,8.83,0.13,0.39,13.73,0.33,0.77,0.16,0.33,0.77,0.82
3,0.28,0.43,0.42,0.41,0.38,0.18,0.67,0.44,0.91,0.17,0.18,0.68,0.16,0.18,8.83,0.13,0.39,13.73,0.33,0.77,0.16,0.33,0.77,0.82
3,0.28,0.43,0.42,0.41,0.38,0.18,0.67,0.44,0.91,0.17,0.18,0.68,0.16,0.18,8.83,0.13,0.39,13.73,0.33,0.77,0.16,0.33,0.77,0.82
3,0.28,0.43,0.42,0.41,0.38,0.18,0.67,0.44,0.91,0.17,0.18,0.68,0.16,0.18,8.83,0.13,0.39,13.73,0.33,0.77,0.16,0.33,0.77,0.82
3,0.28,0.43,0.42,0.41,0.38,0.18,0.67,0.44,0.91,0.17,0.18,0.68,0.16,0.18,8.83,0.13,0.39,13.73,0.33,0.77,0.16,0.33,0.77,0.82
3,0.22,0.55,0.35,0.43,0.42,0.16,0.66,0.61,0.91,0.16,0.41,0.29,0.14,0.16,8.67,0.16,0.35,1.16,0.41,0.59,0.19,0.4,0.59,0.63
3,0.22,0.55,0.35,0.43,0.42,0.16,0.66,0.61,0.91,0.16,0.41,0.29,0.14,0.16,8.67,0.16,0.35,1.16,0.41,0.59,0.19,0.4,0.59,0.63
3,0.22,0.55,0.35,0.43,0.42,0.16,0.66,0.61,0.91,0.16,0.41,0.29,0.14,0.16,8.67,0.16,0.35,1.16,0.41,0.59,0.19,0.4,0.59,0.63
3,0.22,0.55,0.35,0.43,0.42,0.16,0.66,0.61,0.91,0.16,0.41,0.29,0.14,0.16,8.67,0.16,0.35,1.16,0.41,0.59,0.19,0.4,0.59,0.63
3,0.22,0.55,0.35,0.43,0.42,0.16,0.66,0.61,0.91,0.16,0.41,0.29,0.14,0.16,8.67,0.16,0.35,1.16,0.41,0.59,0.19,0.4,0.59,0.63
3,0.22,0.55,0.35,0.43,0.42,0.16,0.66,0.61,0.91,0.16,0.41,0.29,0.14,0.16,8.67,0.16,0.35,1.16,0.41,0.59,0.19,0.4,0.59,0.63
3,0.22,0.55,0.35,0.43,0.42,0.16,0.66,0.61,0.91,0.16,0.41,0.29,0.14,0.16,8.67,0.16,0.35,1.16,0.41,0.59,0.19,0.4,0.59,0.63
3,0.22,0.55,0.35,0.43,0.42,0.16,0.66,0.61,0.91,0.16,0.41,0.29,0.14,0.16,8.67,0.16,0.35,1.16,0.41,0.59,0.19,0.4,0.59,0.63
3,0.22,0.55,0.35,0.43,0.42,0.16,0.66,0.61,0.91,0.16,0.41,0.29,0.14,0.16,8.67,0.16,0.35,1.16,0.41,0.59,0.19,0.4,0.59,0.63
3,0.22,0.55,0.35,0.43,0.42,0.16,0.66,0.61,0.91,0.16,0.41,0.29,0.14,0.16,8.67,0.16,0.35,1.16,0.41,0.59,0.19,0.4,0.59,0.63
3,0.22,0.55,0.35,0.43,0.42,0.16,0.66,0.61,0.91,0.16,0.41,0.29,0.14,0.16,8.67,0.16,0.35,1.16,0.41,0.59,0.19,0.4,0.59,0.63
3,0.22,0.55,0.35,0.43,0.42,0.16,0.66,0.61,0.91,0.16,0.41,0.29,0.14,0.16,8.67,0.16,0.35,1.16,0.41,0.59,0.19,0.4,0.59,0.63
3,0.11,0.45,0.26,0.44,0.42,0.14,0.75,0.12,0.97,0.13,1.33,-0.08,0.19,0.19,18.22,0.18,0.47,2.2,0.34,0.78,0.14,0.33,0.77,0.83
3,0.11,0.45,0.26,0.44,0.42,0.14,0.75,0.12,0.97,0.13,1.33,-0.08,0.19,0.19,18.22,0.18,0.47,2.2,0.34,0.78,0.14,0.33,0.77,0.83
3,0.11,0.45,0.26,0.44,0.42,0.14,0.75,0.12,0.97,0.13,1.33,-0.08,0.19,0.19,18.22,0.18,0.47,2.2,0.34,0.78,0.14,0.33,0.77,0.83
3,0.11,0.45,0.26,0.44,0.42,0.14,0.75,0.12,0.97,0.13,1.33,-0.08,0.19,0.19,18.22,0.18,0.47,2.2,0.34,0.78,0.14,0.33,0.77,0.83
3,0.11,0.45,0.26,0.44,0.42,0.14,0.75,0.12,0.97,0.13,1.33,-0.08,0.19,0.19,18.22,0.18,0.47,2.2,0.34,0.78,0.14,0.33,0.77,0.83
3,0.11,0.45,0.26,0.44,0.42,0.14,0.75,0.12,0.97,0.13,1.33,-0.08,0.19,0.19,18.22,0.18,0.47,2.2,0.34,0.78,0.14,0.33,0.77,0.83
3,0.11,0.45,0.26,0.44,0.42,0.14,0.75,0.12,0.97,0.13,1.33,-0.08,0.19,0.19,18.22,0.18,0.47,2.2,0.34,0.78,0.14,0.33,0.77,0.83
3,0.11,0.45,0.26,0.44,0.42,0.14,0.75,0.12,0.97,0.13,1.33,-0.08,0.19,0.19,18.22,0.18,0.47,2.2,0.34,0.78,0.14,0.33,0.77,0.83
3,0.11,0.45,0.26,0.44,0.42,0.14,0.75,0.12,0.97,0.13,1.33,-0.08,0.19,0.19,18.22,0.18,0.47,2.2,0.34,0.78,0.14,0.33,0.77,0.83
3,0.11,0.45,0.26,0.44,0.42,0.14,0.75,0.12,0.97,0.13,1.33,-0.08,0.19,0.19,18.22,0.18,0.47,2.2,0.34,0.78,0.14,0.33,0.77,0.83
3,0.11,0.45,0.26,0.44,0.42,0.14,0.75,0.12,0.97,0.13,1.33,-0.08,0.19,0.19,18.22,0.18,0.47,2.2,0.34,0.78,0.14,0.33,0.77,0.83
3,0.11,0.45,0.26,0.44,0.42,0.14,0.75,0.12,0.97,0.13,1.33,-0.08,0.19,0.19,18.22,0.18,0.47,2.2,0.34,0.78,0.14,0.33,0.77,0.83
3,0.22,0.49,0.38,0.39,0.44,0.18,0.66,0.12,0.96,0.16,0.58,0.46,0.17,0.15,2.75,0.19,0.3,11.69,0.32,0.77,0.11,0.3,0.75,0.81
3,0.22,0.49,0.38,0.39,0.44,0.18,0.66,0.12,0.96,0.16,0.58,0.46,0.17,0.15,2.75,0.19,0.3,11.69,0.32,0.77,0.11,0.3,0.75,0.81
3,0.22,0.49,0.38,0.39,0.44,0.18,0.66,0.12,0.96,0.16,0.58,0.46,0.17,0.15,2.75,0.19,0.3,11.69,0.32,0.77,0.11,0.3,0.75,0.81
3,0.22,0.49,0.38,0.39,0.44,0.18,0.66,0.12,0.96,0.16,0.58,0.46,0.17,0.15,2.75,0.19,0.3,11.69,0.32,0.77,0.11,0.3,0.75,0.81
3,0.22,0.49,0.38,0.39,0.44,0.18,0.66,0.12,0.96,0.16,0.58,0.46,0.17,0.15,2.75,0.19,0.3,11.69,0.32,0.77,0.11,0.3,0.75,0.81
3,0.22,0.49,0.38,0.39,0.44,0.18,0.66,0.12,0.96,0.16,0.58,0.46,0.17,0.15,2.75,0.19,0.3,11.69,0.32,0.77,0.11,0.3,0.75,0.81
3,0.22,0.49,0.38,0.39,0.44,0.18,0.66,0.12,0.96,0.16,0.58,0.46,0.17,0.15,2.75,0.19,0.3,11.69,0.32,0.77,0.11,0.3,0.75,0.81
3,0.22,0.49,0.38,0.39,0.44,0.18,0.66,0.12,0.96,0.16,0.58,0.46,0.17,0.15,2.75,0.19,0.3,11.69,0.32,0.77,0.11,0.3,0.75,0.81
3,0.22,0.49,0.38,0.39,0.44,0.18,0.66,0.12,0.96,0.16,0.58,0.46,0.17,0.15,2.75,0.19,0.3,11.69,0.32,0.77,0.11,0.3,0.75,0.81
3,0.22,0.49,0.38,0.39,0.44,0.18,0.66,0.12,0.96,0.16,0.58,0.46,0.17,0.15,2.75,0.19,0.3,11.69,0.32,0.77,0.11,0.3,0.75,0.81
3,0.22,0.49,0.38,0.39,0.44,0.18,0.66,0.12,0.96,0.16,0.58,0.46,0.17,0.15,2.75,0.19,0.3,11.69,0.32,0.77,0.11,0.3,0.75,0.81
3,0.22,0.49,0.38,0.39,0.44,0.18,0.66,0.12,0.96,0.16,0.58,0.46,0.17,0.15,2.75,0.19,0.3,11.69,0.32,0.77,0.11,0.3,0.75,0.81
3,0.07,0.49,0.14,0.53,0.45,0.21,0.75,0.2,0.96,0.16,-0.12,-0.6,0.2,0.25,10.24,0.22,0.51,1.0,0.39,0.64,0.28,0.38,0.63,0.7
3,0.07,0.49,0.14,0.53,0.45,0.21,0.75,0.2,0.96,0.16,-0.12,-0.6,0.2,0.25,10.24,0.22,0.51,1.0,0.39,0.64,0.28,0.38,0.63,0.7
3,0.07,0.49,0.14,0.53,0.45,0.21,0.75,0.2,0.96,0.16,-0.12,-0.6,0.2,0.25,10.24,0.22,0.51,1.0,0.39,0.64,0.28,0.38,0.63,0.7
3,0.07,0.49,0.14,0.53,0.45,0.21,0.75,0.2,0.96,0.16,-0.12,-0.6,0.2,0.25,10.24,0.22,0.51,1.0,0.39,0.64,0.28,0.38,0.63,0.7
3,0.07,0.49,0.14,0.53,0.45,0.21,0.75,0.2,0.96,0.16,-0.12,-0.6,0.2,0.25,10.24,0.22,0.51,1.0,0.39,0.64,0.28,0.38,0.63,0.7
3,0.07,0.49,0.14,0.53,0.45,0.21,0.75,0.2,0.96,0.16,-0.12,-0.6,0.2,0.25,10.24,0.22,0.51,1.0,0.39,0.64,0.28,0.38,0.63,0.7
3,0.07,0.49,0.14,0.53,0.45,0.21,0.75,0.2,0.96,0.16,-0.12,-0.6,0.2,0.25,10.24,0.22,0.51,1.0,0.39,0.64,0.28,0.38,0.63,0.7
3,0.07,0.49,0.14,0.53,0.45,0.21,0.75,0.2,0.96,0.16,-0.12,-0.6,0.2,0.25,10.24,0.22,0.51,1.0,0.39,0.64,0.28,0.38,0.63,0.7
3,0.07,0.49,0.14,0.53,0.45,0.21,0.75,0.2,0.96,0.16,-0.12,-0.6,0.2,0.25,10.24,0.22,0.51,1.0,0.39,0.64,0.28,0.38,0.63,0.7
3,0.07,0.49,0.14,0.53,0.45,0.21,0.75,0.2,0.96,0.16,-0.12,-0.6,0.2,0.25,10.24,0.22,0.51,1.0,0.39,0.64,0.28,0.38,0.63,0.7
3,0.07,0.49,0.14,0.53,0.45,0.21,0.75,0.2,0.96,0.16,-0.12,-0.6,0.2,0.25,10.24,0.22,0.51,1.0,0.39,0.64,0.28,0.38,0.63,0.7
3,0.07,0.49,0.14,0.53,0.45,0.21,0.75,0.2,0.96,0.16,-0.12,-0.6,0.2,0.25,10.24,0.22,0.51,1.0,0.39,0.64,0.28,0.38,0.63,0.7
3,0.12,0.41,0.2,0.5,0.48,0.18,0.76,0.24,0.94,0.18,0.28,0.25,0.18,0.16,15.37,0.21,0.57,31.48,0.35,0.82,0.16,0.3,0.78,0.86
3,0.12,0.41,0.2,0.5,0.48,0.18,0.76,0.24,0.94,0.18,0.28,0.25,0.18,0.16,15.37,0.21,0.57,31.48,0.35,0.82,0.16,0.3,0.78,0.86
3,0.12,0.41,0.2,0.5,0.48,0.18,0.76,0.24,0.94,0.18,0.28,0.25,0.18,0.16,15.37,0.21,0.57,31.48,0.35,0.82,0.16,0.3,0.78,0.86
3,0.12,0.41,0.2,0.5,0.48,0.18,0.76,0.24,0.94,0.18,0.28,0.25,0.18,0.16,15.37,0.21,0.57,31.48,0.35,0.82,0.16,0.3,0.78,0.86
3,0.12,0.41,0.2,0.5,0.48,0.18,0.76,0.24,0.94,0.18,0.28,0.25,0.18,0.16,15.37,0.21,0.57,31.48,0.35,0.82,0.16,0.3,0.78,0.86
3,0.12,0.41,0.2,0.5,0.48,0.18,0.76,0.24,0.94,0.18,0.28,0.25,0.18,0.16,15.37,0.21,0.57,31.48,0.35,0.82,0.16,0.3,0.78,0.86
3,0.12,0.41,0.2,0.5,0.48,0.18,0.76,0.24,0.94,0.18,0.28,0.25,0.18,0.16,15.37,0.21,0.57,31.48,0.35,0.82,0.16,0.3,0.78,0.86
3,0.12,0.41,0.2,0.5,0.48,0.18,0.76,0.24,0.94,0.18,0.28,0.25,0.18,0.16,15.37,0.21,0.57,31.48,0.35,0.82,0.16,0.3,0.78,0.86
3,0.12,0.41,0.2,0.5,0.48,0.18,0.76,0.24,0.94,0.18,0.28,0.25,0.18,0.16,15.37,0.21,0.57,31.48,0.35,0.82,0.16,0.3,0.78,0.86
3,0.12,0.41,0.2,0.5,0.48,0.18,0.76,0.24,0.94,0.18,0.28,0.25,0.18,0.16,15.37,0.21,0.57,31.48,0.35,0.82,0.16,0.3,0.78,0.86
3,0.12,0.41,0.2,0.5,0.48,0.18,0.76,0.24,0.94,0.18,0.28,0.25,0.18,0.16,15.37,0.21,0.57,31.48,0.35,0.82,0.16,0.3,0.78,0.86
3,0.12,0.41,0.2,0.5,0.48,0.18,0.76,0.24,0.94,0.18,0.28,0.25,0.18,0.16,15.37,0.21,0.57,31.48,0.35,0.82,0.16,0.3,0.78,0.86
3,0.29,0.47,0.43,0.55,0.62,0.14,0.58,0.34,0.91,0.17,-0.98,-0.21,0.18,0.19,43.12,0.2,0.61,38.07,0.37,0.66,0.15,0.35,0.65,0.84
3,0.29,0.47,0.43,0.55,0.62,0.14,0.58,0.34,0.91,0.17,-0.98,-0.21,0.18,0.19,43.12,0.2,0.61,38.07,0.37,0.66,0.15,0.35,0.65,0.84
3,0.29,0.47,0.43,0.55,0.62,0.14,0.58,0.34,0.91,0.17,-0.98,-0.21,0.18,0.19,43.12,0.2,0.61,38.07,0.37,0.66,0.15,0.35,0.65,0.84
3,0.29,0.47,0.43,0.55,0.62,0.14,0.58,0.34,0.91,0.17,-0.98,-0.21,0.18,0.19,43.12,0.2,0.61,38.07,0.37,0.66,0.15,0.35,0.65,0.84
3,0.29,0.47,0.43,0.55,0.62,0.14,0.58,0.34,0.91,0.17,-0.98,-0.21,0.18,0.19,43.12,0.2,0.61,38.07,0.37,0.66,0.15,0.35,0.65,0.84
3,0.29,0.47,0.43,0.55,0.62,0.14,0.58,0.34,0.91,0.17,-0.98,-0.21,0.18,0.19,43.12,0.2,0.61,38.07,0.37,0.66,0.15,0.35,0.65,0.84
3,0.29,0.47,0.43,0.55,0.62,0.14,0.58,0.34,0.91,0.17,-0.98,-0.21,0.18,0.19,43.12,0.2,0.61,38.07,0.37,0.66,0.15,0.35,0.65,0.84
3,0.29,0.47,0.43,0.55,0.62,0.14,0.58,0.34,0.91,0.17,-0.98,-0.21,0.18,0.19,43.12,0.2,0.61,38.07,0.37,0.66,0.15,0.35,0.65,0.84
3,0.29,0.47,0.43,0.55,0.62,0.14,0.58,0.34,0.91,0.17,-0.98,-0.21,0.18,0.19,43.12,0.2,0.61,38.07,0.37,0.66,0.15,0.35,0.65,0.84
3,0.29,0.47,0.43,0.55,0.62,0.14,0.58,0.34,0.91,0.17,-0.98,-0.21,0.18,0.19,43.12,0.2,0.61,38.07,0.37,0.66,0.15,0.35,0.65,0.84
3,0.29,0.47,0.43,0.55,0.62,0.14,0.58,0.34,0.91,0.17,-0.98,-0.21,0.18,0.19,43.12,0.2,0.61,38.07,0.37,0.66,0.15,0.35,0.65,0.84
3,0.29,0.47,0.43,0.55,0.62,0.14,0.58,0.34,0.91,0.17,-0.98,-0.21,0.18,0.19,43.12,0.2,0.61,38.07,0.37,0.66,0.15,0.35,0.65,0.84
3,0.25,0.56,0.37,0.52,0.5,0.13,0.57,0.45,0.91,0.15,0.09,-0.12,0.18,0.19,0.74,0.14,0.43,4.29,0.38,0.5,0.14,0.38,0.49,0.56
3,0.25,0.56,0.37,0.52,0.5,0.13,0.57,0.45,0.91,0.15,0.09,-0.12,0.18,0.19,0.74,0.14,0.43,4.29,0.38,0.5,0.14,0.38,0.49,0.56
3,0.25,0.56,0.37,0.52,0.5,0.13,0.57,0.45,0.91,0.15,0.09,-0.12,0.18,0.19,0.74,0.14,0.43,4.29,0.38,0.5,0.14,0.38,0.49,0.56
3,0.25,0.56,0.37,0.52,0.5,0.13,0.57,0.45,0.91,0.15,0.09,-0.12,0.18,0.19,0.74,0.14,0.43,4.29,0.38,0.5,0.14,0.38,0.49,0.56
3,0.25,0.56,0.37,0.52,0.5,0.13,0.57,0.45,0.91,0.15,0.09,-0.12,0.18,0.19,0.74,0.14,0.43,4.29,0.38,0.5,0.14,0.38,0.49,0.56
3,0.25,0.56,0.37,0.52,0.5,0.13,0.57,0.45,0.91,0.15,0.09,-0.12,0.18,0.19,0.74,0.14,0.43,4.29,0.38,0.5,0.14,0.38,0.49,0.56
3,0.25,0.56,0.37,0.52,0.5,0.13,0.57,0.45,0.91,0.15,0.09,-0.12,0.18,0.19,0.74,0.14,0.43,4.29,0.38,0.5,0.14,0.38,0.49,0.56
3,0.25,0.56,0.37,0.52,0.5,0.13,0.57,0.45,0.91,0.15,0.09,-0.12,0.18,0.19,0.74,0.14,0.43,4.29,0.38,0.5,0.14,0.38,0.49,0.56
3,0.25,0.56,0.37,0.52,0.5,0.13,0.57,0.45,0.91,0.15,0.09,-0.12,0.18,0.19,0.74,0.14,0.43,4.29,0.38,0.5,0.14,0.38,0.49,0.56
3,0.25,0.56,0.37,0.52,0.5,0.13,0.57,0.45,0.91,0.15,0.09,-0.12,0.18,0.19,0.74,0.14,0.43,4.29,0.38,0.5,0.14,0.38,0.49,0.56
3,0.25,0.56,0.37,0.52,0.5,0.13,0.57,0.45,0.91,0.15,0.09,-0.12,0.18,0.19,0.74,0.14,0.43,4.29,0.38,0.5,0.14,0.38,0.49,0.56
3,0.25,0.56,0.37,0.52,0.5,0.13,0.57,0.45,0.91,0.15,0.09,-0.12,0.18,0.19,0.74,0.14,0.43,4.29,0.38,0.5,0.14,0.38,0.49,0.56
3,0.22,0.54,0.35,0.53,0.47,0.14,0.49,0.73,0.85,0.17,-0.01,-0.28,0.17,0.18,1.56,0.12,0.36,7.94,0.37,0.52,0.14,0.36,0.51,0.59
3,0.22,0.54,0.35,0.53,0.47,0.14,0.49,0.73,0.85,0.17,-0.01,-0.28,0.17,0.18,1.56,0.12,0.36,7.94,0.37,0.52,0.14,0.36,0.51,0.59
3,0.22,0.54,0.35,0.53,0.47,0.14,0.49,0.73,0.85,0.17,-0.01,-0.28,0.17,0.18,1.56,0.12,0.36,7.94,0.37,0.52,0.14,0.36,0.51,0.59
3,0.22,0.54,0.35,0.53,0.47,0.14,0.49,0.73,0.85,0.17,-0.01,-0.28,0.17,0.18,1.56,0.12,0.36,7.94,0.37,0.52,0.14,0.36,0.51,0.59
3,0.22,0.54,0.35,0.53,0.47,0.14,0.49,0.73,0.85,0.17,-0.01,-0.28,0.17,0.18,1.56,0.12,0.36,7.94,0.37,0.52,0.14,0.36,0.51,0.59
3,0.22,0.54,0.35,0.53,0.47,0.14,0.49,0.73,0.85,0.17,-0.01,-0.28,0.17,0.18,1.56,0.12,0.36,7.94,0.37,0.52,0.14,0.36,0.51,0.59
3,0.22,0.54,0.35,0.53,0.47,0.14,0.49,0.73,0.85,0.17,-0.01,-0.28,0.17,0.18,1.56,0.12,0.36,7.94,0.37,0.52,0.14,0.36,0.51,0.59
3,0.22,0.54,0.35,0.53,0.47,0.14,0.49,0.73,0.85,0.17,-0.01,-0.28,0.17,0.18,1.56,0.12,0.36,7.94,0.37,0.52,0.14,0.36,0.51,0.59
3,0.22,0.54,0.35,0.53,0.47,0.14,0.49,0.73,0.85,0.17,-0.01,-0.28,0.17,0.18,1.56,0.12,0.36,7.94,0.37,0.52,0.14,0.36,0.51,0.59
3,0.22,0.54,0.35,0.53,0.47,0.14,0.49,0.73,0.85,0.17,-0.01,-0.28,0.17,0.18,1.56,0.12,0.36,7.94,0.37,0.52,0.14,0.36,0.51,0.59
3,0.22,0.54,0.35,0.53,0.47,0.14,0.49,0.73,0.85,0.17,-0.01,-0.28,0.17,0.18,1.56,0.12,0.36,7.94,0.37,0.52,0.14,0.36,0.51,0.59
3,0.22,0.54,0.35,0.53,0.47,0.14,0.49,0.73,0.85,0.17,-0.01,-0.28,0.17,0.18,1.56,0.12,0.36,7.94,0.37,0.52,0.14,0.36,0.51,0.59
3,0.17,0.58,0.3,0.61,0.44,0.14,0.59,0.52,0.89,0.15,0.15,-0.62,0.16,0.17,0.88,0.13,0.5,4.92,0.3,0.87,0.11,0.28,0.86,0.89
3,0.17,0.58,0.3,0.61,0.44,0.14,0.59,0.52,0.89,0.15,0.15,-0.62,0.16,0.17,0.88,0.13,0.5,4.92,0.3,0.87,0.11,0.28,0.86,0.89
3,0.17,0.58,0.3,0.61,0.44,0.14,0.59,0.52,0.89,0.15,0.15,-0.62,0.16,0.17,0.88,0.13,0.5,4.92,0.3,0.87,0.11,0.28,0.86,0.89
3,0.17,0.58,0.3,0.61,0.44,0.14,0.59,0.52,0.89,0.15,0.15,-0.62,0.16,0.17,0.88,0.13,0.5,4.92,0.3,0.87,0.11,0.28,0.86,0.89
3,0.17,0.58,0.3,0.61,0.44,0.14,0.59,0.52,0.89,0.15,0.15,-0.62,0.16,0.17,0.88,0.13,0.5,4.92,0.3,0.87,0.11,0.28,0.86,0.89
3,0.17,0.58,0.3,0.61,0.44,0.14,0.59,0.52,0.89,0.15,0.15,-0.62,0.16,0.17,0.88,0.13,0.5,4.92,0.3,0.87,0.11,0.28,0.86,0.89
3,0.17,0.58,0.3,0.61,0.44,0.14,0.59,0.52,0.89,0.15,0.15,-0.62,0.16,0.17,0.88,0.13,0.5,4.92,0.3,0.87,0.11,0.28,0.86,0.89
3,0.17,0.58,0.3,0.61,0.44,0.14,0.59,0.52,0.89,0.15,0.15,-0.62,0.16,0.17,0.88,0.13,0.5,4.92,0.3,0.87,0.11,0.28,0.86,0.89
3,0.17,0.58,0.3,0.61,0.44,0.14,0.59,0.52,0.89,0.15,0.15,-0.62,0.16,0.17,0.88,0.13,0.5,4.92,0.3,0.87,0.11,0.28,0.86,0.89
3,0.17,0.58,0.3,0.61,0.44,0.14,0.59,0.52,0.89,0.15,0.15,-0.62,0.16,0.17,0.88,0.13,0.5,4.92,0.3,0.87,0.11,0.28,0.86,0.89
3,0.17,0.58,0.3,0.61,0.44,0.14,0.59,0.52,0.89,0.15,0.15,-0.62,0.16,0.17,0.88,0.13,0.5,4.92,0.3,0.87,0.11,0.28,0.86,0.89
3,0.17,0.58,0.3,0.61,0.44,0.14,0.59,0.52,0.89,0.15,0.15,-0.62,0.16,0.17,0.88,0.13,0.5,4.92,0.3,0.87,0.11,0.28,0.86,0.89
3,0.13,0.52,0.27,0.45,0.49,0.18,0.46,0.26,0.9,0.17,0.9,0.29,0.18,0.18,9.82,0.2,0.37,20.48,0.32,0.73,0.12,0.31,0.72,0.83
3,0.13,0.52,0.27,0.45,0.49,0.18,0.46,0.26,0.9,0.17,0.9,0.29,0.18,0.18,9.82,0.2,0.37,20.48,0.32,0.73,0.12,0.31,0.72,0.83
3,0.13,0.52,0.27,0.45,0.49,0.18,0.46,0.26,0.9,0.17,0.9,0.29,0.18,0.18,9.82,0.2,0.37,20.48,0.32,0.73,0.12,0.31,0.72,0.83
3,0.13,0.52,0.27,0.45,0.49,0.18,0.46,0.26,0.9,0.17,0.9,0.29,0.18,0.18,9.82,0.2,0.37,20.48,0.32,0.73,0.12,0.31,0.72,0.83
3,0.13,0.52,0.27,0.45,0.49,0.18,0.46,0.26,0.9,0.17,0.9,0.29,0.18,0.18,9.82,0.2,0.37,20.48,0.32,0.73,0.12,0.31,0.72,0.83
3,0.13,0.52,0.27,0.45,0.49,0.18,0.46,0.26,0.9,0.17,0.9,0.29,0.18,0.18,9.82,0.2,0.37,20.48,0.32,0.73,0.12,0.31,0.72,0.83
3,0.13,0.52,0.27,0.45,0.49,0.18,0.46,0.26,0.9,0.17,0.9,0.29,0.18,0.18,9.82,0.2,0.37,20.48,0.32,0.73,0.12,0.31,0.72,0.83
3,0.13,0.52,0.27,0.45,0.49,0.18,0.46,0.26,0.9,0.17,0.9,0.29,0.18,0.18,9.82,0.2,0.37,20.48,0.32,0.73,0.12,0.31,0.72,0.83
3,0.13,0.52,0.27,0.45,0.49,0.18,0.46,0.26,0.9,0.17,0.9,0.29,0.18,0.18,9.82,0.2,0.37,20.48,0.32,0.73,0.12,0.31,0.72,0.83
3,0.13,0.52,0.27,0.45,0.49,0.18,0.46,0.26,0.9,0.17,0.9,0.29,0.18,0.18,9.82,0.2,0.37,20.48,0.32,0.73,0.12,0.31,0.72,0.83
3,0.13,0.52,0.27,0.45,0.49,0.18,0.46,0.26,0.9,0.17,0.9,0.29,0.18,0.18,9.82,0.2,0.37,20.48,0.32,0.73,0.12,0.31,0.72,0.83
3,0.13,0.52,0.27,0.45,0.49,0.18,0.46,0.26,0.9,0.17,0.9,0.29,0.18,0.18,9.82,0.2,0.37,20.48,0.32,0.73,0.12,0.31,0.72,0.83
3,0.06,0.56,0.04,0.57,0.41,0.14,0.6,0.34,0.91,0.15,0.4,-0.3,0.2,0.2,2.74,0.24,0.62,6.48,0.39,0.76,0.16,0.33,0.71,0.81
3,0.06,0.56,0.04,0.57,0.41,0.14,0.6,0.34,0.91,0.15,0.4,-0.3,0.2,0.2,2.74,0.24,0.62,6.48,0.39,0.76,0.16,0.33,0.71,0.81
3,0.06,0.56,0.04,0.57,0.41,0.14,0.6,0.34,0.91,0.15,0.4,-0.3,0.2,0.2,2.74,0.24,0.62,6.48,0.39,0.76,0.16,0.33,0.71,0.81
3,0.06,0.56,0.04,0.57,0.41,0.14,0.6,0.34,0.91,0.15,0.4,-0.3,0.2,0.2,2.74,0.24,0.62,6.48,0.39,0.76,0.16,0.33,0.71,0.81
3,0.06,0.56,0.04,0.57,0.41,0.14,0.6,0.34,0.91,0.15,0.4,-0.3,0.2,0.2,2.74,0.24,0.62,6.48,0.39,0.76,0.16,0.33,0.71,0.81
3,0.06,0.56,0.04,0.57,0.41,0.14,0.6,0.34,0.91,0.15,0.4,-0.3,0.2,0.2,2.74,0.24,0.62,6.48,0.39,0.76,0.16,0.33,0.71,0.81
3,0.06,0.56,0.04,0.57,0.41,0.14,0.6,0.34,0.91,0.15,0.4,-0.3,0.2,0.2,2.74,0.24,0.62,6.48,0.39,0.76,0.16,0.33,0.71,0.81
3,0.06,0.56,0.04,0.57,0.41,0.14,0.6,0.34,0.91,0.15,0.4,-0.3,0.2,0.2,2.74,0.24,0.62,6.48,0.39,0.76,0.16,0.33,0.71,0.81
3,0.06,0.56,0.04,0.57,0.41,0.14,0.6,0.34,0.91,0.15,0.4,-0.3,0.2,0.2,2.74,0.24,0.62,6.48,0.39,0.76,0.16,0.33,0.71,0.81
3,0.06,0.56,0.04,0.57,0.41,0.14,0.6,0.34,0.91,0.15,0.4,-0.3,0.2,0.2,2.74,0.24,0.62,6.48,0.39,0.76,0.16,0.33,0.71,0.81
3,0.06,0.56,0.04,0.57,0.41,0.14,0.6,0.34,0.91,0.15,0.4,-0.3,0.2,0.2,2.74,0.24,0.62,6.48,0.39,0.76,0.16,0.33,0.71,0.81
3,0.06,0.56,0.04,0.57,0.41,0.14,0.6,0.34,0.91,0.15,0.4,-0.3,0.2,0.2,2.74,0.24,0.62,6.48,0.39,0.76,0.16,0.33,0.71,0.81
3,0.1,0.47,0.11,0.49,0.52,0.16,0.43,0.39,0.9,0.2,-0.06,0.23,0.25,0.21,19.63,0.27,0.51,38.14,0.36,0.75,0.19,0.3,0.69,0.82
3,0.1,0.47,0.11,0.49,0.52,0.16,0.43,0.39,0.9,0.2,-0.06,0.23,0.25,0.21,19.63,0.27,0.51,38.14,0.36,0.75,0.19,0.3,0.69,0.82
3,0.1,0.47,0.11,0.49,0.52,0.16,0.43,0.39,0.9,0.2,-0.06,0.23,0.25,0.21,19.63,0.27,0.51,38.14,0.36,0.75,0.19,0.3,0.69,0.82
3,0.1,0.47,0.11,0.49,0.52,0.16,0.43,0.39,0.9,0.2,-0.06,0.23,0.25,0.21,19.63,0.27,0.51,38.14,0.36,0.75,0.19,0.3,0.69,0.82
3,0.1,0.47,0.11,0.49,0.52,0.16,0.43,0.39,0.9,0.2,-0.06,0.23,0.25,0.21,19.63,0.27,0.51,38.14,0.36,0.75,0.19,0.3,0.69,0.82
3,0.1,0.47,0.11,0.49,0.52,0.16,0.43,0.39,0.9,0.2,-0.06,0.23,0.25,0.21,19.63,0.27,0.51,38.14,0.36,0.75,0.19,0.3,0.69,0.82
3,0.1,0.47,0.11,0.49,0.52,0.16,0.43,0.39,0.9,0.2,-0.06,0.23,0.25,0.21,19.63,0.27,0.51,38.14,0.36,0.75,0.19,0.3,0.69,0.82
3,0.1,0.47,0.11,0.49,0.52,0.16,0.43,0.39,0.9,0.2,-0.06,0.23,0.25,0.21,19.63,0.27,0.51,38.14,0.36,0.75,0.19,0.3,0.69,0.82
3,0.1,0.47,0.11,0.49,0.52,0.16,0.43,0.39,0.9,0.2,-0.06,0.23,0.25,0.21,19.63,0.27,0.51,38.14,0.36,0.75,0.19,0.3,0.69,0.82
3,0.1,0.47,0.11,0.49,0.52,0.16,0.43,0.39,0.9,0.2,-0.06,0.23,0.25,0.21,19.63,0.27,0.51,38.14,0.36,0.75,0.19,0.3,0.69,0.82
3,0.1,0.47,0.11,0.49,0.52,0.16,0.43,0.39,0.9,0.2,-0.06,0.23,0.25,0.21,19.63,0.27,0.51,38.14,0.36,0.75,0.19,0.3,0.69,0.82
3,0.1,0.47,0.11,0.49,0.52,0.16,0.43,0.39,0.9,0.2,-0.06,0.23,0.25,0.21,19.63,0.27,0.51,38.14,0.36,0.75,0.19,0.3,0.69,0.82
3,0.06,0.49,0.1,0.61,0.54,0.14,0.62,0.37,0.9,0.14,0.33,-0.57,0.17,0.16,6.11,0.14,0.61,8.23,0.32,0.84,0.13,0.28,0.82,0.87
3,0.06,0.49,0.1,0.61,0.54,0.14,0.62,0.37,0.9,0.14,0.33,-0.57,0.17,0.16,6.11,0.14,0.61,8.23,0.32,0.84,0.13,0.28,0.82,0.87
3,0.06,0.49,0.1,0.61,0.54,0.14,0.62,0.37,0.9,0.14,0.33,-0.57,0.17,0.16,6.11,0.14,0.61,8.23,0.32,0.84,0.13,0.28,0.82,0.87
3,0.06,0.49,0.1,0.61,0.54,0.14,0.62,0.37,0.9,0.14,0.33,-0.57,0.17,0.16,6.11,0.14,0.61,8.23,0.32,0.84,0.13,0.28,0.82,0.87
3,0.06,0.49,0.1,0.61,0.54,0.14,0.62,0.37,0.9,0.14,0.33,-0.57,0.17,0.16,6.11,0.14,0.61,8.23,0.32,0.84,0.13,0.28,0.82,0.87
3,0.06,0.49,0.1,0.61,0.54,0.14,0.62,0.37,0.9,0.14,0.33,-0.57,0.17,0.16,6.11,0.14,0.61,8.23,0.32,0.84,0.13,0.28,0.82,0.87
3,0.06,0.49,0.1,0.61,0.54,0.14,0.62,0.37,0.9,0.14,0.33,-0.57,0.17,0.16,6.11,0.14,0.61,8.23,0.32,0.84,0.13,0.28,0.82,0.87
3,0.06,0.49,0.1,0.61,0.54,0.14,0.62,0.37,0.9,0.14,0.33,-0.57,0.17,0.16,6.11,0.14,0.61,8.23,0.32,0.84,0.13,0.28,0.82,0.87
3,0.06,0.49,0.1,0.61,0.54,0.14,0.62,0.37,0.9,0.14,0.33,-0.57,0.17,0.16,6.11,0.14,0.61,8.23,0.32,0.84,0.13,0.28,0.82,0.87
3,0.06,0.49,0.1,0.61,0.54,0.14,0.62,0.37,0.9,0.14,0.33,-0.57,0.17,0.16,6.11,0.14,0.61,8.23,0.32,0.84,0.13,0.28,0.82,0.87
3,0.06,0.49,0.1,0.61,0.54,0.14,0.62,0.37,0.9,0.14,0.33,-0.57,0.17,0.16,6.11,0.14,0.61,8.23,0.32,0.84,0.13,0.28,0.82,0.87
3,0.06,0.49,0.1,0.61,0.54,0.14,0.62,0.37,0.9,0.14,0.33,-0.57,0.17,0.16,6.11,0.14,0.61,8.23,0.32,0.84,0.13,0.28,0.82,0.87
3,0.3,0.49,0.42,0.45,0.51,0.18,0.71,0.31,0.86,0.19,0.54,0.32,0.23,0.2,16.24,0.21,0.48,36.24,0.24,0.91,0.13,0.21,0.9,0.94
3,0.3,0.49,0.42,0.45,0.51,0.18,0.71,0.31,0.86,0.19,0.54,0.32,0.23,0.2,16.24,0.21,0.48,36.24,0.24,0.91,0.13,0.21,0.9,0.94
3,0.3,0.49,0.42,0.45,0.51,0.18,0.71,0.31,0.86,0.19,0.54,0.32,0.23,0.2,16.24,0.21,0.48,36.24,0.24,0.91,0.13,0.21,0.9,0.94
3,0.3,0.49,0.42,0.45,0.51,0.18,0.71,0.31,0.86,0.19,0.54,0.32,0.23,0.2,16.24,0.21,0.48,36.24,0.24,0.91,0.13,0.21,0.9,0.94
3,0.3,0.49,0.42,0.45,0.51,0.18,0.71,0.31,0.86,0.19,0.54,0.32,0.23,0.2,16.24,0.21,0.48,36.24,0.24,0.91,0.13,0.21,0.9,0.94
3,0.3,0.49,0.42,0.45,0.51,0.18,0.71,0.31,0.86,0.19,0.54,0.32,0.23,0.2,16.24,0.21,0.48,36.24,0.24,0.91,0.13,0.21,0.9,0.94
3,0.3,0.49,0.42,0.45,0.51,0.18,0.71,0.31,0.86,0.19,0.54,0.32,0.23,0.2,16.24,0.21,0.48,36.24,0.24,0.91,0.13,0.21,0.9,0.94
3,0.3,0.49,0.42,0.45,0.51,0.18,0.71,0.31,0.86,0.19,0.54,0.32,0.23,0.2,16.24,0.21,0.48,36.24,0.24,0.91,0.13,0.21,0.9,0.94
3,0.3,0.49,0.42,0.45,0.51,0.18,0.71,0.31,0.86,0.19,0.54,0.32,0.23,0.2,16.24,0.21,0.48,36.24,0.24,0.91,0.13,0.21,0.9,0.94
3,0.3,0.49,0.42,0.45,0.51,0.18,0.71,0.31,0.86,0.19,0.54,0.32,0.23,0.2,16.24,0.21,0.48,36.24,0.24,0.91,0.13,0.21,0.9,0.94
3,0.3,0.49,0.42,0.45,0.51,0.18,0.71,0.31,0.86,0.19,0.54,0.32,0.23,0.2,16.24,0.21,0.48,36.24,0.24,0.91,0.13,0.21,0.9,0.94
3,0.3,0.49,0.42,0.45,0.51,0.18,0.71,0.31,0.86,0.19,0.54,0.32,0.23,0.2,16.24,0.21,0.48,36.24,0.24,0.91,0.13,0.21,0.9,0.94
3,0.1,0.61,0.13,0.54,0.35,0.15,0.6,0.65,0.86,0.15,0.83,-0.37,0.22,0.23,5.28,0.13,0.42,13.92,0.37,0.75,0.13,0.34,0.72,0.79
3,0.1,0.61,0.13,0.54,0.35,0.15,0.6,0.65,0.86,0.15,0.83,-0.37,0.22,0.23,5.28,0.13,0.42,13.92,0.37,0.75,0.13,0.34,0.72,0.79
3,0.1,0.61,0.13,0.54,0.35,0.15,0.6,0.65,0.86,0.15,0.83,-0.37,0.22,0.23,5.28,0.13,0.42,13.92,0.37,0.75,0.13,0.34,0.72,0.79
3,0.1,0.61,0.13,0.54,0.35,0.15,0.6,0.65,0.86,0.15,0.83,-0.37,0.22,0.23,5.28,0.13,0.42,13.92,0.37,0.75,0.13,0.34,0.72,0.79
3,0.1,0.61,0.13,0.54,0.35,0.15,0.6,0.65,0.86,0.15,0.83,-0.37,0.22,0.23,5.28,0.13,0.42,13.92,0.37,0.75,0.13,0.34,0.72,0.79
3,0.1,0.61,0.13,0.54,0.35,0.15,0.6,0.65,0.86,0.15,0.83,-0.37,0.22,0.23,5.28,0.13,0.42,13.92,0.37,0.75,0.13,0.34,0.72,0.79
3,0.1,0.61,0.13,0.54,0.35,0.15,0.6,0.65,0.86,0.15,0.83,-0.37,0.22,0.23,5.28,0.13,0.42,13.92,0.37,0.75,0.13,0.34,0.72,0.79
3,0.1,0.61,0.13,0.54,0.35,0.15,0.6,0.65,0.86,0.15,0.83,-0.37,0.22,0.23,5.28,0.13,0.42,13.92,0.37,0.75,0.13,0.34,0.72,0.79
3,0.1,0.61,0.13,0.54,0.35,0.15,0.6,0.65,0.86,0.15,0.83,-0.37,0.22,0.23,5.28,0.13,0.42,13.92,0.37,0.75,0.13,0.34,0.72,0.79
3,0.1,0.61,0.13,0.54,0.35,0.15,0.6,0.65,0.86,0.15,0.83,-0.37,0.22,0.23,5.28,0.13,0.42,13.92,0.37,0.75,0.13,0.34,0.72,0.79
3,0.1,0.61,0.13,0.54,0.35,0.15,0.6,0.65,0.86,0.15,0.83,-0.37,0.22,0.23,5.28,0.13,0.42,13.92,0.37,0.75,0.13,0.34,0.72,0.79
3,0.1,0.61,0.13,0.54,0.35,0.15,0.6,0.65,0.86,0.15,0.83,-0.37,0.22,0.23,5.28,0.13,0.42,13.92,0.37,0.75,0.13,0.34,0.72,0.79
3,0.53,0.64,0.43,0.61,0.42,0.11,0.51,0.26,0.94,0.17,0.42,-0.49,0.24,0.23,27.05,0.2,0.41,67.95,0.32,0.71,0.18,0.33,0.72,0.8
3,0.53,0.64,0.43,0.61,0.42,0.11,0.51,0.26,0.94,0.17,0.42,-0.49,0.24,0.23,27.05,0.2,0.41,67.95,0.32,0.71,0.18,0.33,0.72,0.8
3,0.53,0.64,0.43,0.61,0.42,0.11,0.51,0.26,0.94,0.17,0.42,-0.49,0.24,0.23,27.05,0.2,0.41,67.95,0.32,0.71,0.18,0.33,0.72,0.8
3,0.53,0.64,0.43,0.61,0.42,0.11,0.51,0.26,0.94,0.17,0.42,-0.49,0.24,0.23,27.05,0.2,0.41,67.95,0.32,0.71,0.18,0.33,0.72,0.8
3,0.53,0.64,0.43,0.61,0.42,0.11,0.51,0.26,0.94,0.17,0.42,-0.49,0.24,0.23,27.05,0.2,0.41,67.95,0.32,0.71,0.18,0.33,0.72,0.8
3,0.53,0.64,0.43,0.61,0.42,0.11,0.51,0.26,0.94,0.17,0.42,-0.49,0.24,0.23,27.05,0.2,0.41,67.95,0.32,0.71,0.18,0.33,0.72,0.8
3,0.53,0.64,0.43,0.61,0.42,0.11,0.51,0.26,0.94,0.17,0.42,-0.49,0.24,0.23,27.05,0.2,0.41,67.95,0.32,0.71,0.18,0.33,0.72,0.8
3,0.53,0.64,0.43,0.61,0.42,0.11,0.51,0.26,0.94,0.17,0.42,-0.49,0.24,0.23,27.05,0.2,0.41,67.95,0.32,0.71,0.18,0.33,0.72,0.8
3,0.53,0.64,0.43,0.61,0.42,0.11,0.51,0.26,0.94,0.17,0.42,-0.49,0.24,0.23,27.05,0.2,0.41,67.95,0.32,0.71,0.18,0.33,0.72,0.8
3,0.53,0.64,0.43,0.61,0.42,0.11,0.51,0.26,0.94,0.17,0.42,-0.49,0.24,0.23,27.05,0.2,0.41,67.95,0.32,0.71,0.18,0.33,0.72,0.8
3,0.53,0.64,0.43,0.61,0.42,0.11,0.51,0.26,0.94,0.17,0.42,-0.49,0.24,0.23,27.05,0.2,0.41,67.95,0.32,0.71,0.18,0.33,0.72,0.8
3,0.53,0.64,0.43,0.61,0.42,0.11,0.51,0.26,0.94,0.17,0.42,-0.49,0.24,0.23,27.05,0.2,0.41,67.95,0.32,0.71,0.18,0.33,0.72,0.8
3,0.07,0.48,0.11,0.55,0.6,0.14,0.64,0.41,0.91,0.13,-0.89,-0.61,0.18,0.17,4.58,0.15,0.49,6.84,0.37,0.73,0.14,0.34,0.71,0.79
3,0.07,0.48,0.11,0.55,0.6,0.14,0.64,0.41,0.91,0.13,-0.89,-0.61,0.18,0.17,4.58,0.15,0.49,6.84,0.37,0.73,0.14,0.34,0.71,0.79
3,0.07,0.48,0.11,0.55,0.6,0.14,0.64,0.41,0.91,0.13,-0.89,-0.61,0.18,0.17,4.58,0.15,0.49,6.84,0.37,0.73,0.14,0.34,0.71,0.79
3,0.07,0.48,0.11,0.55,0.6,0.14,0.64,0.41,0.91,0.13,-0.89,-0.61,0.18,0.17,4.58,0.15,0.49,6.84,0.37,0.73,0.14,0.34,0.71,0.79
3,0.07,0.48,0.11,0.55,0.6,0.14,0.64,0.41,0.91,0.13,-0.89,-0.61,0.18,0.17,4.58,0.15,0.49,6.84,0.37,0.73,0.14,0.34,0.71,0.79
3,0.07,0.48,0.11,0.55,0.6,0.14,0.64,0.41,0.91,0.13,-0.89,-0.61,0.18,0.17,4.58,0.15,0.49,6.84,0.37,0.73,0.14,0.34,0.71,0.79
3,0.07,0.48,0.11,0.55,0.6,0.14,0.64,0.41,0.91,0.13,-0.89,-0.61,0.18,0.17,4.58,0.15,0.49,6.84,0.37,0.73,0.14,0.34,0.71,0.79
3,0.07,0.48,0.11,0.55,0.6,0.14,0.64,0.41,0.91,0.13,-0.89,-0.61,0.18,0.17,4.58,0.15,0.49,6.84,0.37,0.73,0.14,0.34,0.71,0.79
3,0.07,0.48,0.11,0.55,0.6,0.14,0.64,0.41,0.91,0.13,-0.89,-0.61,0.18,0.17,4.58,0.15,0.49,6.84,0.37,0.73,0.14,0.34,0.71,0.79
3,0.07,0.48,0.11,0.55,0.6,0.14,0.64,0.41,0.91,0.13,-0.89,-0.61,0.18,0.17,4.58,0.15,0.49,6.84,0.37,0.73,0.14,0.34,0.71,0.79
3,0.07,0.48,0.11,0.55,0.6,0.14,0.64,0.41,0.91,0.13,-0.89,-0.61,0.18,0.17,4.58,0.15,0.49,6.84,0.37,0.73,0.14,0.34,0.71,0.79
3,0.07,0.48,0.11,0.55,0.6,0.14,0.64,0.41,0.91,0.13,-0.89,-0.61,0.18,0.17,4.58,0.15,0.49,6.84,0.37,0.73,0.14,0.34,0.71,0.79
3,0.12,0.51,0.24,0.39,0.38,0.12,0.61,0.76,0.81,0.16,0.12,-0.07,0.27,0.26,14.54,0.18,0.38,10.51,0.33,0.76,0.19,0.31,0.73,0.82
3,0.12,0.51,0.24,0.39,0.38,0.12,0.61,0.76,0.81,0.16,0.12,-0.07,0.27,0.26,14.54,0.18,0.38,10.51,0.33,0.76,0.19,0.31,0.73,0.82
3,0.12,0.51,0.24,0.39,0.38,0.12,0.61,0.76,0.81,0.16,0.12,-0.07,0.27,0.26,14.54,0.18,0.38,10.51,0.33,0.76,0.19,0.31,0.73,0.82
3,0.12,0.51,0.24,0.39,0.38,0.12,0.61,0.76,0.81,0.16,0.12,-0.07,0.27,0.26,14.54,0.18,0.38,10.51,0.33,0.76,0.19,0.31,0.73,0.82
3,0.12,0.51,0.24,0.39,0.38,0.12,0.61,0.76,0.81,0.16,0.12,-0.07,0.27,0.26,14.54,0.18,0.38,10.51,0.33,0.76,0.19,0.31,0.73,0.82
3,0.12,0.51,0.24,0.39,0.38,0.12,0.61,0.76,0.81,0.16,0.12,-0.07,0.27,0.26,14.54,0.18,0.38,10.51,0.33,0.76,0.19,0.31,0.73,0.82
3,0.12,0.51,0.24,0.39,0.38,0.12,0.61,0.76,0.81,0.16,0.12,-0.07,0.27,0.26,14.54,0.18,0.38,10.51,0.33,0.76,0.19,0.31,0.73,0.82
3,0.12,0.51,0.24,0.39,0.38,0.12,0.61,0.76,0.81,0.16,0.12,-0.07,0.27,0.26,14.54,0.18,0.38,10.51,0.33,0.76,0.19,0.31,0.73,0.82
3,0.12,0.51,0.24,0.39,0.38,0.12,0.61,0.76,0.81,0.16,0.12,-0.07,0.27,0.26,14.54,0.18,0.38,10.51,0.33,0.76,0.19,0.31,0.73,0.82
3,0.12,0.51,0.24,0.39,0.38,0.12,0.61,0.76,0.81,0.16,0.12,-0.07,0.27,0.26,14.54,0.18,0.38,10.51,0.33,0.76,0.19,0.31,0.73,0.82
3,0.12,0.51,0.24,0.39,0.38,0.12,0.61,0.76,0.81,0.16,0.12,-0.07,0.27,0.26,14.54,0.18,0.38,10.51,0.33,0.76,0.19,0.31,0.73,0.82
3,0.12,0.51,0.24,0.39,0.38,0.12,0.61,0.76,0.81,0.16,0.12,-0.07,0.27,0.26,14.54,0.18,0.38,10.51,0.33,0.76,0.19,0.31,0.73,0.82
3,0.06,0.47,0.15,0.38,0.42,0.1,0.62,1.0,0.67,0.15,0.09,-0.31,0.18,0.2,22.85,0.15,0.47,13.24,0.33,0.8,0.16,0.31,0.79,0.86
3,0.06,0.47,0.15,0.38,0.42,0.1,0.62,1.0,0.67,0.15,0.09,-0.31,0.18,0.2,22.85,0.15,0.47,13.24,0.33,0.8,0.16,0.31,0.79,0.86
3,0.06,0.47,0.15,0.38,0.42,0.1,0.62,1.0,0.67,0.15,0.09,-0.31,0.18,0.2,22.85,0.15,0.47,13.24,0.33,0.8,0.16,0.31,0.79,0.86
3,0.06,0.47,0.15,0.38,0.42,0.1,0.62,1.0,0.67,0.15,0.09,-0.31,0.18,0.2,22.85,0.15,0.47,13.24,0.33,0.8,0.16,0.31,0.79,0.86
3,0.06,0.47,0.15,0.38,0.42,0.1,0.62,1.0,0.67,0.15,0.09,-0.31,0.18,0.2,22.85,0.15,0.47,13.24,0.33,0.8,0.16,0.31,0.79,0.86
3,0.06,0.47,0.15,0.38,0.42,0.1,0.62,1.0,0.67,0.15,0.09,-0.31,0.18,0.2,22.85,0.15,0.47,13.24,0.33,0.8,0.16,0.31,0.79,0.86
3,0.06,0.47,0.15,0.38,0.42,0.1,0.62,1.0,0.67,0.15,0.09,-0.31,0.18,0.2,22.85,0.15,0.47,13.24,0.33,0.8,0.16,0.31,0.79,0.86
3,0.06,0.47,0.15,0.38,0.42,0.1,0.62,1.0,0.67,0.15,0.09,-0.31,0.18,0.2,22.85,0.15,0.47,13.24,0.33,0.8,0.16,0.31,0.79,0.86
3,0.06,0.47,0.15,0.38,0.42,0.1,0.62,1.0,0.67,0.15,0.09,-0.31,0.18,0.2,22.85,0.15,0.47,13.24,0.33,0.8,0.16,0.31,0.79,0.86
3,0.06,0.47,0.15,0.38,0.42,0.1,0.62,1.0,0.67,0.15,0.09,-0.31,0.18,0.2,22.85,0.15,0.47,13.24,0.33,0.8,0.16,0.31,0.79,0.86
3,0.06,0.47,0.15,0.38,0.42,0.1,0.62,1.0,0.67,0.15,0.09,-0.31,0.18,0.2,22.85,0.15,0.47,13.24,0.33,0.8,0.16,0.31,0.79,0.86
3,0.06,0.47,0.15,0.38,0.42,0.1,0.62,1.0,0.67,0.15,0.09,-0.31,0.18,0.2,22.85,0.15,0.47,13.24,0.33,0.8,0.16,0.31,0.79,0.86
3,0.65,0.42,0.45,0.43,0.66,0.17,0.48,0.36,0.91,0.17,-1.77,0.46,0.17,0.16,28.31,0.15,0.52,21.38,0.34,0.67,0.15,0.35,0.69,0.82
3,0.65,0.42,0.45,0.43,0.66,0.17,0.48,0.36,0.91,0.17,-1.77,0.46,0.17,0.16,28.31,0.15,0.52,21.38,0.34,0.67,0.15,0.35,0.69,0.82
3,0.65,0.42,0.45,0.43,0.66,0.17,0.48,0.36,0.91,0.17,-1.77,0.46,0.17,0.16,28.31,0.15,0.52,21.38,0.34,0.67,0.15,0.35,0.69,0.82
3,0.65,0.42,0.45,0.43,0.66,0.17,0.48,0.36,0.91,0.17,-1.77,0.46,0.17,0.16,28.31,0.15,0.52,21.38,0.34,0.67,0.15,0.35,0.69,0.82
3,0.65,0.42,0.45,0.43,0.66,0.17,0.48,0.36,0.91,0.17,-1.77,0.46,0.17,0.16,28.31,0.15,0.52,21.38,0.34,0.67,0.15,0.35,0.69,0.82
3,0.65,0.42,0.45,0.43,0.66,0.17,0.48,0.36,0.91,0.17,-1.77,0.46,0.17,0.16,28.31,0.15,0.52,21.38,0.34,0.67,0.15,0.35,0.69,0.82
3,0.65,0.42,0.45,0.43,0.66,0.17,0.48,0.36,0.91,0.17,-1.77,0.46,0.17,0.16,28.31,0.15,0.52,21.38,0.34,0.67,0.15,0.35,0.69,0.82
3,0.65,0.42,0.45,0.43,0.66,0.17,0.48,0.36,0.91,0.17,-1.77,0.46,0.17,0.16,28.31,0.15,0.52,21.38,0.34,0.67,0.15,0.35,0.69,0.82
3,0.65,0.42,0.45,0.43,0.66,0.17,0.48,0.36,0.91,0.17,-1.77,0.46,0.17,0.16,28.31,0.15,0.52,21.38,0.34,0.67,0.15,0.35,0.69,0.82
3,0.65,0.42,0.45,0.43,0.66,0.17,0.48,0.36,0.91,0.17,-1.77,0.46,0.17,0.16,28.31,0.15,0.52,21.38,0.34,0.67,0.15,0.35,0.69,0.82
3,0.65,0.42,0.45,0.43,0.66,0.17,0.48,0.36,0.91,0.17,-1.77,0.46,0.17,0.16,28.31,0.15,0.52,21.38,0.34,0.67,0.15,0.35,0.69,0.82
3,0.65,0.42,0.45,0.43,0.66,0.17,0.48,0.36,0.91,0.17,-1.77,0.46,0.17,0.16,28.31,0.15,0.52,21.38,0.34,0.67,0.15,0.35,0.69,0.82
3,0.15,0.53,0.28,0.48,0.38,0.16,0.34,0.56,0.88,0.17,0.43,0.15,0.21,0.18,3.62,0.2,0.55,10.46,0.36,0.48,0.14,0.33,0.42,0.57
3,0.15,0.53,0.28,0.48,0.38,0.16,0.34,0.56,0.88,0.17,0.43,0.15,0.21,0.18,3.62,0.2,0.55,10.46,0.36,0.48,0.14,0.33,0.42,0.57
3,0.15,0.53,0.28,0.48,0.38,0.16,0.34,0.56,0.88,0.17,0.43,0.15,0.21,0.18,3.62,0.2,0.55,10.46,0.36,0.48,0.14,0.33,0.42,0.57
3,0.15,0.53,0.28,0.48,0.38,0.16,0.34,0.56,0.88,0.17,0.43,0.15,0.21,0.18,3.62,0.2,0.55,10.46,0.36,0.48,0.14,0.33,0.42,0.57
3,0.15,0.53,0.28,0.48,0.38,0.16,0.34,0.56,0.88,0.17,0.43,0.15,0.21,0.18,3.62,0.2,0.55,10.46,0.36,0.48,0.14,0.33,0.42,0.57
3,0.15,0.53,0.28,0.48,0.38,0.16,0.34,0.56,0.88,0.17,0.43,0.15,0.21,0.18,3.62,0.2,0.55,10.46,0.36,0.48,0.14,0.33,0.42,0.57
3,0.15,0.53,0.28,0.48,0.38,0.16,0.34,0.56,0.88,0.17,0.43,0.15,0.21,0.18,3.62,0.2,0.55,10.46,0.36,0.48,0.14,0.33,0.42,0.57
3,0.15,0.53,0.28,0.48,0.38,0.16,0.34,0.56,0.88,0.17,0.43,0.15,0.21,0.18,3.62,0.2,0.55,10.46,0.36,0.48,0.14,0.33,0.42,0.57
3,0.15,0.53,0.28,0.48,0.38,0.16,0.34,0.56,0.88,0.17,0.43,0.15,0.21,0.18,3.62,0.2,0.55,10.46,0.36,0.48,0.14,0.33,0.42,0.57
3,0.15,0.53,0.28,0.48,0.38,0.16,0.34,0.56,0.88,0.17,0.43,0.15,0.21,0.18,3.62,0.2,0.55,10.46,0.36,0.48,0.14,0.33,0.42,0.57
3,0.15,0.53,0.28,0.48,0.38,0.16,0.34,0.56,0.88,0.17,0.43,0.15,0.21,0.18,3.62,0.2,0.55,10.46,0.36,0.48,0.14,0.33,0.42,0.57
3,0.15,0.53,0.28,0.48,0.38,0.16,0.34,0.56,0.88,0.17,0.43,0.15,0.21,0.18,3.62,0.2,0.55,10.46,0.36,0.48,0.14,0.33,0.42,0.57
3,0.11,0.66,0.11,0.63,0.37,0.19,0.83,0.39,0.86,0.15,1.18,-0.5,0.18,0.19,31.12,0.17,0.58,5.99,0.25,0.93,0.17,0.22,0.92,0.94
3,0.11,0.66,0.11,0.63,0.37,0.19,0.83,0.39,0.86,0.15,1.18,-0.5,0.18,0.19,31.12,0.17,0.58,5.99,0.25,0.93,0.17,0.22,0.92,0.94
3,0.11,0.66,0.11,0.63,0.37,0.19,0.83,0.39,0.86,0.15,1.18,-0.5,0.18,0.19,31.12,0.17,0.58,5.99,0.25,0.93,0.17,0.22,0.92,0.94
3,0.11,0.66,0.11,0.63,0.37,0.19,0.83,0.39,0.86,0.15,1.18,-0.5,0.18,0.19,31.12,0.17,0.58,5.99,0.25,0.93,0.17,0.22,0.92,0.94
3,0.11,0.66,0.11,0.63,0.37,0.19,0.83,0.39,0.86,0.15,1.18,-0.5,0.18,0.19,31.12,0.17,0.58,5.99,0.25,0.93,0.17,0.22,0.92,0.94
3,0.11,0.66,0.11,0.63,0.37,0.19,0.83,0.39,0.86,0.15,1.18,-0.5,0.18,0.19,31.12,0.17,0.58,5.99,0.25,0.93,0.17,0.22,0.92,0.94
3,0.11,0.66,0.11,0.63,0.37,0.19,0.83,0.39,0.86,0.15,1.18,-0.5,0.18,0.19,31.12,0.17,0.58,5.99,0.25,0.93,0.17,0.22,0.92,0.94
3,0.11,0.66,0.11,0.63,0.37,0.19,0.83,0.39,0.86,0.15,1.18,-0.5,0.18,0.19,31.12,0.17,0.58,5.99,0.25,0.93,0.17,0.22,0.92,0.94
3,0.11,0.66,0.11,0.63,0.37,0.19,0.83,0.39,0.86,0.15,1.18,-0.5,0.18,0.19,31.12,0.17,0.58,5.99,0.25,0.93,0.17,0.22,0.92,0.94
3,0.11,0.66,0.11,0.63,0.37,0.19,0.83,0.39,0.86,0.15,1.18,-0.5,0.18,0.19,31.12,0.17,0.58,5.99,0.25,0.93,0.17,0.22,0.92,0.94
3,0.11,0.66,0.11,0.63,0.37,0.19,0.83,0.39,0.86,0.15,1.18,-0.5,0.18,0.19,31.12,0.17,0.58,5.99,0.25,0.93,0.17,0.22,0.92,0.94
3,0.11,0.66,0.11,0.63,0.37,0.19,0.83,0.39,0.86,0.15,1.18,-0.5,0.18,0.19,31.12,0.17,0.58,5.99,0.25,0.93,0.17,0.22,0.92,0.94
3,0.06,0.56,0.05,0.66,0.5,0.14,0.41,0.2,0.93,0.13,0.12,-0.57,0.17,0.14,4.7,0.14,0.46,4.47,0.3,0.59,0.1,0.27,0.52,0.71
3,0.06,0.56,0.05,0.66,0.5,0.14,0.41,0.2,0.93,0.13,0.12,-0.57,0.17,0.14,4.7,0.14,0.46,4.47,0.3,0.59,0.1,0.27,0.52,0.71
3,0.06,0.56,0.05,0.66,0.5,0.14,0.41,0.2,0.93,0.13,0.12,-0.57,0.17,0.14,4.7,0.14,0.46,4.47,0.3,0.59,0.1,0.27,0.52,0.71
3,0.06,0.56,0.05,0.66,0.5,0.14,0.41,0.2,0.93,0.13,0.12,-0.57,0.17,0.14,4.7,0.14,0.46,4.47,0.3,0.59,0.1,0.27,0.52,0.71
3,0.06,0.56,0.05,0.66,0.5,0.14,0.41,0.2,0.93,0.13,0.12,-0.57,0.17,0.14,4.7,0.14,0.46,4.47,0.3,0.59,0.1,0.27,0.52,0.71
3,0.06,0.56,0.05,0.66,0.5,0.14,0.41,0.2,0.93,0.13,0.12,-0.57,0.17,0.14,4.7,0.14,0.46,4.47,0.3,0.59,0.1,0.27,0.52,0.71
3,0.06,0.56,0.05,0.66,0.5,0.14,0.41,0.2,0.93,0.13,0.12,-0.57,0.17,0.14,4.7,0.14,0.46,4.47,0.3,0.59,0.1,0.27,0.52,0.71
3,0.06,0.56,0.05,0.66,0.5,0.14,0.41,0.2,0.93,0.13,0.12,-0.57,0.17,0.14,4.7,0.14,0.46,4.47,0.3,0.59,0.1,0.27,0.52,0.71
3,0.06,0.56,0.05,0.66,0.5,0.14,0.41,0.2,0.93,0.13,0.12,-0.57,0.17,0.14,4.7,0.14,0.46,4.47,0.3,0.59,0.1,0.27,0.52,0.71
3,0.06,0.56,0.05,0.66,0.5,0.14,0.41,0.2,0.93,0.13,0.12,-0.57,0.17,0.14,4.7,0.14,0.46,4.47,0.3,0.59,0.1,0.27,0.52,0.71
3,0.06,0.56,0.05,0.66,0.5,0.14,0.41,0.2,0.93,0.13,0.12,-0.57,0.17,0.14,4.7,0.14,0.46,4.47,0.3,0.59,0.1,0.27,0.52,0.71
3,0.06,0.56,0.05,0.66,0.5,0.14,0.41,0.2,0.93,0.13,0.12,-0.57,0.17,0.14,4.7,0.14,0.46,4.47,0.3,0.59,0.1,0.27,0.52,0.71
3,0.12,0.52,0.25,0.59,0.48,0.17,0.52,0.46,0.87,0.14,0.04,-1.24,0.22,0.2,14.31,0.14,0.45,9.89,0.32,0.78,0.16,0.3,0.76,0.86
3,0.12,0.52,0.25,0.59,0.48,0.17,0.52,0.46,0.87,0.14,0.04,-1.24,0.22,0.2,14.31,0.14,0.45,9.89,0.32,0.78,0.16,0.3,0.76,0.86
3,0.12,0.52,0.25,0.59,0.48,0.17,0.52,0.46,0.87,0.14,0.04,-1.24,0.22,0.2,14.31,0.14,0.45,9.89,0.32,0.78,0.16,0.3,0.76,0.86
3,0.12,0.52,0.25,0.59,0.48,0.17,0.52,0.46,0.87,0.14,0.04,-1.24,0.22,0.2,14.31,0.14,0.45,9.89,0.32,0.78,0.16,0.3,0.76,0.86
3,0.12,0.52,0.25,0.59,0.48,0.17,0.52,0.46,0.87,0.14,0.04,-1.24,0.22,0.2,14.31,0.14,0.45,9.89,0.32,0.78,0.16,0.3,0.76,0.86
3,0.12,0.52,0.25,0.59,0.48,0.17,0.52,0.46,0.87,0.14,0.04,-1.24,0.22,0.2,14.31,0.14,0.45,9.89,0.32,0.78,0.16,0.3,0.76,0.86
3,0.12,0.52,0.25,0.59,0.48,0.17,0.52,0.46,0.87,0.14,0.04,-1.24,0.22,0.2,14.31,0.14,0.45,9.89,0.32,0.78,0.16,0.3,0.76,0.86
3,0.12,0.52,0.25,0.59,0.48,0.17,0.52,0.46,0.87,0.14,0.04,-1.24,0.22,0.2,14.31,0.14,0.45,9.89,0.32,0.78,0.16,0.3,0.76,0.86
3,0.12,0.52,0.25,0.59,0.48,0.17,0.52,0.46,0.87,0.14,0.04,-1.24,0.22,0.2,14.31,0.14,0.45,9.89,0.32,0.78,0.16,0.3,0.76,0.86
3,0.12,0.52,0.25,0.59,0.48,0.17,0.52,0.46,0.87,0.14,0.04,-1.24,0.22,0.2,14.31,0.14,0.45,9.89,0.32,0.78,0.16,0.3,0.76,0.86
3,0.12,0.52,0.25,0.59,0.48,0.17,0.52,0.46,0.87,0.14,0.04,-1.24,0.22,0.2,14.31,0.14,0.45,9.89,0.32,0.78,0.16,0.3,0.76,0.86
3,0.12,0.52,0.25,0.59,0.48,0.17,0.52,0.46,0.87,0.14,0.04,-1.24,0.22,0.2,14.31,0.14,0.45,9.89,0.32,0.78,0.16,0.3,0.76,0.86
3,0.06,0.47,0.19,0.44,0.37,0.17,0.67,0.21,0.93,0.14,0.43,0.17,0.18,0.18,4.54,0.14,0.37,2.55,0.33,0.79,0.17,0.3,0.77,0.86
3,0.06,0.47,0.19,0.44,0.37,0.17,0.67,0.21,0.93,0.14,0.43,0.17,0.18,0.18,4.54,0.14,0.37,2.55,0.33,0.79,0.17,0.3,0.77,0.86
3,0.06,0.47,0.19,0.44,0.37,0.17,0.67,0.21,0.93,0.14,0.43,0.17,0.18,0.18,4.54,0.14,0.37,2.55,0.33,0.79,0.17,0.3,0.77,0.86
3,0.06,0.47,0.19,0.44,0.37,0.17,0.67,0.21,0.93,0.14,0.43,0.17,0.18,0.18,4.54,0.14,0.37,2.55,0.33,0.79,0.17,0.3,0.77,0.86
3,0.06,0.47,0.19,0.44,0.37,0.17,0.67,0.21,0.93,0.14,0.43,0.17,0.18,0.18,4.54,0.14,0.37,2.55,0.33,0.79,0.17,0.3,0.77,0.86
3,0.06,0.47,0.19,0.44,0.37,0.17,0.67,0.21,0.93,0.14,0.43,0.17,0.18,0.18,4.54,0.14,0.37,2.55,0.33,0.79,0.17,0.3,0.77,0.86
3,0.06,0.47,0.19,0.44,0.37,0.17,0.67,0.21,0.93,0.14,0.43,0.17,0.18,0.18,4.54,0.14,0.37,2.55,0.33,0.79,0.17,0.3,0.77,0.86
3,0.06,0.47,0.19,0.44,0.37,0.17,0.67,0.21,0.93,0.14,0.43,0.17,0.18,0.18,4.54,0.14,0.37,2.55,0.33,0.79,0.17,0.3,0.77,0.86
3,0.06,0.47,0.19,0.44,0.37,0.17,0.67,0.21,0.93,0.14,0.43,0.17,0.18,0.18,4.54,0.14,0.37,2.55,0.33,0.79,0.17,0.3,0.77,0.86
3,0.06,0.47,0.19,0.44,0.37,0.17,0.67,0.21,0.93,0.14,0.43,0.17,0.18,0.18,4.54,0.14,0.37,2.55,0.33,0.79,0.17,0.3,0.77,0.86
3,0.06,0.47,0.19,0.44,0.37,0.17,0.67,0.21,0.93,0.14,0.43,0.17,0.18,0.18,4.54,0.14,0.37,2.55,0.33,0.79,0.17,0.3,0.77,0.86
3,0.06,0.47,0.19,0.44,0.37,0.17,0.67,0.21,0.93,0.14,0.43,0.17,0.18,0.18,4.54,0.14,0.37,2.55,0.33,0.79,0.17,0.3,0.77,0.86
3,0.18,0.4,0.33,0.48,0.45,0.18,0.7,0.53,0.88,0.21,0.26,0.03,0.23,0.24,52.57,0.24,0.56,30.08,0.35,0.8,0.2,0.32,0.78,0.87
3,0.18,0.4,0.33,0.48,0.45,0.18,0.7,0.53,0.88,0.21,0.26,0.03,0.23,0.24,52.57,0.24,0.56,30.08,0.35,0.8,0.2,0.32,0.78,0.87
3,0.18,0.4,0.33,0.48,0.45,0.18,0.7,0.53,0.88,0.21,0.26,0.03,0.23,0.24,52.57,0.24,0.56,30.08,0.35,0.8,0.2,0.32,0.78,0.87
3,0.18,0.4,0.33,0.48,0.45,0.18,0.7,0.53,0.88,0.21,0.26,0.03,0.23,0.24,52.57,0.24,0.56,30.08,0.35,0.8,0.2,0.32,0.78,0.87
3,0.18,0.4,0.33,0.48,0.45,0.18,0.7,0.53,0.88,0.21,0.26,0.03,0.23,0.24,52.57,0.24,0.56,30.08,0.35,0.8,0.2,0.32,0.78,0.87
3,0.18,0.4,0.33,0.48,0.45,0.18,0.7,0.53,0.88,0.21,0.26,0.03,0.23,0.24,52.57,0.24,0.56,30.08,0.35,0.8,0.2,0.32,0.78,0.87
3,0.18,0.4,0.33,0.48,0.45,0.18,0.7,0.53,0.88,0.21,0.26,0.03,0.23,0.24,52.57,0.24,0.56,30.08,0.35,0.8,0.2,0.32,0.78,0.87
3,0.18,0.4,0.33,0.48,0.45,0.18,0.7,0.53,0.88,0.21,0.26,0.03,0.23,0.24,52.57,0.24,0.56,30.08,0.35,0.8,0.2,0.32,0.78,0.87
3,0.18,0.4,0.33,0.48,0.45,0.18,0.7,0.53,0.88,0.21,0.26,0.03,0.23,0.24,52.57,0.24,0.56,30.08,0.35,0.8,0.2,0.32,0.78,0.87
3,0.18,0.4,0.33,0.48,0.45,0.18,0.7,0.53,0.88,0.21,0.26,0.03,0.23,0.24,52.57,0.24,0.56,30.08,0.35,0.8,0.2,0.32,0.78,0.87
3,0.18,0.4,0.33,0.48,0.45,0.18,0.7,0.53,0.88,0.21,0.26,0.03,0.23,0.24,52.57,0.24,0.56,30.08,0.35,0.8,0.2,0.32,0.78,0.87
3,0.18,0.4,0.33,0.48,0.45,0.18,0.7,0.53,0.88,0.21,0.26,0.03,0.23,0.24,52.57,0.24,0.56,30.08,0.35,0.8,0.2,0.32,0.78,0.87
3,0.57,0.49,0.41,0.48,0.43,0.16,0.6,0.11,0.97,0.13,0.12,0.31,0.13,0.1,39.56,0.16,0.32,22.51,0.32,0.72,0.19,0.32,0.72,0.76
3,0.57,0.49,0.41,0.48,0.43,0.16,0.6,0.11,0.97,0.13,0.12,0.31,0.13,0.1,39.56,0.16,0.32,22.51,0.32,0.72,0.19,0.32,0.72,0.76
3,0.57,0.49,0.41,0.48,0.43,0.16,0.6,0.11,0.97,0.13,0.12,0.31,0.13,0.1,39.56,0.16,0.32,22.51,0.32,0.72,0.19,0.32,0.72,0.76
3,0.57,0.49,0.41,0.48,0.43,0.16,0.6,0.11,0.97,0.13,0.12,0.31,0.13,0.1,39.56,0.16,0.32,22.51,0.32,0.72,0.19,0.32,0.72,0.76
3,0.57,0.49,0.41,0.48,0.43,0.16,0.6,0.11,0.97,0.13,0.12,0.31,0.13,0.1,39.56,0.16,0.32,22.51,0.32,0.72,0.19,0.32,0.72,0.76
3,0.57,0.49,0.41,0.48,0.43,0.16,0.6,0.11,0.97,0.13,0.12,0.31,0.13,0.1,39.56,0.16,0.32,22.51,0.32,0.72,0.19,0.32,0.72,0.76
3,0.57,0.49,0.41,0.48,0.43,0.16,0.6,0.11,0.97,0.13,0.12,0.31,0.13,0.1,39.56,0.16,0.32,22.51,0.32,0.72,0.19,0.32,0.72,0.76
3,0.57,0.49,0.41,0.48,0.43,0.16,0.6,0.11,0.97,0.13,0.12,0.31,0.13,0.1,39.56,0.16,0.32,22.51,0.32,0.72,0.19,0.32,0.72,0.76
3,0.57,0.49,0.41,0.48,0.43,0.16,0.6,0.11,0.97,0.13,0.12,0.31,0.13,0.1,39.56,0.16,0.32,22.51,0.32,0.72,0.19,0.32,0.72,0.76
3,0.57,0.49,0.41,0.48,0.43,0.16,0.6,0.11,0.97,0.13,0.12,0.31,0.13,0.1,39.56,0.16,0.32,22.51,0.32,0.72,0.19,0.32,0.72,0.76
3,0.57,0.49,0.41,0.48,0.43,0.16,0.6,0.11,0.97,0.13,0.12,0.31,0.13,0.1,39.56,0.16,0.32,22.51,0.32,0.72,0.19,0.32,0.72,0.76
3,0.57,0.49,0.41,0.48,0.43,0.16,0.6,0.11,0.97,0.13,0.12,0.31,0.13,0.1,39.56,0.16,0.32,22.51,0.32,0.72,0.19,0.32,0.72,0.76
3,0.62,0.54,0.42,0.53,0.45,0.16,0.47,0.08,0.97,0.13,0.34,0.16,0.13,0.1,26.43,0.16,0.34,13.95,0.26,0.46,0.18,0.27,0.48,0.56
3,0.62,0.54,0.42,0.53,0.45,0.16,0.47,0.08,0.97,0.13,0.34,0.16,0.13,0.1,26.43,0.16,0.34,13.95,0.26,0.46,0.18,0.27,0.48,0.56
3,0.62,0.54,0.42,0.53,0.45,0.16,0.47,0.08,0.97,0.13,0.34,0.16,0.13,0.1,26.43,0.16,0.34,13.95,0.26,0.46,0.18,0.27,0.48,0.56
3,0.62,0.54,0.42,0.53,0.45,0.16,0.47,0.08,0.97,0.13,0.34,0.16,0.13,0.1,26.43,0.16,0.34,13.95,0.26,0.46,0.18,0.27,0.48,0.56
3,0.62,0.54,0.42,0.53,0.45,0.16,0.47,0.08,0.97,0.13,0.34,0.16,0.13,0.1,26.43,0.16,0.34,13.95,0.26,0.46,0.18,0.27,0.48,0.56
3,0.62,0.54,0.42,0.53,0.45,0.16,0.47,0.08,0.97,0.13,0.34,0.16,0.13,0.1,26.43,0.16,0.34,13.95,0.26,0.46,0.18,0.27,0.48,0.56
3,0.62,0.54,0.42,0.53,0.45,0.16,0.47,0.08,0.97,0.13,0.34,0.16,0.13,0.1,26.43,0.16,0.34,13.95,0.26,0.46,0.18,0.27,0.48,0.56
3,0.62,0.54,0.42,0.53,0.45,0.16,0.47,0.08,0.97,0.13,0.34,0.16,0.13,0.1,26.43,0.16,0.34,13.95,0.26,0.46,0.18,0.27,0.48,0.56
3,0.62,0.54,0.42,0.53,0.45,0.16,0.47,0.08,0.97,0.13,0.34,0.16,0.13,0.1,26.43,0.16,0.34,13.95,0.26,0.46,0.18,0.27,0.48,0.56
3,0.62,0.54,0.42,0.53,0.45,0.16,0.47,0.08,0.97,0.13,0.34,0.16,0.13,0.1,26.43,0.16,0.34,13.95,0.26,0.46,0.18,0.27,0.48,0.56
3,0.62,0.54,0.42,0.53,0.45,0.16,0.47,0.08,0.97,0.13,0.34,0.16,0.13,0.1,26.43,0.16,0.34,13.95,0.26,0.46,0.18,0.27,0.48,0.56
3,0.62,0.54,0.42,0.53,0.45,0.16,0.47,0.08,0.97,0.13,0.34,0.16,0.13,0.1,26.43,0.16,0.34,13.95,0.26,0.46,0.18,0.27,0.48,0.56
3,0.64,0.51,0.41,0.5,0.43,0.16,0.49,0.08,0.97,0.14,0.36,0.16,0.13,0.1,24.99,0.15,0.34,13.25,0.26,0.46,0.18,0.27,0.48,0.57
3,0.64,0.51,0.41,0.5,0.43,0.16,0.49,0.08,0.97,0.14,0.36,0.16,0.13,0.1,24.99,0.15,0.34,13.25,0.26,0.46,0.18,0.27,0.48,0.57
3,0.64,0.51,0.41,0.5,0.43,0.16,0.49,0.08,0.97,0.14,0.36,0.16,0.13,0.1,24.99,0.15,0.34,13.25,0.26,0.46,0.18,0.27,0.48,0.57
3,0.64,0.51,0.41,0.5,0.43,0.16,0.49,0.08,0.97,0.14,0.36,0.16,0.13,0.1,24.99,0.15,0.34,13.25,0.26,0.46,0.18,0.27,0.48,0.57
3,0.64,0.51,0.41,0.5,0.43,0.16,0.49,0.08,0.97,0.14,0.36,0.16,0.13,0.1,24.99,0.15,0.34,13.25,0.26,0.46,0.18,0.27,0.48,0.57
3,0.64,0.51,0.41,0.5,0.43,0.16,0.49,0.08,0.97,0.14,0.36,0.16,0.13,0.1,24.99,0.15,0.34,13.25,0.26,0.46,0.18,0.27,0.48,0.57
3,0.64,0.51,0.41,0.5,0.43,0.16,0.49,0.08,0.97,0.14,0.36,0.16,0.13,0.1,24.99,0.15,0.34,13.25,0.26,0.46,0.18,0.27,0.48,0.57
3,0.64,0.51,0.41,0.5,0.43,0.16,0.49,0.08,0.97,0.14,0.36,0.16,0.13,0.1,24.99,0.15,0.34,13.25,0.26,0.46,0.18,0.27,0.48,0.57
3,0.64,0.51,0.41,0.5,0.43,0.16,0.49,0.08,0.97,0.14,0.36,0.16,0.13,0.1,24.99,0.15,0.34,13.25,0.26,0.46,0.18,0.27,0.48,0.57
3,0.64,0.51,0.41,0.5,0.43,0.16,0.49,0.08,0.97,0.14,0.36,0.16,0.13,0.1,24.99,0.15,0.34,13.25,0.26,0.46,0.18,0.27,0.48,0.57
3,0.64,0.51,0.41,0.5,0.43,0.16,0.49,0.08,0.97,0.14,0.36,0.16,0.13,0.1,24.99,0.15,0.34,13.25,0.26,0.46,0.18,0.27,0.48,0.57
3,0.64,0.51,0.41,0.5,0.43,0.16,0.49,0.08,0.97,0.14,0.36,0.16,0.13,0.1,24.99,0.15,0.34,13.25,0.26,0.46,0.18,0.27,0.48,0.57
3,0.57,0.47,0.41,0.46,0.44,0.16,0.52,0.29,0.93,0.13,0.12,0.32,0.13,0.1,39.86,0.16,0.32,22.93,0.31,0.71,0.19,0.32,0.72,0.76
3,0.57,0.47,0.41,0.46,0.44,0.16,0.52,0.29,0.93,0.13,0.12,0.32,0.13,0.1,39.86,0.16,0.32,22.93,0.31,0.71,0.19,0.32,0.72,0.76
3,0.57,0.47,0.41,0.46,0.44,0.16,0.52,0.29,0.93,0.13,0.12,0.32,0.13,0.1,39.86,0.16,0.32,22.93,0.31,0.71,0.19,0.32,0.72,0.76
3,0.57,0.47,0.41,0.46,0.44,0.16,0.52,0.29,0.93,0.13,0.12,0.32,0.13,0.1,39.86,0.16,0.32,22.93,0.31,0.71,0.19,0.32,0.72,0.76
3,0.57,0.47,0.41,0.46,0.44,0.16,0.52,0.29,0.93,0.13,0.12,0.32,0.13,0.1,39.86,0.16,0.32,22.93,0.31,0.71,0.19,0.32,0.72,0.76
3,0.57,0.47,0.41,0.46,0.44,0.16,0.52,0.29,0.93,0.13,0.12,0.32,0.13,0.1,39.86,0.16,0.32,22.93,0.31,0.71,0.19,0.32,0.72,0.76
3,0.57,0.47,0.41,0.46,0.44,0.16,0.52,0.29,0.93,0.13,0.12,0.32,0.13,0.1,39.86,0.16,0.32,22.93,0.31,0.71,0.19,0.32,0.72,0.76
3,0.57,0.47,0.41,0.46,0.44,0.16,0.52,0.29,0.93,0.13,0.12,0.32,0.13,0.1,39.86,0.16,0.32,22.93,0.31,0.71,0.19,0.32,0.72,0.76
3,0.57,0.47,0.41,0.46,0.44,0.16,0.52,0.29,0.93,0.13,0.12,0.32,0.13,0.1,39.86,0.16,0.32,22.93,0.31,0.71,0.19,0.32,0.72,0.76
3,0.57,0.47,0.41,0.46,0.44,0.16,0.52,0.29,0.93,0.13,0.12,0.32,0.13,0.1,39.86,0.16,0.32,22.93,0.31,0.71,0.19,0.32,0.72,0.76
3,0.57,0.47,0.41,0.46,0.44,0.16,0.52,0.29,0.93,0.13,0.12,0.32,0.13,0.1,39.86,0.16,0.32,22.93,0.31,0.71,0.19,0.32,0.72,0.76
3,0.57,0.47,0.41,0.46,0.44,0.16,0.52,0.29,0.93,0.13,0.12,0.32,0.13,0.1,39.86,0.16,0.32,22.93,0.31,0.71,0.19,0.32,0.72,0.76
3,0.56,0.4,0.4,0.39,0.47,0.11,0.58,0.37,0.93,0.16,0.04,0.57,0.24,0.25,3.4,0.15,0.39,3.03,0.38,0.52,0.2,0.38,0.53,0.58
3,0.56,0.4,0.4,0.39,0.47,0.11,0.58,0.37,0.93,0.16,0.04,0.57,0.24,0.25,3.4,0.15,0.39,3.03,0.38,0.52,0.2,0.38,0.53,0.58
3,0.56,0.4,0.4,0.39,0.47,0.11,0.58,0.37,0.93,0.16,0.04,0.57,0.24,0.25,3.4,0.15,0.39,3.03,0.38,0.52,0.2,0.38,0.53,0.58
3,0.56,0.4,0.4,0.39,0.47,0.11,0.58,0.37,0.93,0.16,0.04,0.57,0.24,0.25,3.4,0.15,0.39,3.03,0.38,0.52,0.2,0.38,0.53,0.58
3,0.56,0.4,0.4,0.39,0.47,0.11,0.58,0.37,0.93,0.16,0.04,0.57,0.24,0.25,3.4,0.15,0.39,3.03,0.38,0.52,0.2,0.38,0.53,0.58
3,0.56,0.4,0.4,0.39,0.47,0.11,0.58,0.37,0.93,0.16,0.04,0.57,0.24,0.25,3.4,0.15,0.39,3.03,0.38,0.52,0.2,0.38,0.53,0.58
3,0.56,0.4,0.4,0.39,0.47,0.11,0.58,0.37,0.93,0.16,0.04,0.57,0.24,0.25,3.4,0.15,0.39,3.03,0.38,0.52,0.2,0.38,0.53,0.58
3,0.56,0.4,0.4,0.39,0.47,0.11,0.58,0.37,0.93,0.16,0.04,0.57,0.24,0.25,3.4,0.15,0.39,3.03,0.38,0.52,0.2,0.38,0.53,0.58
3,0.56,0.4,0.4,0.39,0.47,0.11,0.58,0.37,0.93,0.16,0.04,0.57,0.24,0.25,3.4,0.15,0.39,3.03,0.38,0.52,0.2,0.38,0.53,0.58
3,0.56,0.4,0.4,0.39,0.47,0.11,0.58,0.37,0.93,0.16,0.04,0.57,0.24,0.25,3.4,0.15,0.39,3.03,0.38,0.52,0.2,0.38,0.53,0.58
3,0.56,0.4,0.4,0.39,0.47,0.11,0.58,0.37,0.93,0.16,0.04,0.57,0.24,0.25,3.4,0.15,0.39,3.03,0.38,0.52,0.2,0.38,0.53,0.58
3,0.56,0.4,0.4,0.39,0.47,0.11,0.58,0.37,0.93,0.16,0.04,0.57,0.24,0.25,3.4,0.15,0.39,3.03,0.38,0.52,0.2,0.38,0.53,0.58
3,0.32,0.45,0.44,0.61,0.63,0.17,0.84,0.4,0.82,0.19,-0.74,-0.61,0.19,0.19,38.47,0.18,0.58,17.57,0.26,0.9,0.18,0.25,0.9,0.94
3,0.32,0.45,0.44,0.61,0.63,0.17,0.84,0.4,0.82,0.19,-0.74,-0.61,0.19,0.19,38.47,0.18,0.58,17.57,0.26,0.9,0.18,0.25,0.9,0.94
3,0.32,0.45,0.44,0.61,0.63,0.17,0.84,0.4,0.82,0.19,-0.74,-0.61,0.19,0.19,38.47,0.18,0.58,17.57,0.26,0.9,0.18,0.25,0.9,0.94
3,0.32,0.45,0.44,0.61,0.63,0.17,0.84,0.4,0.82,0.19,-0.74,-0.61,0.19,0.19,38.47,0.18,0.58,17.57,0.26,0.9,0.18,0.25,0.9,0.94
3,0.32,0.45,0.44,0.61,0.63,0.17,0.84,0.4,0.82,0.19,-0.74,-0.61,0.19,0.19,38.47,0.18,0.58,17.57,0.26,0.9,0.18,0.25,0.9,0.94
3,0.32,0.45,0.44,0.61,0.63,0.17,0.84,0.4,0.82,0.19,-0.74,-0.61,0.19,0.19,38.47,0.18,0.58,17.57,0.26,0.9,0.18,0.25,0.9,0.94
3,0.32,0.45,0.44,0.61,0.63,0.17,0.84,0.4,0.82,0.19,-0.74,-0.61,0.19,0.19,38.47,0.18,0.58,17.57,0.26,0.9,0.18,0.25,0.9,0.94
3,0.32,0.45,0.44,0.61,0.63,0.17,0.84,0.4,0.82,0.19,-0.74,-0.61,0.19,0.19,38.47,0.18,0.58,17.57,0.26,0.9,0.18,0.25,0.9,0.94
3,0.32,0.45,0.44,0.61,0.63,0.17,0.84,0.4,0.82,0.19,-0.74,-0.61,0.19,0.19,38.47,0.18,0.58,17.57,0.26,0.9,0.18,0.25,0.9,0.94
3,0.32,0.45,0.44,0.61,0.63,0.17,0.84,0.4,0.82,0.19,-0.74,-0.61,0.19,0.19,38.47,0.18,0.58,17.57,0.26,0.9,0.18,0.25,0.9,0.94
3,0.32,0.45,0.44,0.61,0.63,0.17,0.84,0.4,0.82,0.19,-0.74,-0.61,0.19,0.19,38.47,0.18,0.58,17.57,0.26,0.9,0.18,0.25,0.9,0.94
3,0.32,0.45,0.44,0.61,0.63,0.17,0.84,0.4,0.82,0.19,-0.74,-0.61,0.19,0.19,38.47,0.18,0.58,17.57,0.26,0.9,0.18,0.25,0.9,0.94
3,0.1,0.43,0.04,0.46,0.59,0.15,0.59,0.64,0.92,0.15,-0.54,0.15,0.1,0.09,1.55,0.17,0.49,0.78,0.4,0.75,0.12,0.39,0.75,0.76
3,0.1,0.43,0.04,0.46,0.59,0.15,0.59,0.64,0.92,0.15,-0.54,0.15,0.1,0.09,1.55,0.17,0.49,0.78,0.4,0.75,0.12,0.39,0.75,0.76
3,0.1,0.43,0.04,0.46,0.59,0.15,0.59,0.64,0.92,0.15,-0.54,0.15,0.1,0.09,1.55,0.17,0.49,0.78,0.4,0.75,0.12,0.39,0.75,0.76
3,0.1,0.43,0.04,0.46,0.59,0.15,0.59,0.64,0.92,0.15,-0.54,0.15,0.1,0.09,1.55,0.17,0.49,0.78,0.4,0.75,0.12,0.39,0.75,0.76
3,0.1,0.43,0.04,0.46,0.59,0.15,0.59,0.64,0.92,0.15,-0.54,0.15,0.1,0.09,1.55,0.17,0.49,0.78,0.4,0.75,0.12,0.39,0.75,0.76
3,0.1,0.43,0.04,0.46,0.59,0.15,0.59,0.64,0.92,0.15,-0.54,0.15,0.1,0.09,1.55,0.17,0.49,0.78,0.4,0.75,0.12,0.39,0.75,0.76
3,0.1,0.43,0.04,0.46,0.59,0.15,0.59,0.64,0.92,0.15,-0.54,0.15,0.1,0.09,1.55,0.17,0.49,0.78,0.4,0.75,0.12,0.39,0.75,0.76
3,0.1,0.43,0.04,0.46,0.59,0.15,0.59,0.64,0.92,0.15,-0.54,0.15,0.1,0.09,1.55,0.17,0.49,0.78,0.4,0.75,0.12,0.39,0.75,0.76
3,0.1,0.43,0.04,0.46,0.59,0.15,0.59,0.64,0.92,0.15,-0.54,0.15,0.1,0.09,1.55,0.17,0.49,0.78,0.4,0.75,0.12,0.39,0.75,0.76
3,0.1,0.43,0.04,0.46,0.59,0.15,0.59,0.64,0.92,0.15,-0.54,0.15,0.1,0.09,1.55,0.17,0.49,0.78,0.4,0.75,0.12,0.39,0.75,0.76
3,0.1,0.43,0.04,0.46,0.59,0.15,0.59,0.64,0.92,0.15,-0.54,0.15,0.1,0.09,1.55,0.17,0.49,0.78,0.4,0.75,0.12,0.39,0.75,0.76
3,0.1,0.43,0.04,0.46,0.59,0.15,0.59,0.64,0.92,0.15,-0.54,0.15,0.1,0.09,1.55,0.17,0.49,0.78,0.4,0.75,0.12,0.39,0.75,0.76
3,0.07,0.39,0.11,0.68,0.55,0.12,0.42,0.35,0.84,0.13,-0.25,-1.3,0.18,0.2,16.83,0.1,0.44,15.56,0.31,0.69,0.18,0.3,0.67,0.85
3,0.07,0.39,0.11,0.68,0.55,0.12,0.42,0.35,0.84,0.13,-0.25,-1.3,0.18,0.2,16.83,0.1,0.44,15.56,0.31,0.69,0.18,0.3,0.67,0.85
3,0.07,0.39,0.11,0.68,0.55,0.12,0.42,0.35,0.84,0.13,-0.25,-1.3,0.18,0.2,16.83,0.1,0.44,15.56,0.31,0.69,0.18,0.3,0.67,0.85
3,0.07,0.39,0.11,0.68,0.55,0.12,0.42,0.35,0.84,0.13,-0.25,-1.3,0.18,0.2,16.83,0.1,0.44,15.56,0.31,0.69,0.18,0.3,0.67,0.85
3,0.07,0.39,0.11,0.68,0.55,0.12,0.42,0.35,0.84,0.13,-0.25,-1.3,0.18,0.2,16.83,0.1,0.44,15.56,0.31,0.69,0.18,0.3,0.67,0.85
3,0.07,0.39,0.11,0.68,0.55,0.12,0.42,0.35,0.84,0.13,-0.25,-1.3,0.18,0.2,16.83,0.1,0.44,15.56,0.31,0.69,0.18,0.3,0.67,0.85
3,0.07,0.39,0.11,0.68,0.55,0.12,0.42,0.35,0.84,0.13,-0.25,-1.3,0.18,0.2,16.83,0.1,0.44,15.56,0.31,0.69,0.18,0.3,0.67,0.85
3,0.07,0.39,0.11,0.68,0.55,0.12,0.42,0.35,0.84,0.13,-0.25,-1.3,0.18,0.2,16.83,0.1,0.44,15.56,0.31,0.69,0.18,0.3,0.67,0.85
3,0.07,0.39,0.11,0.68,0.55,0.12,0.42,0.35,0.84,0.13,-0.25,-1.3,0.18,0.2,16.83,0.1,0.44,15.56,0.31,0.69,0.18,0.3,0.67,0.85
3,0.07,0.39,0.11,0.68,0.55,0.12,0.42,0.35,0.84,0.13,-0.25,-1.3,0.18,0.2,16.83,0.1,0.44,15.56,0.31,0.69,0.18,0.3,0.67,0.85
3,0.07,0.39,0.11,0.68,0.55,0.12,0.42,0.35,0.84,0.13,-0.25,-1.3,0.18,0.2,16.83,0.1,0.44,15.56,0.31,0.69,0.18,0.3,0.67,0.85
3,0.07,0.39,0.11,0.68,0.55,0.12,0.42,0.35,0.84,0.13,-0.25,-1.3,0.18,0.2,16.83,0.1,0.44,15.56,0.31,0.69,0.18,0.3,0.67,0.85
3,0.16,0.44,0.2,0.44,0.57,0.16,0.65,0.27,0.94,0.16,-0.17,0.85,0.25,0.26,2.89,0.12,0.31,6.87,0.35,0.58,0.22,0.35,0.57,0.63
3,0.16,0.44,0.2,0.44,0.57,0.16,0.65,0.27,0.94,0.16,-0.17,0.85,0.25,0.26,2.89,0.12,0.31,6.87,0.35,0.58,0.22,0.35,0.57,0.63
3,0.16,0.44,0.2,0.44,0.57,0.16,0.65,0.27,0.94,0.16,-0.17,0.85,0.25,0.26,2.89,0.12,0.31,6.87,0.35,0.58,0.22,0.35,0.57,0.63
3,0.16,0.44,0.2,0.44,0.57,0.16,0.65,0.27,0.94,0.16,-0.17,0.85,0.25,0.26,2.89,0.12,0.31,6.87,0.35,0.58,0.22,0.35,0.57,0.63
3,0.16,0.44,0.2,0.44,0.57,0.16,0.65,0.27,0.94,0.16,-0.17,0.85,0.25,0.26,2.89,0.12,0.31,6.87,0.35,0.58,0.22,0.35,0.57,0.63
3,0.16,0.44,0.2,0.44,0.57,0.16,0.65,0.27,0.94,0.16,-0.17,0.85,0.25,0.26,2.89,0.12,0.31,6.87,0.35,0.58,0.22,0.35,0.57,0.63
3,0.16,0.44,0.2,0.44,0.57,0.16,0.65,0.27,0.94,0.16,-0.17,0.85,0.25,0.26,2.89,0.12,0.31,6.87,0.35,0.58,0.22,0.35,0.57,0.63
3,0.16,0.44,0.2,0.44,0.57,0.16,0.65,0.27,0.94,0.16,-0.17,0.85,0.25,0.26,2.89,0.12,0.31,6.87,0.35,0.58,0.22,0.35,0.57,0.63
3,0.16,0.44,0.2,0.44,0.57,0.16,0.65,0.27,0.94,0.16,-0.17,0.85,0.25,0.26,2.89,0.12,0.31,6.87,0.35,0.58,0.22,0.35,0.57,0.63
3,0.16,0.44,0.2,0.44,0.57,0.16,0.65,0.27,0.94,0.16,-0.17,0.85,0.25,0.26,2.89,0.12,0.31,6.87,0.35,0.58,0.22,0.35,0.57,0.63
3,0.16,0.44,0.2,0.44,0.57,0.16,0.65,0.27,0.94,0.16,-0.17,0.85,0.25,0.26,2.89,0.12,0.31,6.87,0.35,0.58,0.22,0.35,0.57,0.63
3,0.16,0.44,0.2,0.44,0.57,0.16,0.65,0.27,0.94,0.16,-0.17,0.85,0.25,0.26,2.89,0.12,0.31,6.87,0.35,0.58,0.22,0.35,0.57,0.63
3,0.15,0.38,0.19,0.43,0.55,0.14,0.65,0.25,0.94,0.15,-0.16,0.87,0.24,0.25,2.88,0.12,0.31,7.03,0.35,0.59,0.2,0.35,0.57,0.64
3,0.15,0.38,0.19,0.43,0.55,0.14,0.65,0.25,0.94,0.15,-0.16,0.87,0.24,0.25,2.88,0.12,0.31,7.03,0.35,0.59,0.2,0.35,0.57,0.64
3,0.15,0.38,0.19,0.43,0.55,0.14,0.65,0.25,0.94,0.15,-0.16,0.87,0.24,0.25,2.88,0.12,0.31,7.03,0.35,0.59,0.2,0.35,0.57,0.64
3,0.15,0.38,0.19,0.43,0.55,0.14,0.65,0.25,0.94,0.15,-0.16,0.87,0.24,0.25,2.88,0.12,0.31,7.03,0.35,0.59,0.2,0.35,0.57,0.64
3,0.15,0.38,0.19,0.43,0.55,0.14,0.65,0.25,0.94,0.15,-0.16,0.87,0.24,0.25,2.88,0.12,0.31,7.03,0.35,0.59,0.2,0.35,0.57,0.64
3,0.15,0.38,0.19,0.43,0.55,0.14,0.65,0.25,0.94,0.15,-0.16,0.87,0.24,0.25,2.88,0.12,0.31,7.03,0.35,0.59,0.2,0.35,0.57,0.64
3,0.15,0.38,0.19,0.43,0.55,0.14,0.65,0.25,0.94,0.15,-0.16,0.87,0.24,0.25,2.88,0.12,0.31,7.03,0.35,0.59,0.2,0.35,0.57,0.64
3,0.15,0.38,0.19,0.43,0.55,0.14,0.65,0.25,0.94,0.15,-0.16,0.87,0.24,0.25,2.88,0.12,0.31,7.03,0.35,0.59,0.2,0.35,0.57,0.64
3,0.15,0.38,0.19,0.43,0.55,0.14,0.65,0.25,0.94,0.15,-0.16,0.87,0.24,0.25,2.88,0.12,0.31,7.03,0.35,0.59,0.2,0.35,0.57,0.64
3,0.15,0.38,0.19,0.43,0.55,0.14,0.65,0.25,0.94,0.15,-0.16,0.87,0.24,0.25,2.88,0.12,0.31,7.03,0.35,0.59,0.2,0.35,0.57,0.64
3,0.15,0.38,0.19,0.43,0.55,0.14,0.65,0.25,0.94,0.15,-0.16,0.87,0.24,0.25,2.88,0.12,0.31,7.03,0.35,0.59,0.2,0.35,0.57,0.64
3,0.15,0.38,0.19,0.43,0.55,0.14,0.65,0.25,0.94,0.15,-0.16,0.87,0.24,0.25,2.88,0.12,0.31,7.03,0.35,0.59,0.2,0.35,0.57,0.64
3,0.2,0.44,0.27,0.47,0.49,0.16,0.76,0.63,0.85,0.11,0.2,0.79,0.18,0.2,2.43,0.12,0.33,3.75,0.3,0.85,0.22,0.3,0.85,0.86
3,0.2,0.44,0.27,0.47,0.49,0.16,0.76,0.63,0.85,0.11,0.2,0.79,0.18,0.2,2.43,0.12,0.33,3.75,0.3,0.85,0.22,0.3,0.85,0.86
3,0.2,0.44,0.27,0.47,0.49,0.16,0.76,0.63,0.85,0.11,0.2,0.79,0.18,0.2,2.43,0.12,0.33,3.75,0.3,0.85,0.22,0.3,0.85,0.86
3,0.2,0.44,0.27,0.47,0.49,0.16,0.76,0.63,0.85,0.11,0.2,0.79,0.18,0.2,2.43,0.12,0.33,3.75,0.3,0.85,0.22,0.3,0.85,0.86
3,0.2,0.44,0.27,0.47,0.49,0.16,0.76,0.63,0.85,0.11,0.2,0.79,0.18,0.2,2.43,0.12,0.33,3.75,0.3,0.85,0.22,0.3,0.85,0.86
3,0.2,0.44,0.27,0.47,0.49,0.16,0.76,0.63,0.85,0.11,0.2,0.79,0.18,0.2,2.43,0.12,0.33,3.75,0.3,0.85,0.22,0.3,0.85,0.86
3,0.2,0.44,0.27,0.47,0.49,0.16,0.76,0.63,0.85,0.11,0.2,0.79,0.18,0.2,2.43,0.12,0.33,3.75,0.3,0.85,0.22,0.3,0.85,0.86
3,0.2,0.44,0.27,0.47,0.49,0.16,0.76,0.63,0.85,0.11,0.2,0.79,0.18,0.2,2.43,0.12,0.33,3.75,0.3,0.85,0.22,0.3,0.85,0.86
3,0.2,0.44,0.27,0.47,0.49,0.16,0.76,0.63,0.85,0.11,0.2,0.79,0.18,0.2,2.43,0.12,0.33,3.75,0.3,0.85,0.22,0.3,0.85,0.86
3,0.2,0.44,0.27,0.47,0.49,0.16,0.76,0.63,0.85,0.11,0.2,0.79,0.18,0.2,2.43,0.12,0.33,3.75,0.3,0.85,0.22,0.3,0.85,0.86
3,0.2,0.44,0.27,0.47,0.49,0.16,0.76,0.63,0.85,0.11,0.2,0.79,0.18,0.2,2.43,0.12,0.33,3.75,0.3,0.85,0.22,0.3,0.85,0.86
3,0.2,0.44,0.27,0.47,0.49,0.16,0.76,0.63,0.85,0.11,0.2,0.79,0.18,0.2,2.43,0.12,0.33,3.75,0.3,0.85,0.22,0.3,0.85,0.86
3,0.67,0.34,0.46,0.51,0.71,0.15,0.58,0.07,0.97,0.09,-0.84,0.98,0.14,0.13,2.81,0.06,0.43,1.73,0.27,0.48,0.12,0.28,0.51,0.71
3,0.67,0.34,0.46,0.51,0.71,0.15,0.58,0.07,0.97,0.09,-0.84,0.98,0.14,0.13,2.81,0.06,0.43,1.73,0.27,0.48,0.12,0.28,0.51,0.71
3,0.67,0.34,0.46,0.51,0.71,0.15,0.58,0.07,0.97,0.09,-0.84,0.98,0.14,0.13,2.81,0.06,0.43,1.73,0.27,0.48,0.12,0.28,0.51,0.71
3,0.67,0.34,0.46,0.51,0.71,0.15,0.58,0.07,0.97,0.09,-0.84,0.98,0.14,0.13,2.81,0.06,0.43,1.73,0.27,0.48,0.12,0.28,0.51,0.71
3,0.67,0.34,0.46,0.51,0.71,0.15,0.58,0.07,0.97,0.09,-0.84,0.98,0.14,0.13,2.81,0.06,0.43,1.73,0.27,0.48,0.12,0.28,0.51,0.71
3,0.67,0.34,0.46,0.51,0.71,0.15,0.58,0.07,0.97,0.09,-0.84,0.98,0.14,0.13,2.81,0.06,0.43,1.73,0.27,0.48,0.12,0.28,0.51,0.71
3,0.67,0.34,0.46,0.51,0.71,0.15,0.58,0.07,0.97,0.09,-0.84,0.98,0.14,0.13,2.81,0.06,0.43,1.73,0.27,0.48,0.12,0.28,0.51,0.71
3,0.67,0.34,0.46,0.51,0.71,0.15,0.58,0.07,0.97,0.09,-0.84,0.98,0.14,0.13,2.81,0.06,0.43,1.73,0.27,0.48,0.12,0.28,0.51,0.71
3,0.67,0.34,0.46,0.51,0.71,0.15,0.58,0.07,0.97,0.09,-0.84,0.98,0.14,0.13,2.81,0.06,0.43,1.73,0.27,0.48,0.12,0.28,0.51,0.71
3,0.67,0.34,0.46,0.51,0.71,0.15,0.58,0.07,0.97,0.09,-0.84,0.98,0.14,0.13,2.81,0.06,0.43,1.73,0.27,0.48,0.12,0.28,0.51,0.71
3,0.67,0.34,0.46,0.51,0.71,0.15,0.58,0.07,0.97,0.09,-0.84,0.98,0.14,0.13,2.81,0.06,0.43,1.73,0.27,0.48,0.12,0.28,0.51,0.71
3,0.67,0.34,0.46,0.51,0.71,0.15,0.58,0.07,0.97,0.09,-0.84,0.98,0.14,0.13,2.81,0.06,0.43,1.73,0.27,0.48,0.12,0.28,0.51,0.71
3,0.56,0.51,0.48,0.56,0.64,0.11,0.69,0.19,0.95,0.12,-1.21,-0.33,0.18,0.17,19.86,0.13,0.53,5.33,0.35,0.72,0.13,0.36,0.72,0.83
3,0.56,0.51,0.48,0.56,0.64,0.11,0.69,0.19,0.95,0.12,-1.21,-0.33,0.18,0.17,19.86,0.13,0.53,5.33,0.35,0.72,0.13,0.36,0.72,0.83
3,0.56,0.51,0.48,0.56,0.64,0.11,0.69,0.19,0.95,0.12,-1.21,-0.33,0.18,0.17,19.86,0.13,0.53,5.33,0.35,0.72,0.13,0.36,0.72,0.83
3,0.56,0.51,0.48,0.56,0.64,0.11,0.69,0.19,0.95,0.12,-1.21,-0.33,0.18,0.17,19.86,0.13,0.53,5.33,0.35,0.72,0.13,0.36,0.72,0.83
3,0.56,0.51,0.48,0.56,0.64,0.11,0.69,0.19,0.95,0.12,-1.21,-0.33,0.18,0.17,19.86,0.13,0.53,5.33,0.35,0.72,0.13,0.36,0.72,0.83
3,0.56,0.51,0.48,0.56,0.64,0.11,0.69,0.19,0.95,0.12,-1.21,-0.33,0.18,0.17,19.86,0.13,0.53,5.33,0.35,0.72,0.13,0.36,0.72,0.83
3,0.56,0.51,0.48,0.56,0.64,0.11,0.69,0.19,0.95,0.12,-1.21,-0.33,0.18,0.17,19.86,0.13,0.53,5.33,0.35,0.72,0.13,0.36,0.72,0.83
3,0.56,0.51,0.48,0.56,0.64,0.11,0.69,0.19,0.95,0.12,-1.21,-0.33,0.18,0.17,19.86,0.13,0.53,5.33,0.35,0.72,0.13,0.36,0.72,0.83
3,0.56,0.51,0.48,0.56,0.64,0.11,0.69,0.19,0.95,0.12,-1.21,-0.33,0.18,0.17,19.86,0.13,0.53,5.33,0.35,0.72,0.13,0.36,0.72,0.83
3,0.56,0.51,0.48,0.56,0.64,0.11,0.69,0.19,0.95,0.12,-1.21,-0.33,0.18,0.17,19.86,0.13,0.53,5.33,0.35,0.72,0.13,0.36,0.72,0.83
3,0.56,0.51,0.48,0.56,0.64,0.11,0.69,0.19,0.95,0.12,-1.21,-0.33,0.18,0.17,19.86,0.13,0.53,5.33,0.35,0.72,0.13,0.36,0.72,0.83
3,0.56,0.51,0.48,0.56,0.64,0.11,0.69,0.19,0.95,0.12,-1.21,-0.33,0.18,0.17,19.86,0.13,0.53,5.33,0.35,0.72,0.13,0.36,0.72,0.83
3,0.37,0.66,0.31,0.54,0.27,0.2,0.81,0.3,0.92,0.15,1.13,-0.6,0.2,0.21,6.81,0.14,0.27,5.61,0.31,0.82,0.2,0.31,0.82,0.83
3,0.37,0.66,0.31,0.54,0.27,0.2,0.81,0.3,0.92,0.15,1.13,-0.6,0.2,0.21,6.81,0.14,0.27,5.61,0.31,0.82,0.2,0.31,0.82,0.83
3,0.37,0.66,0.31,0.54,0.27,0.2,0.81,0.3,0.92,0.15,1.13,-0.6,0.2,0.21,6.81,0.14,0.27,5.61,0.31,0.82,0.2,0.31,0.82,0.83
3,0.37,0.66,0.31,0.54,0.27,0.2,0.81,0.3,0.92,0.15,1.13,-0.6,0.2,0.21,6.81,0.14,0.27,5.61,0.31,0.82,0.2,0.31,0.82,0.83
3,0.37,0.66,0.31,0.54,0.27,0.2,0.81,0.3,0.92,0.15,1.13,-0.6,0.2,0.21,6.81,0.14,0.27,5.61,0.31,0.82,0.2,0.31,0.82,0.83
3,0.37,0.66,0.31,0.54,0.27,0.2,0.81,0.3,0.92,0.15,1.13,-0.6,0.2,0.21,6.81,0.14,0.27,5.61,0.31,0.82,0.2,0.31,0.82,0.83
3,0.37,0.66,0.31,0.54,0.27,0.2,0.81,0.3,0.92,0.15,1.13,-0.6,0.2,0.21,6.81,0.14,0.27,5.61,0.31,0.82,0.2,0.31,0.82,0.83
3,0.37,0.66,0.31,0.54,0.27,0.2,0.81,0.3,0.92,0.15,1.13,-0.6,0.2,0.21,6.81,0.14,0.27,5.61,0.31,0.82,0.2,0.31,0.82,0.83
3,0.37,0.66,0.31,0.54,0.27,0.2,0.81,0.3,0.92,0.15,1.13,-0.6,0.2,0.21,6.81,0.14,0.27,5.61,0.31,0.82,0.2,0.31,0.82,0.83
3,0.37,0.66,0.31,0.54,0.27,0.2,0.81,0.3,0.92,0.15,1.13,-0.6,0.2,0.21,6.81,0.14,0.27,5.61,0.31,0.82,0.2,0.31,0.82,0.83
3,0.37,0.66,0.31,0.54,0.27,0.2,0.81,0.3,0.92,0.15,1.13,-0.6,0.2,0.21,6.81,0.14,0.27,5.61,0.31,0.82,0.2,0.31,0.82,0.83
3,0.37,0.66,0.31,0.54,0.27,0.2,0.81,0.3,0.92,0.15,1.13,-0.6,0.2,0.21,6.81,0.14,0.27,5.61,0.31,0.82,0.2,0.31,0.82,0.83
3,0.23,0.51,0.33,0.51,0.37,0.13,0.6,0.05,0.98,0.14,0.32,-0.26,0.14,0.13,27.09,0.15,0.32,10.62,0.24,0.48,0.14,0.23,0.46,0.59
3,0.23,0.51,0.33,0.51,0.37,0.13,0.6,0.05,0.98,0.14,0.32,-0.26,0.14,0.13,27.09,0.15,0.32,10.62,0.24,0.48,0.14,0.23,0.46,0.59
3,0.23,0.51,0.33,0.51,0.37,0.13,0.6,0.05,0.98,0.14,0.32,-0.26,0.14,0.13,27.09,0.15,0.32,10.62,0.24,0.48,0.14,0.23,0.46,0.59
3,0.23,0.51,0.33,0.51,0.37,0.13,0.6,0.05,0.98,0.14,0.32,-0.26,0.14,0.13,27.09,0.15,0.32,10.62,0.24,0.48,0.14,0.23,0.46,0.59
3,0.23,0.51,0.33,0.51,0.37,0.13,0.6,0.05,0.98,0.14,0.32,-0.26,0.14,0.13,27.09,0.15,0.32,10.62,0.24,0.48,0.14,0.23,0.46,0.59
3,0.23,0.51,0.33,0.51,0.37,0.13,0.6,0.05,0.98,0.14,0.32,-0.26,0.14,0.13,27.09,0.15,0.32,10.62,0.24,0.48,0.14,0.23,0.46,0.59
3,0.23,0.51,0.33,0.51,0.37,0.13,0.6,0.05,0.98,0.14,0.32,-0.26,0.14,0.13,27.09,0.15,0.32,10.62,0.24,0.48,0.14,0.23,0.46,0.59
3,0.23,0.51,0.33,0.51,0.37,0.13,0.6,0.05,0.98,0.14,0.32,-0.26,0.14,0.13,27.09,0.15,0.32,10.62,0.24,0.48,0.14,0.23,0.46,0.59
3,0.23,0.51,0.33,0.51,0.37,0.13,0.6,0.05,0.98,0.14,0.32,-0.26,0.14,0.13,27.09,0.15,0.32,10.62,0.24,0.48,0.14,0.23,0.46,0.59
3,0.23,0.51,0.33,0.51,0.37,0.13,0.6,0.05,0.98,0.14,0.32,-0.26,0.14,0.13,27.09,0.15,0.32,10.62,0.24,0.48,0.14,0.23,0.46,0.59
3,0.23,0.51,0.33,0.51,0.37,0.13,0.6,0.05,0.98,0.14,0.32,-0.26,0.14,0.13,27.09,0.15,0.32,10.62,0.24,0.48,0.14,0.23,0.46,0.59
3,0.23,0.51,0.33,0.51,0.37,0.13,0.6,0.05,0.98,0.14,0.32,-0.26,0.14,0.13,27.09,0.15,0.32,10.62,0.24,0.48,0.14,0.23,0.46,0.59
3,0.06,0.47,0.19,0.44,0.37,0.17,0.67,0.21,0.93,0.14,0.43,0.17,0.18,0.18,4.54,0.14,0.37,2.55,0.33,0.79,0.17,0.3,0.77,0.86
3,0.06,0.47,0.19,0.44,0.37,0.17,0.67,0.21,0.93,0.14,0.43,0.17,0.18,0.18,4.54,0.14,0.37,2.55,0.33,0.79,0.17,0.3,0.77,0.86
3,0.06,0.47,0.19,0.44,0.37,0.17,0.67,0.21,0.93,0.14,0.43,0.17,0.18,0.18,4.54,0.14,0.37,2.55,0.33,0.79,0.17,0.3,0.77,0.86
3,0.06,0.47,0.19,0.44,0.37,0.17,0.67,0.21,0.93,0.14,0.43,0.17,0.18,0.18,4.54,0.14,0.37,2.55,0.33,0.79,0.17,0.3,0.77,0.86
3,0.06,0.47,0.19,0.44,0.37,0.17,0.67,0.21,0.93,0.14,0.43,0.17,0.18,0.18,4.54,0.14,0.37,2.55,0.33,0.79,0.17,0.3,0.77,0.86
3,0.06,0.47,0.19,0.44,0.37,0.17,0.67,0.21,0.93,0.14,0.43,0.17,0.18,0.18,4.54,0.14,0.37,2.55,0.33,0.79,0.17,0.3,0.77,0.86
3,0.06,0.47,0.19,0.44,0.37,0.17,0.67,0.21,0.93,0.14,0.43,0.17,0.18,0.18,4.54,0.14,0.37,2.55,0.33,0.79,0.17,0.3,0.77,0.86
3,0.06,0.47,0.19,0.44,0.37,0.17,0.67,0.21,0.93,0.14,0.43,0.17,0.18,0.18,4.54,0.14,0.37,2.55,0.33,0.79,0.17,0.3,0.77,0.86
3,0.06,0.47,0.19,0.44,0.37,0.17,0.67,0.21,0.93,0.14,0.43,0.17,0.18,0.18,4.54,0.14,0.37,2.55,0.33,0.79,0.17,0.3,0.77,0.86
3,0.06,0.47,0.19,0.44,0.37,0.17,0.67,0.21,0.93,0.14,0.43,0.17,0.18,0.18,4.54,0.14,0.37,2.55,0.33,0.79,0.17,0.3,0.77,0.86
3,0.06,0.47,0.19,0.44,0.37,0.17,0.67,0.21,0.93,0.14,0.43,0.17,0.18,0.18,4.54,0.14,0.37,2.55,0.33,0.79,0.17,0.3,0.77,0.86
3,0.06,0.47,0.19,0.44,0.37,0.17,0.67,0.21,0.93,0.14,0.43,0.17,0.18,0.18,4.54,0.14,0.37,2.55,0.33,0.79,0.17,0.3,0.77,0.86
3,0.25,0.45,0.41,0.49,0.45,0.13,0.69,0.89,0.83,0.16,-0.35,-0.04,0.13,0.14,8.41,0.18,0.53,1.42,0.33,0.83,0.17,0.33,0.83,0.86
3,0.25,0.45,0.41,0.49,0.45,0.13,0.69,0.89,0.83,0.16,-0.35,-0.04,0.13,0.14,8.41,0.18,0.53,1.42,0.33,0.83,0.17,0.33,0.83,0.86
3,0.25,0.45,0.41,0.49,0.45,0.13,0.69,0.89,0.83,0.16,-0.35,-0.04,0.13,0.14,8.41,0.18,0.53,1.42,0.33,0.83,0.17,0.33,0.83,0.86
3,0.25,0.45,0.41,0.49,0.45,0.13,0.69,0.89,0.83,0.16,-0.35,-0.04,0.13,0.14,8.41,0.18,0.53,1.42,0.33,0.83,0.17,0.33,0.83,0.86
3,0.25,0.45,0.41,0.49,0.45,0.13,0.69,0.89,0.83,0.16,-0.35,-0.04,0.13,0.14,8.41,0.18,0.53,1.42,0.33,0.83,0.17,0.33,0.83,0.86
3,0.25,0.45,0.41,0.49,0.45,0.13,0.69,0.89,0.83,0.16,-0.35,-0.04,0.13,0.14,8.41,0.18,0.53,1.42,0.33,0.83,0.17,0.33,0.83,0.86
3,0.25,0.45,0.41,0.49,0.45,0.13,0.69,0.89,0.83,0.16,-0.35,-0.04,0.13,0.14,8.41,0.18,0.53,1.42,0.33,0.83,0.17,0.33,0.83,0.86
3,0.25,0.45,0.41,0.49,0.45,0.13,0.69,0.89,0.83,0.16,-0.35,-0.04,0.13,0.14,8.41,0.18,0.53,1.42,0.33,0.83,0.17,0.33,0.83,0.86
3,0.25,0.45,0.41,0.49,0.45,0.13,0.69,0.89,0.83,0.16,-0.35,-0.04,0.13,0.14,8.41,0.18,0.53,1.42,0.33,0.83,0.17,0.33,0.83,0.86
3,0.25,0.45,0.41,0.49,0.45,0.13,0.69,0.89,0.83,0.16,-0.35,-0.04,0.13,0.14,8.41,0.18,0.53,1.42,0.33,0.83,0.17,0.33,0.83,0.86
3,0.25,0.45,0.41,0.49,0.45,0.13,0.69,0.89,0.83,0.16,-0.35,-0.04,0.13,0.14,8.41,0.18,0.53,1.42,0.33,0.83,0.17,0.33,0.83,0.86
3,0.25,0.45,0.41,0.49,0.45,0.13,0.69,0.89,0.83,0.16,-0.35,-0.04,0.13,0.14,8.41,0.18,0.53,1.42,0.33,0.83,0.17,0.33,0.83,0.86
3,0.23,0.42,0.05,0.53,0.62,0.15,0.54,0.14,0.94,0.13,1.28,0.88,0.11,0.1,3.7,0.12,0.49,3.97,0.33,0.58,0.08,0.31,0.55,0.77
3,0.23,0.42,0.05,0.53,0.62,0.15,0.54,0.14,0.94,0.13,1.28,0.88,0.11,0.1,3.7,0.12,0.49,3.97,0.33,0.58,0.08,0.31,0.55,0.77
3,0.23,0.42,0.05,0.53,0.62,0.15,0.54,0.14,0.94,0.13,1.28,0.88,0.11,0.1,3.7,0.12,0.49,3.97,0.33,0.58,0.08,0.31,0.55,0.77
3,0.23,0.42,0.05,0.53,0.62,0.15,0.54,0.14,0.94,0.13,1.28,0.88,0.11,0.1,3.7,0.12,0.49,3.97,0.33,0.58,0.08,0.31,0.55,0.77
3,0.23,0.42,0.05,0.53,0.62,0.15,0.54,0.14,0.94,0.13,1.28,0.88,0.11,0.1,3.7,0.12,0.49,3.97,0.33,0.58,0.08,0.31,0.55,0.77
3,0.23,0.42,0.05,0.53,0.62,0.15,0.54,0.14,0.94,0.13,1.28,0.88,0.11,0.1,3.7,0.12,0.49,3.97,0.33,0.58,0.08,0.31,0.55,0.77
3,0.23,0.42,0.05,0.53,0.62,0.15,0.54,0.14,0.94,0.13,1.28,0.88,0.11,0.1,3.7,0.12,0.49,3.97,0.33,0.58,0.08,0.31,0.55,0.77
3,0.23,0.42,0.05,0.53,0.62,0.15,0.54,0.14,0.94,0.13,1.28,0.88,0.11,0.1,3.7,0.12,0.49,3.97,0.33,0.58,0.08,0.31,0.55,0.77
3,0.23,0.42,0.05,0.53,0.62,0.15,0.54,0.14,0.94,0.13,1.28,0.88,0.11,0.1,3.7,0.12,0.49,3.97,0.33,0.58,0.08,0.31,0.55,0.77
3,0.23,0.42,0.05,0.53,0.62,0.15,0.54,0.14,0.94,0.13,1.28,0.88,0.11,0.1,3.7,0.12,0.49,3.97,0.33,0.58,0.08,0.31,0.55,0.77
3,0.23,0.42,0.05,0.53,0.62,0.15,0.54,0.14,0.94,0.13,1.28,0.88,0.11,0.1,3.7,0.12,0.49,3.97,0.33,0.58,0.08,0.31,0.55,0.77
3,0.23,0.42,0.05,0.53,0.62,0.15,0.54,0.14,0.94,0.13,1.28,0.88,0.11,0.1,3.7,0.12,0.49,3.97,0.33,0.58,0.08,0.31,0.55,0.77
3,0.47,0.42,0.14,0.4,0.32,0.15,0.64,0.09,0.96,0.14,1.41,0.96,0.12,0.12,2.73,0.13,0.36,3.5,0.34,0.61,0.14,0.31,0.57,0.77
3,0.47,0.42,0.14,0.4,0.32,0.15,0.64,0.09,0.96,0.14,1.41,0.96,0.12,0.12,2.73,0.13,0.36,3.5,0.34,0.61,0.14,0.31,0.57,0.77
3,0.47,0.42,0.14,0.4,0.32,0.15,0.64,0.09,0.96,0.14,1.41,0.96,0.12,0.12,2.73,0.13,0.36,3.5,0.34,0.61,0.14,0.31,0.57,0.77
3,0.47,0.42,0.14,0.4,0.32,0.15,0.64,0.09,0.96,0.14,1.41,0.96,0.12,0.12,2.73,0.13,0.36,3.5,0.34,0.61,0.14,0.31,0.57,0.77
3,0.47,0.42,0.14,0.4,0.32,0.15,0.64,0.09,0.96,0.14,1.41,0.96,0.12,0.12,2.73,0.13,0.36,3.5,0.34,0.61,0.14,0.31,0.57,0.77
3,0.47,0.42,0.14,0.4,0.32,0.15,0.64,0.09,0.96,0.14,1.41,0.96,0.12,0.12,2.73,0.13,0.36,3.5,0.34,0.61,0.14,0.31,0.57,0.77
3,0.47,0.42,0.14,0.4,0.32,0.15,0.64,0.09,0.96,0.14,1.41,0.96,0.12,0.12,2.73,0.13,0.36,3.5,0.34,0.61,0.14,0.31,0.57,0.77
3,0.47,0.42,0.14,0.4,0.32,0.15,0.64,0.09,0.96,0.14,1.41,0.96,0.12,0.12,2.73,0.13,0.36,3.5,0.34,0.61,0.14,0.31,0.57,0.77
3,0.47,0.42,0.14,0.4,0.32,0.15,0.64,0.09,0.96,0.14,1.41,0.96,0.12,0.12,2.73,0.13,0.36,3.5,0.34,0.61,0.14,0.31,0.57,0.77
3,0.47,0.42,0.14,0.4,0.32,0.15,0.64,0.09,0.96,0.14,1.41,0.96,0.12,0.12,2.73,0.13,0.36,3.5,0.34,0.61,0.14,0.31,0.57,0.77
3,0.47,0.42,0.14,0.4,0.32,0.15,0.64,0.09,0.96,0.14,1.41,0.96,0.12,0.12,2.73,0.13,0.36,3.5,0.34,0.61,0.14,0.31,0.57,0.77
3,0.47,0.42,0.14,0.4,0.32,0.15,0.64,0.09,0.96,0.14,1.41,0.96,0.12,0.12,2.73,0.13,0.36,3.5,0.34,0.61,0.14,0.31,0.57,0.77
3,0.13,0.45,0.28,0.54,0.57,0.2,0.76,0.42,0.8,0.19,0.52,0.17,0.25,0.25,17.22,0.23,0.56,35.81,0.15,0.97,0.14,0.13,0.97,0.98
3,0.13,0.45,0.28,0.54,0.57,0.2,0.76,0.42,0.8,0.19,0.52,0.17,0.25,0.25,17.22,0.23,0.56,35.81,0.15,0.97,0.14,0.13,0.97,0.98
3,0.13,0.45,0.28,0.54,0.57,0.2,0.76,0.42,0.8,0.19,0.52,0.17,0.25,0.25,17.22,0.23,0.56,35.81,0.15,0.97,0.14,0.13,0.97,0.98
3,0.13,0.45,0.28,0.54,0.57,0.2,0.76,0.42,0.8,0.19,0.52,0.17,0.25,0.25,17.22,0.23,0.56,35.81,0.15,0.97,0.14,0.13,0.97,0.98
3,0.13,0.45,0.28,0.54,0.57,0.2,0.76,0.42,0.8,0.19,0.52,0.17,0.25,0.25,17.22,0.23,0.56,35.81,0.15,0.97,0.14,0.13,0.97,0.98
3,0.13,0.45,0.28,0.54,0.57,0.2,0.76,0.42,0.8,0.19,0.52,0.17,0.25,0.25,17.22,0.23,0.56,35.81,0.15,0.97,0.14,0.13,0.97,0.98
3,0.13,0.45,0.28,0.54,0.57,0.2,0.76,0.42,0.8,0.19,0.52,0.17,0.25,0.25,17.22,0.23,0.56,35.81,0.15,0.97,0.14,0.13,0.97,0.98
3,0.13,0.45,0.28,0.54,0.57,0.2,0.76,0.42,0.8,0.19,0.52,0.17,0.25,0.25,17.22,0.23,0.56,35.81,0.15,0.97,0.14,0.13,0.97,0.98
3,0.13,0.45,0.28,0.54,0.57,0.2,0.76,0.42,0.8,0.19,0.52,0.17,0.25,0.25,17.22,0.23,0.56,35.81,0.15,0.97,0.14,0.13,0.97,0.98
3,0.13,0.45,0.28,0.54,0.57,0.2,0.76,0.42,0.8,0.19,0.52,0.17,0.25,0.25,17.22,0.23,0.56,35.81,0.15,0.97,0.14,0.13,0.97,0.98
3,0.13,0.45,0.28,0.54,0.57,0.2,0.76,0.42,0.8,0.19,0.52,0.17,0.25,0.25,17.22,0.23,0.56,35.81,0.15,0.97,0.14,0.13,0.97,0.98
3,0.13,0.45,0.28,0.54,0.57,0.2,0.76,0.42,0.8,0.19,0.52,0.17,0.25,0.25,17.22,0.23,0.56,35.81,0.15,0.97,0.14,0.13,0.97,0.98
3,0.18,0.46,0.34,0.52,0.51,0.12,0.67,0.18,0.95,0.13,-0.86,-0.38,0.17,0.17,10.85,0.14,0.6,10.98,0.35,0.72,0.15,0.34,0.7,0.82
3,0.18,0.46,0.34,0.52,0.51,0.12,0.67,0.18,0.95,0.13,-0.86,-0.38,0.17,0.17,10.85,0.14,0.6,10.98,0.35,0.72,0.15,0.34,0.7,0.82
3,0.18,0.46,0.34,0.52,0.51,0.12,0.67,0.18,0.95,0.13,-0.86,-0.38,0.17,0.17,10.85,0.14,0.6,10.98,0.35,0.72,0.15,0.34,0.7,0.82
3,0.18,0.46,0.34,0.52,0.51,0.12,0.67,0.18,0.95,0.13,-0.86,-0.38,0.17,0.17,10.85,0.14,0.6,10.98,0.35,0.72,0.15,0.34,0.7,0.82
3,0.18,0.46,0.34,0.52,0.51,0.12,0.67,0.18,0.95,0.13,-0.86,-0.38,0.17,0.17,10.85,0.14,0.6,10.98,0.35,0.72,0.15,0.34,0.7,0.82
3,0.18,0.46,0.34,0.52,0.51,0.12,0.67,0.18,0.95,0.13,-0.86,-0.38,0.17,0.17,10.85,0.14,0.6,10.98,0.35,0.72,0.15,0.34,0.7,0.82
3,0.18,0.46,0.34,0.52,0.51,0.12,0.67,0.18,0.95,0.13,-0.86,-0.38,0.17,0.17,10.85,0.14,0.6,10.98,0.35,0.72,0.15,0.34,0.7,0.82
3,0.18,0.46,0.34,0.52,0.51,0.12,0.67,0.18,0.95,0.13,-0.86,-0.38,0.17,0.17,10.85,0.14,0.6,10.98,0.35,0.72,0.15,0.34,0.7,0.82
3,0.18,0.46,0.34,0.52,0.51,0.12,0.67,0.18,0.95,0.13,-0.86,-0.38,0.17,0.17,10.85,0.14,0.6,10.98,0.35,0.72,0.15,0.34,0.7,0.82
3,0.18,0.46,0.34,0.52,0.51,0.12,0.67,0.18,0.95,0.13,-0.86,-0.38,0.17,0.17,10.85,0.14,0.6,10.98,0.35,0.72,0.15,0.34,0.7,0.82
3,0.18,0.46,0.34,0.52,0.51,0.12,0.67,0.18,0.95,0.13,-0.86,-0.38,0.17,0.17,10.85,0.14,0.6,10.98,0.35,0.72,0.15,0.34,0.7,0.82
3,0.18,0.46,0.34,0.52,0.51,0.12,0.67,0.18,0.95,0.13,-0.86,-0.38,0.17,0.17,10.85,0.14,0.6,10.98,0.35,0.72,0.15,0.34,0.7,0.82
3,0.23,0.45,0.39,0.43,0.51,0.17,0.7,0.25,0.92,0.17,0.68,0.58,0.16,0.14,6.46,0.16,0.52,18.67,0.27,0.87,0.1,0.26,0.86,0.91
3,0.23,0.45,0.39,0.43,0.51,0.17,0.7,0.25,0.92,0.17,0.68,0.58,0.16,0.14,6.46,0.16,0.52,18.67,0.27,0.87,0.1,0.26,0.86,0.91
3,0.23,0.45,0.39,0.43,0.51,0.17,0.7,0.25,0.92,0.17,0.68,0.58,0.16,0.14,6.46,0.16,0.52,18.67,0.27,0.87,0.1,0.26,0.86,0.91
3,0.23,0.45,0.39,0.43,0.51,0.17,0.7,0.25,0.92,0.17,0.68,0.58,0.16,0.14,6.46,0.16,0.52,18.67,0.27,0.87,0.1,0.26,0.86,0.91
3,0.23,0.45,0.39,0.43,0.51,0.17,0.7,0.25,0.92,0.17,0.68,0.58,0.16,0.14,6.46,0.16,0.52,18.67,0.27,0.87,0.1,0.26,0.86,0.91
3,0.23,0.45,0.39,0.43,0.51,0.17,0.7,0.25,0.92,0.17,0.68,0.58,0.16,0.14,6.46,0.16,0.52,18.67,0.27,0.87,0.1,0.26,0.86,0.91
3,0.23,0.45,0.39,0.43,0.51,0.17,0.7,0.25,0.92,0.17,0.68,0.58,0.16,0.14,6.46,0.16,0.52,18.67,0.27,0.87,0.1,0.26,0.86,0.91
3,0.23,0.45,0.39,0.43,0.51,0.17,0.7,0.25,0.92,0.17,0.68,0.58,0.16,0.14,6.46,0.16,0.52,18.67,0.27,0.87,0.1,0.26,0.86,0.91
3,0.23,0.45,0.39,0.43,0.51,0.17,0.7,0.25,0.92,0.17,0.68,0.58,0.16,0.14,6.46,0.16,0.52,18.67,0.27,0.87,0.1,0.26,0.86,0.91
3,0.23,0.45,0.39,0.43,0.51,0.17,0.7,0.25,0.92,0.17,0.68,0.58,0.16,0.14,6.46,0.16,0.52,18.67,0.27,0.87,0.1,0.26,0.86,0.91
3,0.23,0.45,0.39,0.43,0.51,0.17,0.7,0.25,0.92,0.17,0.68,0.58,0.16,0.14,6.46,0.16,0.52,18.67,0.27,0.87,0.1,0.26,0.86,0.91
3,0.23,0.45,0.39,0.43,0.51,0.17,0.7,0.25,0.92,0.17,0.68,0.58,0.16,0.14,6.46,0.16,0.52,18.67,0.27,0.87,0.1,0.26,0.86,0.91
3,0.09,0.49,0.1,0.49,0.48,0.14,0.55,0.11,0.97,0.19,-0.04,0.16,0.24,0.21,18.84,0.26,0.51,37.36,0.37,0.72,0.17,0.31,0.65,0.8
3,0.09,0.49,0.1,0.49,0.48,0.14,0.55,0.11,0.97,0.19,-0.04,0.16,0.24,0.21,18.84,0.26,0.51,37.36,0.37,0.72,0.17,0.31,0.65,0.8
3,0.09,0.49,0.1,0.49,0.48,0.14,0.55,0.11,0.97,0.19,-0.04,0.16,0.24,0.21,18.84,0.26,0.51,37.36,0.37,0.72,0.17,0.31,0.65,0.8
3,0.09,0.49,0.1,0.49,0.48,0.14,0.55,0.11,0.97,0.19,-0.04,0.16,0.24,0.21,18.84,0.26,0.51,37.36,0.37,0.72,0.17,0.31,0.65,0.8
3,0.09,0.49,0.1,0.49,0.48,0.14,0.55,0.11,0.97,0.19,-0.04,0.16,0.24,0.21,18.84,0.26,0.51,37.36,0.37,0.72,0.17,0.31,0.65,0.8
3,0.09,0.49,0.1,0.49,0.48,0.14,0.55,0.11,0.97,0.19,-0.04,0.16,0.24,0.21,18.84,0.26,0.51,37.36,0.37,0.72,0.17,0.31,0.65,0.8
3,0.09,0.49,0.1,0.49,0.48,0.14,0.55,0.11,0.97,0.19,-0.04,0.16,0.24,0.21,18.84,0.26,0.51,37.36,0.37,0.72,0.17,0.31,0.65,0.8
3,0.09,0.49,0.1,0.49,0.48,0.14,0.55,0.11,0.97,0.19,-0.04,0.16,0.24,0.21,18.84,0.26,0.51,37.36,0.37,0.72,0.17,0.31,0.65,0.8
3,0.09,0.49,0.1,0.49,0.48,0.14,0.55,0.11,0.97,0.19,-0.04,0.16,0.24,0.21,18.84,0.26,0.51,37.36,0.37,0.72,0.17,0.31,0.65,0.8
3,0.09,0.49,0.1,0.49,0.48,0.14,0.55,0.11,0.97,0.19,-0.04,0.16,0.24,0.21,18.84,0.26,0.51,37.36,0.37,0.72,0.17,0.31,0.65,0.8
3,0.09,0.49,0.1,0.49,0.48,0.14,0.55,0.11,0.97,0.19,-0.04,0.16,0.24,0.21,18.84,0.26,0.51,37.36,0.37,0.72,0.17,0.31,0.65,0.8
3,0.09,0.49,0.1,0.49,0.48,0.14,0.55,0.11,0.97,0.19,-0.04,0.16,0.24,0.21,18.84,0.26,0.51,37.36,0.37,0.72,0.17,0.31,0.65,0.8
3,0.06,0.59,0.04,0.58,0.5,0.14,0.67,0.26,0.94,0.13,0.56,-0.29,0.18,0.15,3.07,0.22,0.57,5.51,0.37,0.79,0.11,0.31,0.75,0.82
3,0.06,0.59,0.04,0.58,0.5,0.14,0.67,0.26,0.94,0.13,0.56,-0.29,0.18,0.15,3.07,0.22,0.57,5.51,0.37,0.79,0.11,0.31,0.75,0.82
3,0.06,0.59,0.04,0.58,0.5,0.14,0.67,0.26,0.94,0.13,0.56,-0.29,0.18,0.15,3.07,0.22,0.57,5.51,0.37,0.79,0.11,0.31,0.75,0.82
3,0.06,0.59,0.04,0.58,0.5,0.14,0.67,0.26,0.94,0.13,0.56,-0.29,0.18,0.15,3.07,0.22,0.57,5.51,0.37,0.79,0.11,0.31,0.75,0.82
3,0.06,0.59,0.04,0.58,0.5,0.14,0.67,0.26,0.94,0.13,0.56,-0.29,0.18,0.15,3.07,0.22,0.57,5.51,0.37,0.79,0.11,0.31,0.75,0.82
3,0.06,0.59,0.04,0.58,0.5,0.14,0.67,0.26,0.94,0.13,0.56,-0.29,0.18,0.15,3.07,0.22,0.57,5.51,0.37,0.79,0.11,0.31,0.75,0.82
3,0.06,0.59,0.04,0.58,0.5,0.14,0.67,0.26,0.94,0.13,0.56,-0.29,0.18,0.15,3.07,0.22,0.57,5.51,0.37,0.79,0.11,0.31,0.75,0.82
3,0.06,0.59,0.04,0.58,0.5,0.14,0.67,0.26,0.94,0.13,0.56,-0.29,0.18,0.15,3.07,0.22,0.57,5.51,0.37,0.79,0.11,0.31,0.75,0.82
3,0.06,0.59,0.04,0.58,0.5,0.14,0.67,0.26,0.94,0.13,0.56,-0.29,0.18,0.15,3.07,0.22,0.57,5.51,0.37,0.79,0.11,0.31,0.75,0.82
3,0.06,0.59,0.04,0.58,0.5,0.14,0.67,0.26,0.94,0.13,0.56,-0.29,0.18,0.15,3.07,0.22,0.57,5.51,0.37,0.79,0.11,0.31,0.75,0.82
3,0.06,0.59,0.04,0.58,0.5,0.14,0.67,0.26,0.94,0.13,0.56,-0.29,0.18,0.15,3.07,0.22,0.57,5.51,0.37,0.79,0.11,0.31,0.75,0.82
3,0.06,0.59,0.04,0.58,0.5,0.14,0.67,0.26,0.94,0.13,0.56,-0.29,0.18,0.15,3.07,0.22,0.57,5.51,0.37,0.79,0.11,0.31,0.75,0.82
3,0.06,0.56,0.06,0.7,0.64,0.12,0.75,0.12,0.96,0.16,-1.91,-1.79,0.21,0.24,23.76,0.15,0.53,21.82,0.33,0.79,0.17,0.3,0.76,0.89
3,0.06,0.56,0.06,0.7,0.64,0.12,0.75,0.12,0.96,0.16,-1.91,-1.79,0.21,0.24,23.76,0.15,0.53,21.82,0.33,0.79,0.17,0.3,0.76,0.89
3,0.06,0.56,0.06,0.7,0.64,0.12,0.75,0.12,0.96,0.16,-1.91,-1.79,0.21,0.24,23.76,0.15,0.53,21.82,0.33,0.79,0.17,0.3,0.76,0.89
3,0.06,0.56,0.06,0.7,0.64,0.12,0.75,0.12,0.96,0.16,-1.91,-1.79,0.21,0.24,23.76,0.15,0.53,21.82,0.33,0.79,0.17,0.3,0.76,0.89
3,0.06,0.56,0.06,0.7,0.64,0.12,0.75,0.12,0.96,0.16,-1.91,-1.79,0.21,0.24,23.76,0.15,0.53,21.82,0.33,0.79,0.17,0.3,0.76,0.89
3,0.06,0.56,0.06,0.7,0.64,0.12,0.75,0.12,0.96,0.16,-1.91,-1.79,0.21,0.24,23.76,0.15,0.53,21.82,0.33,0.79,0.17,0.3,0.76,0.89
3,0.06,0.56,0.06,0.7,0.64,0.12,0.75,0.12,0.96,0.16,-1.91,-1.79,0.21,0.24,23.76,0.15,0.53,21.82,0.33,0.79,0.17,0.3,0.76,0.89
3,0.06,0.56,0.06,0.7,0.64,0.12,0.75,0.12,0.96,0.16,-1.91,-1.79,0.21,0.24,23.76,0.15,0.53,21.82,0.33,0.79,0.17,0.3,0.76,0.89
3,0.06,0.56,0.06,0.7,0.64,0.12,0.75,0.12,0.96,0.16,-1.91,-1.79,0.21,0.24,23.76,0.15,0.53,21.82,0.33,0.79,0.17,0.3,0.76,0.89
3,0.06,0.56,0.06,0.7,0.64,0.12,0.75,0.12,0.96,0.16,-1.91,-1.79,0.21,0.24,23.76,0.15,0.53,21.82,0.33,0.79,0.17,0.3,0.76,0.89
3,0.06,0.56,0.06,0.7,0.64,0.12,0.75,0.12,0.96,0.16,-1.91,-1.79,0.21,0.24,23.76,0.15,0.53,21.82,0.33,0.79,0.17,0.3,0.76,0.89
3,0.06,0.56,0.06,0.7,0.64,0.12,0.75,0.12,0.96,0.16,-1.91,-1.79,0.21,0.24,23.76,0.15,0.53,21.82,0.33,0.79,0.17,0.3,0.76,0.89
3,0.27,0.52,0.41,0.58,0.62,0.14,0.64,0.47,0.88,0.17,-0.83,-0.42,0.18,0.18,48.01,0.19,0.62,35.39,0.36,0.73,0.15,0.34,0.71,0.87
3,0.27,0.52,0.41,0.58,0.62,0.14,0.64,0.47,0.88,0.17,-0.83,-0.42,0.18,0.18,48.01,0.19,0.62,35.39,0.36,0.73,0.15,0.34,0.71,0.87
3,0.27,0.52,0.41,0.58,0.62,0.14,0.64,0.47,0.88,0.17,-0.83,-0.42,0.18,0.18,48.01,0.19,0.62,35.39,0.36,0.73,0.15,0.34,0.71,0.87
3,0.27,0.52,0.41,0.58,0.62,0.14,0.64,0.47,0.88,0.17,-0.83,-0.42,0.18,0.18,48.01,0.19,0.62,35.39,0.36,0.73,0.15,0.34,0.71,0.87
3,0.27,0.52,0.41,0.58,0.62,0.14,0.64,0.47,0.88,0.17,-0.83,-0.42,0.18,0.18,48.01,0.19,0.62,35.39,0.36,0.73,0.15,0.34,0.71,0.87
3,0.27,0.52,0.41,0.58,0.62,0.14,0.64,0.47,0.88,0.17,-0.83,-0.42,0.18,0.18,48.01,0.19,0.62,35.39,0.36,0.73,0.15,0.34,0.71,0.87
3,0.27,0.52,0.41,0.58,0.62,0.14,0.64,0.47,0.88,0.17,-0.83,-0.42,0.18,0.18,48.01,0.19,0.62,35.39,0.36,0.73,0.15,0.34,0.71,0.87
3,0.27,0.52,0.41,0.58,0.62,0.14,0.64,0.47,0.88,0.17,-0.83,-0.42,0.18,0.18,48.01,0.19,0.62,35.39,0.36,0.73,0.15,0.34,0.71,0.87
3,0.27,0.52,0.41,0.58,0.62,0.14,0.64,0.47,0.88,0.17,-0.83,-0.42,0.18,0.18,48.01,0.19,0.62,35.39,0.36,0.73,0.15,0.34,0.71,0.87
3,0.27,0.52,0.41,0.58,0.62,0.14,0.64,0.47,0.88,0.17,-0.83,-0.42,0.18,0.18,48.01,0.19,0.62,35.39,0.36,0.73,0.15,0.34,0.71,0.87
3,0.27,0.52,0.41,0.58,0.62,0.14,0.64,0.47,0.88,0.17,-0.83,-0.42,0.18,0.18,48.01,0.19,0.62,35.39,0.36,0.73,0.15,0.34,0.71,0.87
3,0.27,0.52,0.41,0.58,0.62,0.14,0.64,0.47,0.88,0.17,-0.83,-0.42,0.18,0.18,48.01,0.19,0.62,35.39,0.36,0.73,0.15,0.34,0.71,0.87
3,0.26,0.62,0.41,0.48,0.39,0.09,0.82,0.19,0.89,0.11,1.31,0.75,0.24,0.21,30.0,0.16,0.34,15.89,0.22,0.9,0.12,0.21,0.9,0.94
3,0.26,0.62,0.41,0.48,0.39,0.09,0.82,0.19,0.89,0.11,1.31,0.75,0.24,0.21,30.0,0.16,0.34,15.89,0.22,0.9,0.12,0.21,0.9,0.94
3,0.26,0.62,0.41,0.48,0.39,0.09,0.82,0.19,0.89,0.11,1.31,0.75,0.24,0.21,30.0,0.16,0.34,15.89,0.22,0.9,0.12,0.21,0.9,0.94
3,0.26,0.62,0.41,0.48,0.39,0.09,0.82,0.19,0.89,0.11,1.31,0.75,0.24,0.21,30.0,0.16,0.34,15.89,0.22,0.9,0.12,0.21,0.9,0.94
3,0.26,0.62,0.41,0.48,0.39,0.09,0.82,0.19,0.89,0.11,1.31,0.75,0.24,0.21,30.0,0.16,0.34,15.89,0.22,0.9,0.12,0.21,0.9,0.94
3,0.26,0.62,0.41,0.48,0.39,0.09,0.82,0.19,0.89,0.11,1.31,0.75,0.24,0.21,30.0,0.16,0.34,15.89,0.22,0.9,0.12,0.21,0.9,0.94
3,0.26,0.62,0.41,0.48,0.39,0.09,0.82,0.19,0.89,0.11,1.31,0.75,0.24,0.21,30.0,0.16,0.34,15.89,0.22,0.9,0.12,0.21,0.9,0.94
3,0.26,0.62,0.41,0.48,0.39,0.09,0.82,0.19,0.89,0.11,1.31,0.75,0.24,0.21,30.0,0.16,0.34,15.89,0.22,0.9,0.12,0.21,0.9,0.94
3,0.26,0.62,0.41,0.48,0.39,0.09,0.82,0.19,0.89,0.11,1.31,0.75,0.24,0.21,30.0,0.16,0.34,15.89,0.22,0.9,0.12,0.21,0.9,0.94
3,0.26,0.62,0.41,0.48,0.39,0.09,0.82,0.19,0.89,0.11,1.31,0.75,0.24,0.21,30.0,0.16,0.34,15.89,0.22,0.9,0.12,0.21,0.9,0.94
3,0.26,0.62,0.41,0.48,0.39,0.09,0.82,0.19,0.89,0.11,1.31,0.75,0.24,0.21,30.0,0.16,0.34,15.89,0.22,0.9,0.12,0.21,0.9,0.94
3,0.26,0.62,0.41,0.48,0.39,0.09,0.82,0.19,0.89,0.11,1.31,0.75,0.24,0.21,30.0,0.16,0.34,15.89,0.22,0.9,0.12,0.21,0.9,0.94
3,0.16,0.42,0.32,0.51,0.47,0.12,0.83,0.24,0.92,0.12,0.34,-0.52,0.19,0.19,31.92,0.15,0.45,6.99,0.29,0.86,0.15,0.28,0.85,0.9
3,0.16,0.42,0.32,0.51,0.47,0.12,0.83,0.24,0.92,0.12,0.34,-0.52,0.19,0.19,31.92,0.15,0.45,6.99,0.29,0.86,0.15,0.28,0.85,0.9
3,0.16,0.42,0.32,0.51,0.47,0.12,0.83,0.24,0.92,0.12,0.34,-0.52,0.19,0.19,31.92,0.15,0.45,6.99,0.29,0.86,0.15,0.28,0.85,0.9
3,0.16,0.42,0.32,0.51,0.47,0.12,0.83,0.24,0.92,0.12,0.34,-0.52,0.19,0.19,31.92,0.15,0.45,6.99,0.29,0.86,0.15,0.28,0.85,0.9
3,0.16,0.42,0.32,0.51,0.47,0.12,0.83,0.24,0.92,0.12,0.34,-0.52,0.19,0.19,31.92,0.15,0.45,6.99,0.29,0.86,0.15,0.28,0.85,0.9
3,0.16,0.42,0.32,0.51,0.47,0.12,0.83,0.24,0.92,0.12,0.34,-0.52,0.19,0.19,31.92,0.15,0.45,6.99,0.29,0.86,0.15,0.28,0.85,0.9
3,0.16,0.42,0.32,0.51,0.47,0.12,0.83,0.24,0.92,0.12,0.34,-0.52,0.19,0.19,31.92,0.15,0.45,6.99,0.29,0.86,0.15,0.28,0.85,0.9
3,0.16,0.42,0.32,0.51,0.47,0.12,0.83,0.24,0.92,0.12,0.34,-0.52,0.19,0.19,31.92,0.15,0.45,6.99,0.29,0.86,0.15,0.28,0.85,0.9
3,0.16,0.42,0.32,0.51,0.47,0.12,0.83,0.24,0.92,0.12,0.34,-0.52,0.19,0.19,31.92,0.15,0.45,6.99,0.29,0.86,0.15,0.28,0.85,0.9
3,0.16,0.42,0.32,0.51,0.47,0.12,0.83,0.24,0.92,0.12,0.34,-0.52,0.19,0.19,31.92,0.15,0.45,6.99,0.29,0.86,0.15,0.28,0.85,0.9
3,0.16,0.42,0.32,0.51,0.47,0.12,0.83,0.24,0.92,0.12,0.34,-0.52,0.19,0.19,31.92,0.15,0.45,6.99,0.29,0.86,0.15,0.28,0.85,0.9
3,0.16,0.42,0.32,0.51,0.47,0.12,0.83,0.24,0.92,0.12,0.34,-0.52,0.19,0.19,31.92,0.15,0.45,6.99,0.29,0.86,0.15,0.28,0.85,0.9
3,0.09,0.46,0.25,0.55,0.53,0.13,0.58,0.73,0.79,0.15,-0.71,-1.0,0.23,0.23,24.42,0.14,0.5,11.67,0.29,0.83,0.15,0.28,0.82,0.91
3,0.09,0.46,0.25,0.55,0.53,0.13,0.58,0.73,0.79,0.15,-0.71,-1.0,0.23,0.23,24.42,0.14,0.5,11.67,0.29,0.83,0.15,0.28,0.82,0.91
3,0.09,0.46,0.25,0.55,0.53,0.13,0.58,0.73,0.79,0.15,-0.71,-1.0,0.23,0.23,24.42,0.14,0.5,11.67,0.29,0.83,0.15,0.28,0.82,0.91
3,0.09,0.46,0.25,0.55,0.53,0.13,0.58,0.73,0.79,0.15,-0.71,-1.0,0.23,0.23,24.42,0.14,0.5,11.67,0.29,0.83,0.15,0.28,0.82,0.91
3,0.09,0.46,0.25,0.55,0.53,0.13,0.58,0.73,0.79,0.15,-0.71,-1.0,0.23,0.23,24.42,0.14,0.5,11.67,0.29,0.83,0.15,0.28,0.82,0.91
3,0.09,0.46,0.25,0.55,0.53,0.13,0.58,0.73,0.79,0.15,-0.71,-1.0,0.23,0.23,24.42,0.14,0.5,11.67,0.29,0.83,0.15,0.28,0.82,0.91
3,0.09,0.46,0.25,0.55,0.53,0.13,0.58,0.73,0.79,0.15,-0.71,-1.0,0.23,0.23,24.42,0.14,0.5,11.67,0.29,0.83,0.15,0.28,0.82,0.91
3,0.09,0.46,0.25,0.55,0.53,0.13,0.58,0.73,0.79,0.15,-0.71,-1.0,0.23,0.23,24.42,0.14,0.5,11.67,0.29,0.83,0.15,0.28,0.82,0.91
3,0.09,0.46,0.25,0.55,0.53,0.13,0.58,0.73,0.79,0.15,-0.71,-1.0,0.23,0.23,24.42,0.14,0.5,11.67,0.29,0.83,0.15,0.28,0.82,0.91
3,0.09,0.46,0.25,0.55,0.53,0.13,0.58,0.73,0.79,0.15,-0.71,-1.0,0.23,0.23,24.42,0.14,0.5,11.67,0.29,0.83,0.15,0.28,0.82,0.91
3,0.09,0.46,0.25,0.55,0.53,0.13,0.58,0.73,0.79,0.15,-0.71,-1.0,0.23,0.23,24.42,0.14,0.5,11.67,0.29,0.83,0.15,0.28,0.82,0.91
3,0.09,0.46,0.25,0.55,0.53,0.13,0.58,0.73,0.79,0.15,-0.71,-1.0,0.23,0.23,24.42,0.14,0.5,11.67,0.29,0.83,0.15,0.28,0.82,0.91
3,0.17,0.51,0.36,0.49,0.46,0.11,0.47,1.0,0.72,0.16,-0.45,-0.42,0.22,0.22,14.1,0.15,0.43,4.39,0.35,0.63,0.17,0.34,0.62,0.72
3,0.17,0.51,0.36,0.49,0.46,0.11,0.47,1.0,0.72,0.16,-0.45,-0.42,0.22,0.22,14.1,0.15,0.43,4.39,0.35,0.63,0.17,0.34,0.62,0.72
3,0.17,0.51,0.36,0.49,0.46,0.11,0.47,1.0,0.72,0.16,-0.45,-0.42,0.22,0.22,14.1,0.15,0.43,4.39,0.35,0.63,0.17,0.34,0.62,0.72
3,0.17,0.51,0.36,0.49,0.46,0.11,0.47,1.0,0.72,0.16,-0.45,-0.42,0.22,0.22,14.1,0.15,0.43,4.39,0.35,0.63,0.17,0.34,0.62,0.72
3,0.17,0.51,0.36,0.49,0.46,0.11,0.47,1.0,0.72,0.16,-0.45,-0.42,0.22,0.22,14.1,0.15,0.43,4.39,0.35,0.63,0.17,0.34,0.62,0.72
3,0.17,0.51,0.36,0.49,0.46,0.11,0.47,1.0,0.72,0.16,-0.45,-0.42,0.22,0.22,14.1,0.15,0.43,4.39,0.35,0.63,0.17,0.34,0.62,0.72
3,0.17,0.51,0.36,0.49,0.46,0.11,0.47,1.0,0.72,0.16,-0.45,-0.42,0.22,0.22,14.1,0.15,0.43,4.39,0.35,0.63,0.17,0.34,0.62,0.72
3,0.17,0.51,0.36,0.49,0.46,0.11,0.47,1.0,0.72,0.16,-0.45,-0.42,0.22,0.22,14.1,0.15,0.43,4.39,0.35,0.63,0.17,0.34,0.62,0.72
3,0.17,0.51,0.36,0.49,0.46,0.11,0.47,1.0,0.72,0.16,-0.45,-0.42,0.22,0.22,14.1,0.15,0.43,4.39,0.35,0.63,0.17,0.34,0.62,0.72
3,0.17,0.51,0.36,0.49,0.46,0.11,0.47,1.0,0.72,0.16,-0.45,-0.42,0.22,0.22,14.1,0.15,0.43,4.39,0.35,0.63,0.17,0.34,0.62,0.72
3,0.17,0.51,0.36,0.49,0.46,0.11,0.47,1.0,0.72,0.16,-0.45,-0.42,0.22,0.22,14.1,0.15,0.43,4.39,0.35,0.63,0.17,0.34,0.62,0.72
3,0.17,0.51,0.36,0.49,0.46,0.11,0.47,1.0,0.72,0.16,-0.45,-0.42,0.22,0.22,14.1,0.15,0.43,4.39,0.35,0.63,0.17,0.34,0.62,0.72
3,0.05,0.53,0.12,0.6,0.56,0.19,0.73,0.12,0.95,0.09,0.66,-0.38,0.18,0.15,4.62,0.12,0.39,1.11,0.3,0.84,0.12,0.27,0.81,0.91
3,0.05,0.53,0.12,0.6,0.56,0.19,0.73,0.12,0.95,0.09,0.66,-0.38,0.18,0.15,4.62,0.12,0.39,1.11,0.3,0.84,0.12,0.27,0.81,0.91
3,0.05,0.53,0.12,0.6,0.56,0.19,0.73,0.12,0.95,0.09,0.66,-0.38,0.18,0.15,4.62,0.12,0.39,1.11,0.3,0.84,0.12,0.27,0.81,0.91
3,0.05,0.53,0.12,0.6,0.56,0.19,0.73,0.12,0.95,0.09,0.66,-0.38,0.18,0.15,4.62,0.12,0.39,1.11,0.3,0.84,0.12,0.27,0.81,0.91
3,0.05,0.53,0.12,0.6,0.56,0.19,0.73,0.12,0.95,0.09,0.66,-0.38,0.18,0.15,4.62,0.12,0.39,1.11,0.3,0.84,0.12,0.27,0.81,0.91
3,0.05,0.53,0.12,0.6,0.56,0.19,0.73,0.12,0.95,0.09,0.66,-0.38,0.18,0.15,4.62,0.12,0.39,1.11,0.3,0.84,0.12,0.27,0.81,0.91
3,0.05,0.53,0.12,0.6,0.56,0.19,0.73,0.12,0.95,0.09,0.66,-0.38,0.18,0.15,4.62,0.12,0.39,1.11,0.3,0.84,0.12,0.27,0.81,0.91
3,0.05,0.53,0.12,0.6,0.56,0.19,0.73,0.12,0.95,0.09,0.66,-0.38,0.18,0.15,4.62,0.12,0.39,1.11,0.3,0.84,0.12,0.27,0.81,0.91
3,0.05,0.53,0.12,0.6,0.56,0.19,0.73,0.12,0.95,0.09,0.66,-0.38,0.18,0.15,4.62,0.12,0.39,1.11,0.3,0.84,0.12,0.27,0.81,0.91
3,0.05,0.53,0.12,0.6,0.56,0.19,0.73,0.12,0.95,0.09,0.66,-0.38,0.18,0.15,4.62,0.12,0.39,1.11,0.3,0.84,0.12,0.27,0.81,0.91
3,0.05,0.53,0.12,0.6,0.56,0.19,0.73,0.12,0.95,0.09,0.66,-0.38,0.18,0.15,4.62,0.12,0.39,1.11,0.3,0.84,0.12,0.27,0.81,0.91
3,0.05,0.53,0.12,0.6,0.56,0.19,0.73,0.12,0.95,0.09,0.66,-0.38,0.18,0.15,4.62,0.12,0.39,1.11,0.3,0.84,0.12,0.27,0.81,0.91
3,0.05,0.55,0.11,0.51,0.38,0.2,0.51,0.17,0.94,0.12,0.55,-0.23,0.19,0.19,7.31,0.16,0.4,1.58,0.34,0.56,0.2,0.31,0.5,0.75
3,0.05,0.55,0.11,0.51,0.38,0.2,0.51,0.17,0.94,0.12,0.55,-0.23,0.19,0.19,7.31,0.16,0.4,1.58,0.34,0.56,0.2,0.31,0.5,0.75
3,0.05,0.55,0.11,0.51,0.38,0.2,0.51,0.17,0.94,0.12,0.55,-0.23,0.19,0.19,7.31,0.16,0.4,1.58,0.34,0.56,0.2,0.31,0.5,0.75
3,0.05,0.55,0.11,0.51,0.38,0.2,0.51,0.17,0.94,0.12,0.55,-0.23,0.19,0.19,7.31,0.16,0.4,1.58,0.34,0.56,0.2,0.31,0.5,0.75
3,0.05,0.55,0.11,0.51,0.38,0.2,0.51,0.17,0.94,0.12,0.55,-0.23,0.19,0.19,7.31,0.16,0.4,1.58,0.34,0.56,0.2,0.31,0.5,0.75
3,0.05,0.55,0.11,0.51,0.38,0.2,0.51,0.17,0.94,0.12,0.55,-0.23,0.19,0.19,7.31,0.16,0.4,1.58,0.34,0.56,0.2,0.31,0.5,0.75
3,0.05,0.55,0.11,0.51,0.38,0.2,0.51,0.17,0.94,0.12,0.55,-0.23,0.19,0.19,7.31,0.16,0.4,1.58,0.34,0.56,0.2,0.31,0.5,0.75
3,0.05,0.55,0.11,0.51,0.38,0.2,0.51,0.17,0.94,0.12,0.55,-0.23,0.19,0.19,7.31,0.16,0.4,1.58,0.34,0.56,0.2,0.31,0.5,0.75
3,0.05,0.55,0.11,0.51,0.38,0.2,0.51,0.17,0.94,0.12,0.55,-0.23,0.19,0.19,7.31,0.16,0.4,1.58,0.34,0.56,0.2,0.31,0.5,0.75
3,0.05,0.55,0.11,0.51,0.38,0.2,0.51,0.17,0.94,0.12,0.55,-0.23,0.19,0.19,7.31,0.16,0.4,1.58,0.34,0.56,0.2,0.31,0.5,0.75
3,0.05,0.55,0.11,0.51,0.38,0.2,0.51,0.17,0.94,0.12,0.55,-0.23,0.19,0.19,7.31,0.16,0.4,1.58,0.34,0.56,0.2,0.31,0.5,0.75
3,0.05,0.55,0.11,0.51,0.38,0.2,0.51,0.17,0.94,0.12,0.55,-0.23,0.19,0.19,7.31,0.16,0.4,1.58,0.34,0.56,0.2,0.31,0.5,0.75
3,0.27,0.62,0.29,0.56,0.33,0.11,0.49,0.15,0.97,0.12,0.82,0.23,0.24,0.22,44.47,0.2,0.32,18.62,0.36,0.55,0.16,0.36,0.54,0.59
3,0.27,0.62,0.29,0.56,0.33,0.11,0.49,0.15,0.97,0.12,0.82,0.23,0.24,0.22,44.47,0.2,0.32,18.62,0.36,0.55,0.16,0.36,0.54,0.59
3,0.27,0.62,0.29,0.56,0.33,0.11,0.49,0.15,0.97,0.12,0.82,0.23,0.24,0.22,44.47,0.2,0.32,18.62,0.36,0.55,0.16,0.36,0.54,0.59
3,0.27,0.62,0.29,0.56,0.33,0.11,0.49,0.15,0.97,0.12,0.82,0.23,0.24,0.22,44.47,0.2,0.32,18.62,0.36,0.55,0.16,0.36,0.54,0.59
3,0.27,0.62,0.29,0.56,0.33,0.11,0.49,0.15,0.97,0.12,0.82,0.23,0.24,0.22,44.47,0.2,0.32,18.62,0.36,0.55,0.16,0.36,0.54,0.59
3,0.27,0.62,0.29,0.56,0.33,0.11,0.49,0.15,0.97,0.12,0.82,0.23,0.24,0.22,44.47,0.2,0.32,18.62,0.36,0.55,0.16,0.36,0.54,0.59
3,0.27,0.62,0.29,0.56,0.33,0.11,0.49,0.15,0.97,0.12,0.82,0.23,0.24,0.22,44.47,0.2,0.32,18.62,0.36,0.55,0.16,0.36,0.54,0.59
3,0.27,0.62,0.29,0.56,0.33,0.11,0.49,0.15,0.97,0.12,0.82,0.23,0.24,0.22,44.47,0.2,0.32,18.62,0.36,0.55,0.16,0.36,0.54,0.59
3,0.27,0.62,0.29,0.56,0.33,0.11,0.49,0.15,0.97,0.12,0.82,0.23,0.24,0.22,44.47,0.2,0.32,18.62,0.36,0.55,0.16,0.36,0.54,0.59
3,0.27,0.62,0.29,0.56,0.33,0.11,0.49,0.15,0.97,0.12,0.82,0.23,0.24,0.22,44.47,0.2,0.32,18.62,0.36,0.55,0.16,0.36,0.54,0.59
3,0.27,0.62,0.29,0.56,0.33,0.11,0.49,0.15,0.97,0.12,0.82,0.23,0.24,0.22,44.47,0.2,0.32,18.62,0.36,0.55,0.16,0.36,0.54,0.59
3,0.27,0.62,0.29,0.56,0.33,0.11,0.49,0.15,0.97,0.12,0.82,0.23,0.24,0.22,44.47,0.2,0.32,18.62,0.36,0.55,0.16,0.36,0.54,0.59
